x	y
8.660254037844385966e-01 1.432759909098055839e+00
8.671338833506316846e-01 1.434112341177677719e+00
8.682423629168248835e-01 1.435445996555578807e+00
8.693508424830179715e-01 1.436767581894879742e+00
8.704593220492110595e-01 1.438079490383280756e+00
8.715678016154041474e-01 1.439383105091954773e+00
8.726762811815973464e-01 1.440679359163381967e+00
8.737847607477904344e-01 1.441968937604044543e+00
8.748932403139835223e-01 1.443252371128989520e+00
8.760017198801767213e-01 1.444530086691982795e+00
8.771101994463698093e-01 1.445802437473986846e+00
8.782186790125628972e-01 1.447069721970784650e+00
8.793271585787559852e-01 1.448332196803493899e+00
8.804356381449491842e-01 1.449590085681794482e+00
8.815441177111422721e-01 1.450843585889795895e+00
8.826525972773353601e-01 1.452092873111378690e+00
8.837610768435285591e-01 1.453338105104836853e+00
8.848695564097216471e-01 1.454579424557407963e+00
8.859780359759147350e-01 1.455816961341079185e+00
8.870865155421078230e-01 1.457050834322100474e+00
8.881949951083010220e-01 1.458281152831716776e+00
8.893034746744941099e-01 1.459508017875571273e+00
8.904119542406871979e-01 1.460731523138623977e+00
8.915204338068803969e-01 1.461951755828007071e+00
8.926289133730734848e-01 1.463168797385955067e+00
8.937373929392665728e-01 1.464382724097479826e+00
8.948458725054596608e-01 1.465593607611973548e+00
8.959543520716528597e-01 1.466801515393799882e+00
8.970628316378459477e-01 1.468006511113852497e+00
8.981713112040390357e-01 1.469208654991659424e+00
8.992797907702322346e-01 1.470408004095789645e+00
9.003882703364253226e-01 1.471604612608880203e+00
9.014967499026184106e-01 1.472798532062463028e+00
9.026052294688114985e-01 1.473989811545880713e+00
9.037137090350046975e-01 1.475178497892856377e+00
9.048221886011977855e-01 1.476364635848695483e+00
9.059306681673908734e-01 1.477548268220635563e+00
9.070391477335840724e-01 1.478729436013465737e+00
9.081476272997771604e-01 1.479908178552216791e+00
9.092561068659702483e-01 1.481084533593473473e+00
9.103645864321633363e-01 1.482258537426621503e+00
9.114730659983565353e-01 1.483430224966177713e+00
9.125815455645496233e-01 1.484599629836181212e+00
9.136900251307427112e-01 1.485766784447511313e+00
9.147985046969359102e-01 1.486931720068866536e+00
9.159069842631289982e-01 1.488094466892065926e+00
9.170154638293220861e-01 1.489255054092239572e+00
9.181239433955151741e-01 1.490413509883410814e+00
9.192324229617083731e-01 1.491569861569917554e+00
9.203409025279014610e-01 1.492724135594061474e+00
9.214493820940945490e-01 1.493876357580335101e+00
9.225578616602877480e-01 1.495026552376536699e+00
9.236663412264808359e-01 1.496174744092047204e+00
9.247748207926739239e-01 1.497320956133519676e+00
9.258833003588670119e-01 1.498465211238197536e+00
9.269917799250602108e-01 1.499607531505064095e+00
9.281002594912532988e-01 1.500747938423999228e+00
9.292087390574463868e-01 1.501886452903105962e+00
9.303172186236394747e-01 1.503023095294349964e+00
9.314256981898326737e-01 1.504157885417645835e+00
9.325341777560257617e-01 1.505290842583506983e+00
9.336426573222188496e-01 1.506421985614369019e+00
9.347511368884120486e-01 1.507551332864685678e+00
9.358596164546051366e-01 1.508678902239880992e+00
9.369680960207982245e-01 1.509804711214249862e+00
9.380765755869913125e-01 1.510928776847870747e+00
9.391850551531845115e-01 1.512051115802607759e+00
9.402935347193775995e-01 1.513171744357257431e+00
9.414020142855706874e-01 1.514290678421903236e+00
9.425104938517638864e-01 1.515407933551528252e+00
9.436189734179569744e-01 1.516523524958932834e+00
9.447274529841500623e-01 1.517637467527006345e+00
9.458359325503431503e-01 1.518749775820390502e+00
9.469444121165363493e-01 1.519860464096574049e+00
9.480528916827294372e-01 1.520969546316452092e+00
9.491613712489225252e-01 1.522077036154386498e+00
9.502698508151157242e-01 1.523182947007793775e+00
9.513783303813088121e-01 1.524287292006289984e+00
9.524868099475019001e-01 1.525390084020419534e+00
9.535952895136949881e-01 1.526491335669988514e+00
9.547037690798881870e-01 1.527591059332031209e+00
9.558122486460812750e-01 1.528689267148422681e+00
9.569207282122743630e-01 1.529785971033166048e+00
9.580292077784675620e-01 1.530881182679363572e+00
9.591376873446606499e-01 1.531974913565894658e+00
9.602461669108537379e-01 1.533067174963816059e+00
9.613546464770468258e-01 1.534157977942494089e+00
9.624631260432400248e-01 1.535247333375491019e+00
9.635716056094331128e-01 1.536335251946209013e+00
9.646800851756262007e-01 1.537421744153314451e+00
9.657885647418193997e-01 1.538506820315942658e+00
9.668970443080124877e-01 1.539590490578704562e+00
9.680055238742055757e-01 1.540672764916496185e+00
9.691140034403986636e-01 1.541753653139127600e+00
9.702224830065918626e-01 1.542833164895776044e+00
9.713309625727849506e-01 1.543911309679272037e+00
9.724394421389780385e-01 1.544988096830228530e+00
9.735479217051712375e-01 1.546063535541018163e+00
9.746564012713643255e-01 1.547137634859607314e+00
9.757648808375574134e-01 1.548210403693251358e+00
9.768733604037505014e-01 1.549281850812061601e+00
9.779818399699437004e-01 1.550351984852444298e+00
9.790903195361367883e-01 1.551420814320421337e+00
9.801987991023298763e-01 1.552488347594837226e+00
9.813072786685230753e-01 1.553554592930456391e+00
9.824157582347161632e-01 1.554619558460955009e+00
9.835242378009092512e-01 1.555683252201814915e+00
9.846327173671023392e-01 1.556745682053118918e+00
9.857411969332955382e-01 1.557806855802258417e+00
9.868496764994886261e-01 1.558866781126547973e+00
9.879581560656817141e-01 1.559925465595760175e+00
9.890666356318749131e-01 1.560982916674577892e+00
9.901751151980680010e-01 1.562039141724967939e+00
9.912835947642610890e-01 1.563094148008483009e+00
9.923920743304541769e-01 1.564147942688489445e+00
9.935005538966473759e-01 1.565200532832328184e+00
9.946090334628404639e-01 1.566251925413408408e+00
9.957175130290335519e-01 1.567302127313240367e+00
9.968259925952267508e-01 1.568351145323404472e+00
9.979344721614198388e-01 1.569398986147461983e+00
9.990429517276129268e-01 1.570445656402813084e+00
1.000151431293806015e+00 1.571491162622495219e+00
1.001259910859999103e+00 1.572535511256933471e+00
1.002368390426192413e+00 1.573578708675638538e+00
1.003476869992385501e+00 1.574620761168857408e+00
1.004585349558578589e+00 1.575661674949176083e+00
1.005693829124771677e+00 1.576701456153078995e+00
1.006802308690964765e+00 1.577740110842463128e+00
1.007910788257157852e+00 1.578777645006111952e+00
1.009019267823350940e+00 1.579814064561128051e+00
1.010127747389544250e+00 1.580849375354327346e+00
1.011236226955737338e+00 1.581883583163594231e+00
1.012344706521930426e+00 1.582916693699203181e+00
1.013453186088123514e+00 1.583948712605103282e+00
1.014561665654316602e+00 1.584979645460167674e+00
1.015670145220509690e+00 1.586009497779414357e+00
1.016778624786702778e+00 1.587038275015191013e+00
1.017887104352896088e+00 1.588065982558332312e+00
1.018995583919089176e+00 1.589092625739284337e+00
1.020104063485282264e+00 1.590118209829205265e+00
1.021212543051475352e+00 1.591142740041032733e+00
1.022321022617668440e+00 1.592166221530530112e+00
1.023429502183861528e+00 1.593188659397300144e+00
1.024537981750054616e+00 1.594210058685781028e+00
1.025646461316247926e+00 1.595230424386211876e+00
1.026754940882441014e+00 1.596249761435577286e+00
1.027863420448634102e+00 1.597268074718529940e+00
1.028971900014827190e+00 1.598285369068289219e+00
1.030080379581020278e+00 1.599301649267519609e+00
1.031188859147213366e+00 1.600316920049186908e+00
1.032297338713406454e+00 1.601331186097395554e+00
1.033405818279599764e+00 1.602344452048207524e+00
1.034514297845792852e+00 1.603356722490437702e+00
1.035622777411985940e+00 1.604368001966436585e+00
1.036731256978179028e+00 1.605378294972851227e+00
1.037839736544372116e+00 1.606387605961370202e+00
1.038948216110565204e+00 1.607395939339451019e+00
1.040056695676758292e+00 1.608403299471032444e+00
1.041165175242951602e+00 1.609409690677229943e+00
1.042273654809144690e+00 1.610415117237015137e+00
1.043382134375337777e+00 1.611419583387882160e+00
1.044490613941530865e+00 1.612423093326497581e+00
1.045599093507723953e+00 1.613425651209337230e+00
1.046707573073917041e+00 1.614427261153308368e+00
1.047816052640110129e+00 1.615427927236359640e+00
1.048924532206303439e+00 1.616427653498077266e+00
1.050033011772496527e+00 1.617426443940267244e+00
1.051141491338689615e+00 1.618424302527529335e+00
1.052249970904882703e+00 1.619421233187813725e+00
1.053358450471075791e+00 1.620417239812969923e+00
1.054466930037268879e+00 1.621412326259282777e+00
1.055575409603461967e+00 1.622406496347998273e+00
1.056683889169655277e+00 1.623399753865836681e+00
1.057792368735848365e+00 1.624392102565496598e+00
1.058900848302041453e+00 1.625383546166150106e+00
1.060009327868234541e+00 1.626374088353925718e+00
1.061117807434427629e+00 1.627363732782382000e+00
1.062226287000620717e+00 1.628352483072972534e+00
1.063334766566813805e+00 1.629340342815501552e+00
1.064443246133007115e+00 1.630327315568570246e+00
1.065551725699200203e+00 1.631313404860014193e+00
1.066660205265393291e+00 1.632298614187333019e+00
1.067768684831586379e+00 1.633282947018111386e+00
1.068877164397779467e+00 1.634266406790430892e+00
1.069985643963972555e+00 1.635248996913276187e+00
1.071094123530165643e+00 1.636230720766930435e+00
1.072202603096358953e+00 1.637211581703367003e+00
1.073311082662552041e+00 1.638191583046629596e+00
1.074419562228745129e+00 1.639170728093209517e+00
1.075528041794938217e+00 1.640149020112411371e+00
1.076636521361131305e+00 1.641126462346717219e+00
1.077745000927324392e+00 1.642103058012138073e+00
1.078853480493517480e+00 1.643078810298564729e+00
1.079961960059710790e+00 1.644053722370107939e+00
1.081070439625903878e+00 1.645027797365434141e+00
1.082178919192096966e+00 1.646001038398095195e+00
1.083287398758290054e+00 1.646973448556852127e+00
1.084395878324483142e+00 1.647945030905993091e+00
1.085504357890676230e+00 1.648915788485644018e+00
1.086612837456869318e+00 1.649885724312077251e+00
1.087721317023062628e+00 1.650854841378011084e+00
1.088829796589255716e+00 1.651823142652906418e+00
1.089938276155448804e+00 1.652790631083257633e+00
1.091046755721641892e+00 1.653757309592877922e+00
1.092155235287834980e+00 1.654723181083179950e+00
1.093263714854028068e+00 1.655688248433452747e+00
1.094372194420221156e+00 1.656652514501131268e+00
1.095480673986414466e+00 1.657615982122064846e+00
1.096589153552607554e+00 1.658578654110777206e+00
1.097697633118800642e+00 1.659540533260726258e+00
1.098806112684993730e+00 1.660501622344556338e+00
1.099914592251186818e+00 1.661461924114347344e+00
1.101023071817379906e+00 1.662421441301859648e+00
1.102131551383572994e+00 1.663380176618775463e+00
1.103240030949766304e+00 1.664338132756935540e+00
1.104348510515959392e+00 1.665295312388572535e+00
1.105456990082152480e+00 1.666251718166538831e+00
1.106565469648345568e+00 1.667207352724534797e+00
1.107673949214538656e+00 1.668162218677328168e+00
1.108782428780731744e+00 1.669116318620974093e+00
1.109890908346924832e+00 1.670069655133028741e+00
1.110999387913118142e+00 1.671022230772761574e+00
1.112107867479311230e+00 1.671974048081363406e+00
1.113216347045504317e+00 1.672925109582149572e+00
1.114324826611697405e+00 1.673875417780764652e+00
1.115433306177890493e+00 1.674824975165378094e+00
1.116541785744083581e+00 1.675773784206880501e+00
1.117650265310276669e+00 1.676721847359075479e+00
1.118758744876469979e+00 1.677669167058871258e+00
1.119867224442663067e+00 1.678615745726462549e+00
1.120975704008856155e+00 1.679561585765518616e+00
1.122084183575049243e+00 1.680506689563361578e+00
1.123192663141242331e+00 1.681451059491145372e+00
1.124301142707435419e+00 1.682394697904030512e+00
1.125409622273628507e+00 1.683337607141356607e+00
1.126518101839821817e+00 1.684279789526813786e+00
1.127626581406014905e+00 1.685221247368608344e+00
1.128735060972207993e+00 1.686161982959629269e+00
1.129843540538401081e+00 1.687101998577610118e+00
1.130952020104594169e+00 1.688041296485290221e+00
1.132060499670787257e+00 1.688979878930570999e+00
1.133168979236980345e+00 1.689917748146672505e+00
1.134277458803173655e+00 1.690854906352287301e+00
1.135385938369366743e+00 1.691791355751729897e+00
1.136494417935559831e+00 1.692727098535087293e+00
1.137602897501752919e+00 1.693662136878364644e+00
1.138711377067946007e+00 1.694596472943631360e+00
1.139819856634139095e+00 1.695530108879161002e+00
1.140928336200332183e+00 1.696463046819575604e+00
1.142036815766525493e+00 1.697395288885980014e+00
1.143145295332718581e+00 1.698326837186102889e+00
1.144253774898911669e+00 1.699257693814427705e+00
1.145362254465104757e+00 1.700187860852328203e+00
1.146470734031297845e+00 1.701117340368197839e+00
1.147579213597490932e+00 1.702046134417579459e+00
1.148687693163684020e+00 1.702974245043292978e+00
1.149796172729877330e+00 1.703901674275561495e+00
1.150904652296070418e+00 1.704828424132132758e+00
1.152013131862263506e+00 1.705754496618404392e+00
1.153121611428456594e+00 1.706679893727542918e+00
1.154230090994649682e+00 1.707604617440603434e+00
1.155338570560842770e+00 1.708528669726645521e+00
1.156447050127035858e+00 1.709452052542850931e+00
1.157555529693229168e+00 1.710374767834636378e+00
1.158664009259422256e+00 1.711296817535766568e+00
1.159772488825615344e+00 1.712218203568466324e+00
1.160880968391808432e+00 1.713138927843528503e+00
1.161989447958001520e+00 1.714058992260423464e+00
1.163097927524194608e+00 1.714978398707406759e+00
1.164206407090387696e+00 1.715897149061622162e+00
1.165314886656581006e+00 1.716815245189208028e+00
1.166423366222774094e+00 1.717732688945398767e+00
1.167531845788967182e+00 1.718649482174626320e+00
1.168640325355160270e+00 1.719565626710621187e+00
1.169748804921353358e+00 1.720481124376510351e+00
1.170857284487546446e+00 1.721395976984914533e+00
1.171965764053739534e+00 1.722310186338045668e+00
1.173074243619932844e+00 1.723223754227800830e+00
1.174182723186125932e+00 1.724136682435856605e+00
1.175291202752319020e+00 1.725048972733761898e+00
1.176399682318512108e+00 1.725960626883029425e+00
1.177508161884705196e+00 1.726871646635225410e+00
1.178616641450898284e+00 1.727782033732060185e+00
1.179725121017091372e+00 1.728691789905474563e+00
1.180833600583284682e+00 1.729600916877728434e+00
1.181942080149477770e+00 1.730509416361485364e+00
1.183050559715670857e+00 1.731417290059899861e+00
1.184159039281863945e+00 1.732324539666697527e+00
1.185267518848057033e+00 1.733231166866261885e+00
1.186375998414250121e+00 1.734137173333712756e+00
1.187484477980443209e+00 1.735042560734990191e+00
1.188592957546636519e+00 1.735947330726931970e+00
1.189701437112829607e+00 1.736851484957352865e+00
1.190809916679022695e+00 1.737755025065124137e+00
1.191918396245215783e+00 1.738657952680248808e+00
1.193026875811408871e+00 1.739560269423938710e+00
1.194135355377601959e+00 1.740461976908689756e+00
1.195243834943795047e+00 1.741363076738354998e+00
1.196352314509988357e+00 1.742263570508219672e+00
1.197460794076181445e+00 1.743163459805072923e+00
1.198569273642374533e+00 1.744062746207279746e+00
1.199677753208567621e+00 1.744961431284851150e+00
1.200786232774760709e+00 1.745859516599515660e+00
1.201894712340953797e+00 1.746757003704787481e+00
1.203003191907146885e+00 1.747653894146034670e+00
1.204111671473340195e+00 1.748550189460547966e+00
1.205220151039533283e+00 1.749445891177606294e+00
1.206328630605726371e+00 1.750341000818543380e+00
1.207437110171919459e+00 1.751235519896814585e+00
1.208545589738112547e+00 1.752129449918058635e+00
1.209654069304305635e+00 1.753022792380163342e+00
1.210762548870498723e+00 1.753915548773329336e+00
1.211871028436692033e+00 1.754807720580130459e+00
1.212979508002885121e+00 1.755699309275577269e+00
1.214087987569078209e+00 1.756590316327176549e+00
1.215196467135271297e+00 1.757480743194993700e+00
1.216304946701464385e+00 1.758370591331710253e+00
1.217413426267657472e+00 1.759259862182684708e+00
1.218521905833850560e+00 1.760148557186009155e+00
1.219630385400043870e+00 1.761036677772569004e+00
1.220738864966236736e+00 1.761924225366097385e+00
1.221847344532430046e+00 1.762811201383234883e+00
1.222955824098623134e+00 1.763697607233582820e+00
1.224064303664816222e+00 1.764583444319759220e+00
1.225172783231009310e+00 1.765468714037453868e+00
1.226281262797202398e+00 1.766353417775482493e+00
1.227389742363395708e+00 1.767237556915839392e+00
1.228498221929588574e+00 1.768121132833750053e+00
1.229606701495781884e+00 1.769004146897726004e+00
1.230715181061974972e+00 1.769886600469612770e+00
1.231823660628168060e+00 1.770768494904643608e+00
1.232932140194361148e+00 1.771649831551490140e+00
1.234040619760554236e+00 1.772530611752311858e+00
1.235149099326747546e+00 1.773410836842805205e+00
1.236257578892940412e+00 1.774290508152253310e+00
1.237366058459133722e+00 1.775169627003575279e+00
1.238474538025326810e+00 1.776048194713372608e+00
1.239583017591519898e+00 1.776926212591977583e+00
1.240691497157712986e+00 1.777803681943500580e+00
1.241799976723906074e+00 1.778680604065876469e+00
1.242908456290099384e+00 1.779556980250910359e+00
1.244016935856292250e+00 1.780432811784322888e+00
1.245125415422485560e+00 1.781308099945797307e+00
1.246233894988678648e+00 1.782182846009020993e+00
1.247342374554871736e+00 1.783057051241732305e+00
1.248450854121064824e+00 1.783930716905763880e+00
1.249559333687257912e+00 1.784803844257084826e+00
1.250667813253451222e+00 1.785676434545844238e+00
1.251776292819644087e+00 1.786548489016414054e+00
1.252884772385837397e+00 1.787420008907430580e+00
1.253993251952030485e+00 1.788290995451836229e+00
1.255101731518223573e+00 1.789161449876920384e+00
1.256210211084416661e+00 1.790031373404361137e+00
1.257318690650609749e+00 1.790900767250264147e+00
1.258427170216803059e+00 1.791769632625204611e+00
1.259535649782995925e+00 1.792637970734263897e+00
1.260644129349189235e+00 1.793505782777072399e+00
1.261752608915382323e+00 1.794373069947844845e+00
1.262861088481575411e+00 1.795239833435420929e+00
1.263969568047768499e+00 1.796106074423302834e+00
1.265078047613961587e+00 1.796971794089692098e+00
1.266186527180154897e+00 1.797836993607528022e+00
1.267295006746347763e+00 1.798701674144523643e+00
1.268403486312541073e+00 1.799565836863203261e+00
1.269511965878734161e+00 1.800429482920937740e+00
1.270620445444927249e+00 1.801292613469980930e+00
1.271728925011120337e+00 1.802155229657504965e+00
1.272837404577313425e+00 1.803017332625635127e+00
1.273945884143506735e+00 1.803878923511486043e+00
1.275054363709699601e+00 1.804740003447193430e+00
1.276162843275892911e+00 1.805600573559952293e+00
1.277271322842085999e+00 1.806460634972047119e+00
1.278379802408279087e+00 1.807320188800886518e+00
1.279488281974472175e+00 1.808179236159038306e+00
1.280596761540665263e+00 1.809037778154259257e+00
1.281705241106858573e+00 1.809895815889530413e+00
1.282813720673051439e+00 1.810753350463087274e+00
1.283922200239244749e+00 1.811610382968454003e+00
1.285030679805437837e+00 1.812466914494472503e+00
1.286139159371630925e+00 1.813322946125336843e+00
1.287247638937824012e+00 1.814178478940621009e+00
1.288356118504017100e+00 1.815033514015312655e+00
1.289464598070210410e+00 1.815888052419842191e+00
1.290573077636403276e+00 1.816742095220112985e+00
1.291681557202596586e+00 1.817595643477531997e+00
1.292790036768789674e+00 1.818448698249038875e+00
1.293898516334982762e+00 1.819301260587135705e+00
1.295006995901175850e+00 1.820153331539916097e+00
1.296115475467368938e+00 1.821004912151094279e+00
1.297223955033562248e+00 1.821856003460033735e+00
1.298332434599755114e+00 1.822706606501774296e+00
1.299440914165948424e+00 1.823556722307063005e+00
1.300549393732141512e+00 1.824406351902378987e+00
1.301657873298334600e+00 1.825255496309963199e+00
1.302766352864527688e+00 1.826104156547845303e+00
1.303874832430720776e+00 1.826952333629869418e+00
1.304983311996914086e+00 1.827800028565723434e+00
1.306091791563106952e+00 1.828647242360963210e+00
1.307200271129300262e+00 1.829493976017041446e+00
1.308308750695493350e+00 1.830340230531331214e+00
1.309417230261686438e+00 1.831186006897154384e+00
1.310525709827879526e+00 1.832031306103805379e+00
1.311634189394072614e+00 1.832876129136578269e+00
1.312742668960265924e+00 1.833720476976790970e+00
1.313851148526458790e+00 1.834564350601809890e+00
1.314959628092652100e+00 1.835407750985077691e+00
1.316068107658845188e+00 1.836250679096133043e+00
1.317176587225038276e+00 1.837093135900639496e+00
1.318285066791231364e+00 1.837935122360407458e+00
1.319393546357424452e+00 1.838776639433418625e+00
1.320502025923617762e+00 1.839617688073849511e+00
1.321610505489810627e+00 1.840458269232095434e+00
1.322718985056003937e+00 1.841298383854794274e+00
1.323827464622197025e+00 1.842138032884848897e+00
1.324935944188390113e+00 1.842977217261449363e+00
1.326044423754583201e+00 1.843815937920098458e+00
1.327152903320776289e+00 1.844654195792631235e+00
1.328261382886969599e+00 1.845491991807239440e+00
1.329369862453162465e+00 1.846329326888492162e+00
1.330478342019355775e+00 1.847166201957360254e+00
1.331586821585548863e+00 1.848002617931234992e+00
1.332695301151741951e+00 1.848838575723952493e+00
1.333803780717935039e+00 1.849674076245814147e+00
1.334912260284128127e+00 1.850509120403606600e+00
1.336020739850321437e+00 1.851343709100625734e+00
1.337129219416514303e+00 1.852177843236695098e+00
1.338237698982707613e+00 1.853011523708187891e+00
1.339346178548900701e+00 1.853844751408046942e+00
1.340454658115093789e+00 1.854677527225806255e+00
1.341563137681286877e+00 1.855509852047609876e+00
1.342671617247479965e+00 1.856341726756232546e+00
1.343780096813673275e+00 1.857173152231100577e+00
1.344888576379866141e+00 1.858004129348309608e+00
1.345997055946059451e+00 1.858834658980646148e+00
1.347105535512252539e+00 1.859664741997606230e+00
1.348214015078445627e+00 1.860494379265414278e+00
1.349322494644638715e+00 1.861323571647043540e+00
1.350430974210831803e+00 1.862152320002233186e+00
1.351539453777025113e+00 1.862980625187509176e+00
1.352647933343217979e+00 1.863808488056200918e+00
1.353756412909411289e+00 1.864635909458462582e+00
1.354864892475604377e+00 1.865462890241287530e+00
1.355973372041797465e+00 1.866289431248530750e+00
1.357081851607990552e+00 1.867115533320923504e+00
1.358190331174183640e+00 1.867941197296093536e+00
1.359298810740376950e+00 1.868766424008582394e+00
1.360407290306569816e+00 1.869591214289861636e+00
1.361515769872763126e+00 1.870415568968352593e+00
1.362624249438956214e+00 1.871239488869442358e+00
1.363732729005149302e+00 1.872062974815501324e+00
1.364841208571342390e+00 1.872886027625900063e+00
1.365949688137535478e+00 1.873708648117027087e+00
1.367058167703728788e+00 1.874530837102304837e+00
1.368166647269921654e+00 1.875352595392207000e+00
1.369275126836114964e+00 1.876173923794275167e+00
1.370383606402308052e+00 1.876994823113133926e+00
1.371492085968501140e+00 1.877815294150509295e+00
1.372600565534694228e+00 1.878635337705243602e+00
1.373709045100887316e+00 1.879454954573311465e+00
1.374817524667080626e+00 1.880274145547837561e+00
1.375926004233273492e+00 1.881092911419108615e+00
1.377034483799466802e+00 1.881911252974594051e+00
1.378142963365659890e+00 1.882729170998957313e+00
1.379251442931852978e+00 1.883546666274074521e+00
1.380359922498046066e+00 1.884363739579047348e+00
1.381468402064239154e+00 1.885180391690219892e+00
1.382576881630432464e+00 1.885996623381193560e+00
1.383685361196625330e+00 1.886812435422840606e+00
1.384793840762818640e+00 1.887627828583321898e+00
1.385902320329011728e+00 1.888442803628098909e+00
1.387010799895204816e+00 1.889257361319949258e+00
1.388119279461397904e+00 1.890071502418982918e+00
1.389227759027590992e+00 1.890885227682653991e+00
1.390336238593784302e+00 1.891698537865777130e+00
1.391444718159977167e+00 1.892511433720540648e+00
1.392553197726170477e+00 1.893323915996521167e+00
1.393661677292363565e+00 1.894135985440697612e+00
1.394770156858556653e+00 1.894947642797464749e+00
1.395878636424749741e+00 1.895758888808647624e+00
1.396987115990942829e+00 1.896569724213515107e+00
1.398095595557136139e+00 1.897380149748793210e+00
1.399204075123329005e+00 1.898190166148677971e+00
1.400312554689522315e+00 1.898999774144851882e+00
1.401421034255715403e+00 1.899808974466492772e+00
1.402529513821908491e+00 1.900617767840290462e+00
1.403637993388101579e+00 1.901426154990458750e+00
1.404746472954294667e+00 1.902234136638748074e+00
1.405854952520487977e+00 1.903041713504458832e+00
1.406963432086680843e+00 1.903848886304454924e+00
1.408071911652874153e+00 1.904655655753175303e+00
1.409180391219067241e+00 1.905462022562646851e+00
1.410288870785260329e+00 1.906267987442497702e+00
1.411397350351453417e+00 1.907073551099969677e+00
1.412505829917646505e+00 1.907878714239929607e+00
1.413614309483839815e+00 1.908683477564882880e+00
1.414722789050032681e+00 1.909487841774984540e+00
1.415831268616225991e+00 1.910291807568052613e+00
1.416939748182419079e+00 1.911095375639579652e+00
1.418048227748612167e+00 1.911898546682743616e+00
1.419156707314805255e+00 1.912701321388421860e+00
1.420265186880998343e+00 1.913503700445201350e+00
1.421373666447191653e+00 1.914305684539390651e+00
1.422482146013384519e+00 1.915107274355031919e+00
1.423590625579577829e+00 1.915908470573912448e+00
1.424699105145770917e+00 1.916709273875575548e+00
1.425807584711964004e+00 1.917509684937332759e+00
1.426916064278157092e+00 1.918309704434274732e+00
1.428024543844350180e+00 1.919109333039282106e+00
1.429133023410543490e+00 1.919908571423037058e+00
1.430241502976736356e+00 1.920707420254034625e+00
1.431349982542929666e+00 1.921505880198593585e+00
1.432458462109122754e+00 1.922303951920866671e+00
1.433566941675315842e+00 1.923101636082851895e+00
1.434675421241508930e+00 1.923898933344404316e+00
1.435783900807702018e+00 1.924695844363244701e+00
1.436892380373895328e+00 1.925492369794972181e+00
1.438000859940088194e+00 1.926288510293072909e+00
1.439109339506281504e+00 1.927084266508932497e+00
1.440217819072474592e+00 1.927879639091844455e+00
1.441326298638667680e+00 1.928674628689022397e+00
1.442434778204860768e+00 1.929469235945608929e+00
1.443543257771053856e+00 1.930263461504686306e+00
1.444651737337247166e+00 1.931057306007287089e+00
1.445760216903440032e+00 1.931850770092402581e+00
1.446868696469633342e+00 1.932643854396995486e+00
1.447977176035826430e+00 1.933436559556007239e+00
1.449085655602019518e+00 1.934228886202368880e+00
1.450194135168212606e+00 1.935020834967011272e+00
1.451302614734405694e+00 1.935812406478874648e+00
1.452411094300599004e+00 1.936603601364917715e+00
1.453519573866791870e+00 1.937394420250126981e+00
1.454628053432985180e+00 1.938184863757528742e+00
1.455736532999178268e+00 1.938974932508194637e+00
1.456845012565371356e+00 1.939764627121254303e+00
1.457953492131564444e+00 1.940553948213903590e+00
1.459061971697757532e+00 1.941342896401413221e+00
1.460170451263950842e+00 1.942131472297139450e+00
1.461278930830143707e+00 1.942919676512531169e+00
1.462387410396337017e+00 1.943707509657141674e+00
1.463495889962530105e+00 1.944494972338635108e+00
1.464604369528723193e+00 1.945282065162797114e+00
1.465712849094916281e+00 1.946068788733543053e+00
1.466821328661109369e+00 1.946855143652927111e+00
1.467929808227302679e+00 1.947641130521151842e+00
1.469038287793495545e+00 1.948426749936574387e+00
1.470146767359688855e+00 1.949212002495718687e+00
1.471255246925881943e+00 1.949996888793281258e+00
1.472363726492075031e+00 1.950781409422141399e+00
1.473472206058268119e+00 1.951565564973368971e+00
1.474580685624461207e+00 1.952349356036233052e+00
1.475689165190654517e+00 1.953132783198210820e+00
1.476797644756847383e+00 1.953915847044994658e+00
1.477906124323040693e+00 1.954698548160502813e+00
1.479014603889233781e+00 1.955480887126883838e+00
1.480123083455426869e+00 1.956262864524529244e+00
1.481231563021619957e+00 1.957044480932078612e+00
1.482340042587813045e+00 1.957825736926428695e+00
1.483448522154006355e+00 1.958606633082741633e+00
1.484557001720199221e+00 1.959387169974451837e+00
1.485665481286392531e+00 1.960167348173275759e+00
1.486773960852585619e+00 1.960947168249218109e+00
1.487882440418778707e+00 1.961726630770581403e+00
1.488990919984971795e+00 1.962505736303971737e+00
1.490099399551164883e+00 1.963284485414307445e+00
1.491207879117358193e+00 1.964062878664828649e+00
1.492316358683551059e+00 1.964840916617100808e+00
1.493424838249744369e+00 1.965618599831027158e+00
1.494533317815937457e+00 1.966395928864851594e+00
1.495641797382130544e+00 1.967172904275169998e+00
1.496750276948323632e+00 1.967949526616935341e+00
1.497858756514516720e+00 1.968725796443466125e+00
1.498967236080710030e+00 1.969501714306453710e+00
1.500075715646902896e+00 1.970277280755968752e+00
1.501184195213096206e+00 1.971052496340470084e+00
1.502292674779289294e+00 1.971827361606810491e+00
1.503401154345482382e+00 1.972601877100244705e+00
1.504509633911675470e+00 1.973376043364436061e+00
1.505618113477868558e+00 1.974149860941464052e+00
1.506726593044061868e+00 1.974923330371831431e+00
1.507835072610254734e+00 1.975696452194470210e+00
1.508943552176448044e+00 1.976469226946750535e+00
1.510052031742641132e+00 1.977241655164485135e+00
1.511160511308834220e+00 1.978013737381938864e+00
1.512268990875027308e+00 1.978785474131833588e+00
1.513377470441220396e+00 1.979556865945355959e+00
1.514485950007413706e+00 1.980327913352163627e+00
1.515594429573606572e+00 1.981098616880392349e+00
1.516702909139799882e+00 1.981868977056662429e+00
1.517811388705992970e+00 1.982638994406085819e+00
1.518919868272186058e+00 1.983408669452272566e+00
1.520028347838379146e+00 1.984178002717336131e+00
1.521136827404572234e+00 1.984946994721902502e+00
1.522245306970765544e+00 1.985715645985113964e+00
1.523353786536958410e+00 1.986483957024637093e+00
1.524462266103151720e+00 1.987251928356669417e+00
1.525570745669344808e+00 1.988019560495944305e+00
1.526679225235537896e+00 1.988786853955738732e+00
1.527787704801730984e+00 1.989553809247879501e+00
1.528896184367924072e+00 1.990320426882747462e+00
1.530004663934117382e+00 1.991086707369287501e+00
1.531113143500310247e+00 1.991852651215010317e+00
1.532221623066503557e+00 1.992618258926002861e+00
1.533330102632696645e+00 1.993383531006931220e+00
1.534438582198889733e+00 1.994148467961047722e+00
1.535547061765082821e+00 1.994913070290197821e+00
1.536655541331275909e+00 1.995677338494824538e+00
1.537764020897469219e+00 1.996441273073976896e+00
1.538872500463662085e+00 1.997204874525311702e+00
1.539980980029855395e+00 1.997968143345105085e+00
1.541089459596048483e+00 1.998731080028252949e+00
1.542197939162241571e+00 1.999493685068279847e+00
1.543306418728434659e+00 2.000255958957344316e+00
1.544414898294627747e+00 2.001017902186244424e+00
1.545523377860821057e+00 2.001779515244423546e+00
1.546631857427013923e+00 2.002540798619974804e+00
1.547740336993207233e+00 2.003301752799650171e+00
1.548848816559400321e+00 2.004062378268861799e+00
1.549957296125593409e+00 2.004822675511690910e+00
1.551065775691786497e+00 2.005582645010891785e+00
1.552174255257979585e+00 2.006342287247897538e+00
1.553282734824172895e+00 2.007101602702826337e+00
1.554391214390365761e+00 2.007860591854485843e+00
1.555499693956559071e+00 2.008619255180378538e+00
1.556608173522752159e+00 2.009377593156708830e+00
1.557716653088945247e+00 2.010135606258387053e+00
1.558825132655138335e+00 2.010893294959034350e+00
1.559933612221331423e+00 2.011650659730989776e+00
1.561042091787524733e+00 2.012407701045313857e+00
1.562150571353717599e+00 2.013164419371794800e+00
1.563259050919910909e+00 2.013920815178953383e+00
1.564367530486103997e+00 2.014676888934048726e+00
1.565476010052297084e+00 2.015432641103081846e+00
1.566584489618490172e+00 2.016188072150803201e+00
1.567692969184683260e+00 2.016943182540715807e+00
1.568801448750876570e+00 2.017697972735081891e+00
1.569909928317069436e+00 2.018452443194925561e+00
1.571018407883262746e+00 2.019206594380041242e+00
1.572126887449455834e+00 2.019960426748995452e+00
1.573235367015648922e+00 2.020713940759134353e+00
1.574343846581842010e+00 2.021467136866586412e+00
1.575452326148035098e+00 2.022220015526269510e+00
1.576560805714228408e+00 2.022972577191893162e+00
1.577669285280421274e+00 2.023724822315966509e+00
1.578777764846614584e+00 2.024476751349802317e+00
1.579886244412807672e+00 2.025228364743518306e+00
1.580994723979000760e+00 2.025979662946046922e+00
1.582103203545193848e+00 2.026730646405137559e+00
1.583211683111386936e+00 2.027481315567360998e+00
1.584320162677580246e+00 2.028231670878115622e+00
1.585428642243773112e+00 2.028981712781630531e+00
1.586537121809966422e+00 2.029731441720971752e+00
1.587645601376159510e+00 2.030480858138044908e+00
1.588754080942352598e+00 2.031229962473601880e+00
1.589862560508545686e+00 2.031978755167243911e+00
1.590971040074738774e+00 2.032727236657427383e+00
1.592079519640932084e+00 2.033475407381466482e+00
1.593187999207124950e+00 2.034223267775539856e+00
1.594296478773318260e+00 2.034970818274694615e+00
1.595404958339511348e+00 2.035718059312848993e+00
1.596513437905704436e+00 2.036464991322799012e+00
1.597621917471897524e+00 2.037211614736221588e+00
1.598730397038090612e+00 2.037957929983679417e+00
1.599838876604283922e+00 2.038703937494625862e+00
1.600947356170476787e+00 2.039449637697407169e+00
1.602055835736670097e+00 2.040195031019270466e+00
1.603164315302863185e+00 2.040940117886364202e+00
1.604272794869056273e+00 2.041684898723744368e+00
1.605381274435249361e+00 2.042429373955378935e+00
1.606489754001442449e+00 2.043173544004151854e+00
1.607598233567635759e+00 2.043917409291865717e+00
1.608706713133828625e+00 2.044660970239248865e+00
1.609815192700021935e+00 2.045404227265958053e+00
1.610923672266215023e+00 2.046147180790580222e+00
1.612032151832408111e+00 2.046889831230640944e+00
1.613140631398601199e+00 2.047632179002606190e+00
1.614249110964794287e+00 2.048374224521886333e+00
1.615357590530987597e+00 2.049115968202840588e+00
1.616466070097180463e+00 2.049857410458780116e+00
1.617574549663373773e+00 2.050598551701975580e+00
1.618683029229566861e+00 2.051339392343654922e+00
1.619791508795759949e+00 2.052079932794014017e+00
1.620899988361953037e+00 2.052820173462214903e+00
1.622008467928146125e+00 2.053560114756393773e+00
1.623116947494339435e+00 2.054299757083664080e+00
1.624225427060532301e+00 2.055039100850117428e+00
1.625333906626725611e+00 2.055778146460832012e+00
1.626442386192918699e+00 2.056516894319873057e+00
1.627550865759111787e+00 2.057255344830297261e+00
1.628659345325304875e+00 2.057993498394159460e+00
1.629767824891497963e+00 2.058731355412510844e+00
1.630876304457691273e+00 2.059468916285408735e+00
1.631984784023884139e+00 2.060206181411915694e+00
1.633093263590077449e+00 2.060943151190106626e+00
1.634201743156270537e+00 2.061679826017070116e+00
1.635310222722463624e+00 2.062416206288912424e+00
1.636418702288656712e+00 2.063152292400763255e+00
1.637527181854849800e+00 2.063888084746777096e+00
1.638635661421043110e+00 2.064623583720137212e+00
1.639744140987235976e+00 2.065358789713060084e+00
1.640852620553429286e+00 2.066093703116799407e+00
1.641961100119622374e+00 2.066828324321646981e+00
1.643069579685815462e+00 2.067562653716940257e+00
1.644178059252008550e+00 2.068296691691062339e+00
1.645286538818201638e+00 2.069030438631447311e+00
1.646395018384394948e+00 2.069763894924584235e+00
1.647503497950587814e+00 2.070497060956018931e+00
1.648611977516781124e+00 2.071229937110358854e+00
1.649720457082974212e+00 2.071962523771274434e+00
1.650828936649167300e+00 2.072694821321506620e+00
1.651937416215360388e+00 2.073426830142866439e+00
1.653045895781553476e+00 2.074158550616239438e+00
1.654154375347746786e+00 2.074889983121590120e+00
1.655262854913939652e+00 2.075621128037964169e+00
1.656371334480132962e+00 2.076351985743492445e+00
1.657479814046326050e+00 2.077082556615394093e+00
1.658588293612519138e+00 2.077812841029979207e+00
1.659696773178712226e+00 2.078542839362654160e+00
1.660805252744905314e+00 2.079272551987921602e+00
1.661913732311098624e+00 2.080001979279387569e+00
1.663022211877291490e+00 2.080731121609761480e+00
1.664130691443484800e+00 2.081459979350861911e+00
1.665239171009677888e+00 2.082188552873617038e+00
1.666347650575870976e+00 2.082916842548070857e+00
1.667456130142064064e+00 2.083644848743384070e+00
1.668564609708257152e+00 2.084372571827838527e+00
1.669673089274450462e+00 2.085100012168840333e+00
1.670781568840643327e+00 2.085827170132922070e+00
1.671890048406836637e+00 2.086554046085746350e+00
1.672998527973029725e+00 2.087280640392109365e+00
1.674107007539222813e+00 2.088006953415944444e+00
1.675215487105415901e+00 2.088732985520323382e+00
1.676323966671608989e+00 2.089458737067460437e+00
1.677432446237802299e+00 2.090184208418717215e+00
1.678540925803995165e+00 2.090909399934601343e+00
1.679649405370188475e+00 2.091634311974774008e+00
1.680757884936381563e+00 2.092358944898050854e+00
1.681866364502574651e+00 2.093083299062405089e+00
1.682974844068767739e+00 2.093807374824969703e+00
1.684083323634960827e+00 2.094531172542042796e+00
1.685191803201154137e+00 2.095254692569088029e+00
1.686300282767347003e+00 2.095977935260738167e+00
1.687408762333540313e+00 2.096700900970800419e+00
1.688517241899733401e+00 2.097423590052255093e+00
1.689625721465926489e+00 2.098146002857262271e+00
1.690734201032119577e+00 2.098868139737162686e+00
1.691842680598312665e+00 2.099590001042480392e+00
1.692951160164505975e+00 2.100311587122927648e+00
1.694059639730698841e+00 2.101032898327405363e+00
1.695168119296892151e+00 2.101753935004007534e+00
1.696276598863085239e+00 2.102474697500022582e+00
1.697385078429278327e+00 2.103195186161938679e+00
1.698493557995471415e+00 2.103915401335444191e+00
1.699602037561664503e+00 2.104635343365430344e+00
1.700710517127857813e+00 2.105355012595996111e+00
1.701818996694050679e+00 2.106074409370448652e+00
1.702927476260243989e+00 2.106793534031308202e+00
1.704035955826437077e+00 2.107512386920308511e+00
1.705144435392630164e+00 2.108230968378401737e+00
1.706252914958823252e+00 2.108949278745759326e+00
1.707361394525016340e+00 2.109667318361776012e+00
1.708469874091209650e+00 2.110385087565072038e+00
1.709578353657402516e+00 2.111102586693494487e+00
1.710686833223595826e+00 2.111819816084123946e+00
1.711795312789788914e+00 2.112536776073271394e+00
1.712903792355982002e+00 2.113253466996485752e+00
1.714012271922175090e+00 2.113969889188553442e+00
1.715120751488368178e+00 2.114686042983503267e+00
1.716229231054561488e+00 2.115401928714606861e+00
1.717337710620754354e+00 2.116117546714382680e+00
1.718446190186947664e+00 2.116832897314598227e+00
1.719554669753140752e+00 2.117547980846271383e+00
1.720663149319333840e+00 2.118262797639676176e+00
1.721771628885526928e+00 2.118977348024341456e+00
1.722880108451720016e+00 2.119691632329055331e+00
1.723988588017913326e+00 2.120405650881869164e+00
1.725097067584106192e+00 2.121119404010095799e+00
1.726205547150299502e+00 2.121832892040316665e+00
1.727314026716492590e+00 2.122546115298381331e+00
1.728422506282685678e+00 2.123259074109411948e+00
1.729530985848878766e+00 2.123971768797802362e+00
1.730639465415071854e+00 2.124684199687224329e+00
1.731747944981265164e+00 2.125396367100629291e+00
1.732856424547458030e+00 2.126108271360247937e+00
1.733964904113651340e+00 2.126819912787595968e+00
1.735073383679844428e+00 2.127531291703474103e+00
1.736181863246037516e+00 2.128242408427972521e+00
1.737290342812230604e+00 2.128953263280471742e+00
1.738398822378423692e+00 2.129663856579644410e+00
1.739507301944617002e+00 2.130374188643460620e+00
1.740615781510809867e+00 2.131084259789186142e+00
1.741724261077003177e+00 2.131794070333388191e+00
1.742832740643196265e+00 2.132503620591936766e+00
1.743941220209389353e+00 2.133212910880005975e+00
1.745049699775582441e+00 2.133921941512076259e+00
1.746158179341775529e+00 2.134630712801939278e+00
1.747266658907968839e+00 2.135339225062696578e+00
1.748375138474161705e+00 2.136047478606764027e+00
1.749483618040355015e+00 2.136755473745874045e+00
1.750592097606548103e+00 2.137463210791077817e+00
1.751700577172741191e+00 2.138170690052746625e+00
1.752809056738934279e+00 2.138877911840574075e+00
1.753917536305127367e+00 2.139584876463579644e+00
1.755026015871320677e+00 2.140291584230109567e+00
1.756134495437513543e+00 2.140998035447839953e+00
1.757242975003706853e+00 2.141704230423778998e+00
1.758351454569899941e+00 2.142410169464267877e+00
1.759459934136093029e+00 2.143115852874983407e+00
1.760568413702286117e+00 2.143821280960942044e+00
1.761676893268479205e+00 2.144526454026500328e+00
1.762785372834672515e+00 2.145231372375355328e+00
1.763893852400865381e+00 2.145936036310550410e+00
1.765002331967058691e+00 2.146640446134476132e+00
1.766110811533251779e+00 2.147344602148870241e+00
1.767219291099444867e+00 2.148048504654822555e+00
1.768327770665637955e+00 2.148752153952775856e+00
1.769436250231831043e+00 2.149455550342527221e+00
1.770544729798024353e+00 2.150158694123231573e+00
1.771653209364217219e+00 2.150861585593403014e+00
1.772761688930410529e+00 2.151564225050916601e+00
1.773870168496603617e+00 2.152266612793010570e+00
1.774978648062796704e+00 2.152968749116290326e+00
1.776087127628989792e+00 2.153670634316725785e+00
1.777195607195182880e+00 2.154372268689658920e+00
1.778304086761376190e+00 2.155073652529801986e+00
1.779412566327569056e+00 2.155774786131239296e+00
1.780521045893762366e+00 2.156475669787433436e+00
1.781629525459955454e+00 2.157176303791222161e+00
1.782738005026148542e+00 2.157876688434824164e+00
1.783846484592341630e+00 2.158576824009838635e+00
1.784954964158534718e+00 2.159276710807248367e+00
1.786063443724728028e+00 2.159976349117421091e+00
1.787171923290920894e+00 2.160675739230112136e+00
1.788280402857114204e+00 2.161374881434465767e+00
1.789388882423307292e+00 2.162073776019017846e+00
1.790497361989500380e+00 2.162772423271696276e+00
1.791605841555693468e+00 2.163470823479825444e+00
1.792714321121886556e+00 2.164168976930124444e+00
1.793822800688079866e+00 2.164866883908713735e+00
1.794931280254272732e+00 2.165564544701111593e+00
1.796039759820466042e+00 2.166261959592240327e+00
1.797148239386659130e+00 2.166959128866427164e+00
1.798256718952852218e+00 2.167656052807403810e+00
1.799365198519045306e+00 2.168352731698311331e+00
1.800473678085238394e+00 2.169049165821701042e+00
1.801582157651431704e+00 2.169745355459534064e+00
1.802690637217624570e+00 2.170441300893187542e+00
1.803799116783817880e+00 2.171137002403452421e+00
1.804907596350010968e+00 2.171832460270537446e+00
1.806016075916204056e+00 2.172527674774070494e+00
1.807124555482397144e+00 2.173222646193099905e+00
1.808233035048590231e+00 2.173917374806096259e+00
1.809341514614783542e+00 2.174611860890956816e+00
1.810449994180976407e+00 2.175306104725001521e+00
1.811558473747169717e+00 2.176000106584981442e+00
1.812666953313362805e+00 2.176693866747075212e+00
1.813775432879555893e+00 2.177387385486894811e+00
1.814883912445748981e+00 2.178080663079483781e+00
1.815992392011942069e+00 2.178773699799321228e+00
1.817100871578135379e+00 2.179466495920323599e+00
1.818209351144328245e+00 2.180159051715844232e+00
1.819317830710521555e+00 2.180851367458679135e+00
1.820426310276714643e+00 2.181543443421064321e+00
1.821534789842907731e+00 2.182235279874679357e+00
1.822643269409100819e+00 2.182926877090649587e+00
1.823751748975293907e+00 2.183618235339547464e+00
1.824860228541487217e+00 2.184309354891393440e+00
1.825968708107680083e+00 2.185000236015659070e+00
1.827077187673873393e+00 2.185690878981268348e+00
1.828185667240066481e+00 2.186381284056596819e+00
1.829294146806259569e+00 2.187071451509477793e+00
1.830402626372452657e+00 2.187761381607199684e+00
1.831511105938645745e+00 2.188451074616510894e+00
1.832619585504839055e+00 2.189140530803619367e+00
1.833728065071031921e+00 2.189829750434194366e+00
1.834836544637225231e+00 2.190518733773370919e+00
1.835945024203418319e+00 2.191207481085746256e+00
1.837053503769611407e+00 2.191895992635386481e+00
1.838161983335804495e+00 2.192584268685824345e+00
1.839270462901997583e+00 2.193272309500065020e+00
1.840378942468190893e+00 2.193960115340582551e+00
1.841487422034383759e+00 2.194647686469324732e+00
1.842595901600577069e+00 2.195335023147716225e+00
1.843704381166770156e+00 2.196022125636654554e+00
1.844812860732963244e+00 2.196708994196517661e+00
1.845921340299156332e+00 2.197395629087162128e+00
1.847029819865349420e+00 2.198082030567924949e+00
1.848138299431542730e+00 2.198768198897625759e+00
1.849246778997735596e+00 2.199454134334569044e+00
1.850355258563928906e+00 2.200139837136543708e+00
1.851463738130121994e+00 2.200825307560826616e+00
1.852572217696315082e+00 2.201510545864182600e+00
1.853680697262508170e+00 2.202195552302867565e+00
1.854789176828701258e+00 2.202880327132627603e+00
1.855897656394894568e+00 2.203564870608702986e+00
1.857006135961087434e+00 2.204249182985829059e+00
1.858114615527280744e+00 2.204933264518235791e+00
1.859223095093473832e+00 2.205617115459652666e+00
1.860331574659666920e+00 2.206300736063305123e+00
1.861440054225860008e+00 2.206984126581923444e+00
1.862548533792053096e+00 2.207667287267736533e+00
1.863657013358246406e+00 2.208350218372478579e+00
1.864765492924439272e+00 2.209032920147387280e+00
1.865873972490632582e+00 2.209715392843208281e+00
1.866982452056825670e+00 2.210397636710194291e+00
1.868090931623018758e+00 2.211079651998107298e+00
1.869199411189211846e+00 2.211761438956219905e+00
1.870307890755404934e+00 2.212442997833317548e+00
1.871416370321598022e+00 2.213124328877698055e+00
1.872524849887791110e+00 2.213805432337174750e+00
1.873633329453984420e+00 2.214486308459079122e+00
1.874741809020177508e+00 2.215166957490257271e+00
1.875850288586370596e+00 2.215847379677076567e+00
1.876958768152563684e+00 2.216527575265424321e+00
1.878067247718756771e+00 2.217207544500710004e+00
1.879175727284949859e+00 2.217887287627867021e+00
1.880284206851142947e+00 2.218566804891352273e+00
1.881392686417336257e+00 2.219246096535149704e+00
1.882501165983529345e+00 2.219925162802770746e+00
1.883609645549722433e+00 2.220604003937254767e+00
1.884718125115915521e+00 2.221282620181171730e+00
1.885826604682108609e+00 2.221961011776624417e+00
1.886935084248301697e+00 2.222639178965247542e+00
1.888043563814494785e+00 2.223317121988209077e+00
1.889152043380688095e+00 2.223994841086214258e+00
1.890260522946881183e+00 2.224672336499504244e+00
1.891369002513074271e+00 2.225349608467858342e+00
1.892477482079267359e+00 2.226026657230596228e+00
1.893585961645460447e+00 2.226703483026577501e+00
1.894694441211653535e+00 2.227380086094205236e+00
1.895802920777846623e+00 2.228056466671423763e+00
1.896911400344039933e+00 2.228732624995724887e+00
1.898019879910233021e+00 2.229408561304144776e+00
1.899128359476426109e+00 2.230084275833266627e+00
1.900236839042619197e+00 2.230759768819224220e+00
1.901345318608812285e+00 2.231435040497699251e+00
1.902453798175005373e+00 2.232110091103925775e+00
1.903562277741198461e+00 2.232784920872690204e+00
1.904670757307391771e+00 2.233459530038332197e+00
1.905779236873584859e+00 2.234133918834746879e+00
1.906887716439777947e+00 2.234808087495385731e+00
1.907996196005971035e+00 2.235482036253256588e+00
1.909104675572164123e+00 2.236155765340927637e+00
1.910213155138357211e+00 2.236829274990526972e+00
1.911321634704550299e+00 2.237502565433741708e+00
1.912430114270743609e+00 2.238175636901825527e+00
1.913538593836936696e+00 2.238848489625591132e+00
1.914647073403129784e+00 2.239521123835419125e+00
1.915755552969322872e+00 2.240193539761255348e+00
1.916864032535515960e+00 2.240865737632613541e+00
1.917972512101709048e+00 2.241537717678575348e+00
1.919080991667902136e+00 2.242209480127792531e+00
1.920189471234095446e+00 2.242881025208487866e+00
1.921297950800288534e+00 2.243552353148455580e+00
1.922406430366481622e+00 2.244223464175064464e+00
1.923514909932674710e+00 2.244894358515256538e+00
1.924623389498867798e+00 2.245565036395551495e+00
1.925731869065060886e+00 2.246235498042043144e+00
1.926840348631253974e+00 2.246905743680406076e+00
1.927948828197447284e+00 2.247575773535892107e+00
1.929057307763640372e+00 2.248245587833334724e+00
1.930165787329833460e+00 2.248915186797148635e+00
1.931274266896026548e+00 2.249584570651331106e+00
1.932382746462219636e+00 2.250253739619462845e+00
1.933491226028412724e+00 2.250922693924710671e+00
1.934599705594605812e+00 2.251591433789827512e+00
1.935708185160799122e+00 2.252259959437151515e+00
1.936816664726992210e+00 2.252928271088612266e+00
1.937925144293185298e+00 2.253596368965727237e+00
1.939033623859378386e+00 2.254264253289604003e+00
1.940142103425571474e+00 2.254931924280943800e+00
1.941250582991764562e+00 2.255599382160039301e+00
1.942359062557957650e+00 2.256266627146778170e+00
1.943467542124150960e+00 2.256933659460642616e+00
1.944576021690344048e+00 2.257600479320711173e+00
1.945684501256537136e+00 2.258267086945659585e+00
1.946792980822730224e+00 2.258933482553763028e+00
1.947901460388923311e+00 2.259599666362895665e+00
1.949009939955116399e+00 2.260265638590531090e+00
1.950118419521309487e+00 2.260931399453746771e+00
1.951226899087502797e+00 2.261596949169221826e+00
1.952335378653695885e+00 2.262262287953238804e+00
1.953443858219888973e+00 2.262927416021686788e+00
1.954552337786082061e+00 2.263592333590058736e+00
1.955660817352275149e+00 2.264257040873457250e+00
1.956769296918468237e+00 2.264921538086590580e+00
1.957877776484661325e+00 2.265585825443778401e+00
1.958986256050854635e+00 2.266249903158948698e+00
1.960094735617047723e+00 2.266913771445642212e+00
1.961203215183240811e+00 2.267577430517011550e+00
1.962311694749433899e+00 2.268240880585822516e+00
1.963420174315626987e+00 2.268904121864456336e+00
1.964528653881820075e+00 2.269567154564907874e+00
1.965637133448013163e+00 2.270229978898790080e+00
1.966745613014206473e+00 2.270892595077333986e+00
1.967854092580399561e+00 2.271555003311386933e+00
1.968962572146592649e+00 2.272217203811417452e+00
1.970071051712785737e+00 2.272879196787514822e+00
1.971179531278978825e+00 2.273540982449389070e+00
1.972288010845171913e+00 2.274202561006373191e+00
1.973396490411365001e+00 2.274863932667424482e+00
1.974504969977558311e+00 2.275525097641124095e+00
1.975613449543751399e+00 2.276186056135678815e+00
1.976721929109944487e+00 2.276846808358921948e+00
1.977830408676137575e+00 2.277507354518315985e+00
1.978938888242330663e+00 2.278167694820949940e+00
1.980047367808523751e+00 2.278827829473543787e+00
1.981155847374716839e+00 2.279487758682447129e+00
1.982264326940910149e+00 2.280147482653641866e+00
1.983372806507103236e+00 2.280807001592741745e+00
1.984481286073296324e+00 2.281466315704994585e+00
1.985589765639489412e+00 2.282125425195283608e+00
1.986698245205682500e+00 2.282784330268124773e+00
1.987806724771875588e+00 2.283443031127672995e+00
1.988915204338068676e+00 2.284101527977719037e+00
1.990023683904261986e+00 2.284759821021693060e+00
1.991132163470455074e+00 2.285417910462663738e+00
1.992240643036648162e+00 2.286075796503340030e+00
1.993349122602841250e+00 2.286733479346072073e+00
1.994457602169034338e+00 2.287390959192852069e+00
1.995566081735227426e+00 2.288048236245316058e+00
1.996674561301420514e+00 2.288705310704742590e+00
1.997783040867613824e+00 2.289362182772056720e+00
1.998891520433806912e+00 2.290018852647826453e+00
2.000000000000000000e+00 2.290675320532270298e+00
