x	y
1.252564728871519151e+00 2.437216389568606978e+00
1.253541768441621906e+00 2.370683330276908141e+00
1.254518808011724440e+00 2.320525031527803872e+00
1.255495847581826974e+00 2.278832826503873310e+00
1.256472887151929729e+00 2.242548075775455452e+00
1.257449926722032263e+00 2.210103207741942910e+00
1.258426966292134797e+00 2.180567382346433547e+00
1.259404005862237330e+00 2.153334259383860694e+00
1.260381045432339864e+00 2.127982745479379378e+00
1.261358085002442619e+00 2.104206281412058566e+00
1.262335124572545153e+00 2.081773458806559063e+00
1.263312164142647687e+00 2.060504506503195721e+00
1.264289203712750442e+00 2.040256467168479748e+00
1.265266243282852976e+00 2.020913433993845487e+00
1.266243282852955510e+00 2.002379883973067987e+00
1.267220322423058043e+00 1.984575985806191989e+00
1.268197361993160577e+00 1.967434211415149736e+00
1.269174401563263332e+00 1.950896833964238963e+00
1.270151441133365866e+00 1.934914044387561649e+00
1.271128480703468400e+00 1.919442509216333859e+00
1.272105520273571155e+00 1.904444249548088219e+00
1.273082559843673689e+00 1.889885757851646808e+00
1.274059599413776223e+00 1.875737293696898567e+00
1.275036638983878756e+00 1.861972316004335548e+00
1.276013678553981290e+00 1.848567020798336236e+00
1.276990718124084045e+00 1.835499961447172312e+00
1.277967757694186579e+00 1.822751734081920150e+00
1.278944797264289113e+00 1.810304715021264332e+00
1.279921836834391868e+00 1.798142840064717474e+00
1.280898876404494402e+00 1.786251417772442673e+00
1.281875915974596936e+00 1.774616970545689787e+00
1.282852955544699469e+00 1.763227098610060439e+00
1.283829995114802003e+00 1.752070362992027563e+00
1.284807034684904758e+00 1.741136184344207027e+00
1.285784074255007292e+00 1.730414755072256172e+00
1.286761113825109826e+00 1.719896962686333852e+00
1.287738153395212581e+00 1.709574322672869240e+00
1.288715192965315115e+00 1.699438919480008581e+00
1.289692232535417649e+00 1.689483354449256902e+00
1.290669272105520182e+00 1.679700699719444801e+00
1.291646311675622716e+00 1.670084457286399315e+00
1.292623351245725472e+00 1.660628522530552598e+00
1.293600390815828005e+00 1.651327151630550105e+00
1.294577430385930539e+00 1.642174932368442475e+00
1.295554469956033294e+00 1.633166757904725763e+00
1.296531509526135828e+00 1.624297803162106257e+00
1.297508549096238362e+00 1.615563503507596810e+00
1.298485588666340895e+00 1.606959535465360966e+00
1.299462628236443429e+00 1.598481799228698153e+00
1.300439667806546185e+00 1.590126402770203118e+00
1.301416707376648718e+00 1.581889647375111174e+00
1.302393746946751252e+00 1.573768014445036334e+00
1.303370786516854007e+00 1.565758153438362887e+00
1.304347826086956541e+00 1.557856870829851026e+00
1.305324865657059075e+00 1.550061119986073876e+00
1.306301905227161608e+00 1.542367991865536414e+00
1.307278944797264142e+00 1.534774706462787019e+00
1.308255984367366898e+00 1.527278604925057515e+00
1.309233023937469431e+00 1.519877142277902271e+00
1.310210063507571965e+00 1.512567880703297174e+00
1.311187103077674720e+00 1.505348483319759456e+00
1.312164142647777254e+00 1.498216708419421117e+00
1.313141182217879788e+00 1.491170404121626047e+00
1.314118221787982321e+00 1.484207503406892226e+00
1.315095261358084855e+00 1.477326019498617971e+00
1.316072300928187611e+00 1.470524041563256556e+00
1.317049340498290144e+00 1.463799730702499469e+00
1.318026380068392678e+00 1.457151316213574299e+00
1.319003419638495433e+00 1.450577092096086762e+00
1.319980459208597967e+00 1.444075413785784301e+00
1.320957498778700501e+00 1.437644695097489933e+00
1.321934538348803034e+00 1.431283405361071015e+00
1.322911577918905568e+00 1.424990066735731808e+00
1.323888617489008324e+00 1.418763251689238114e+00
1.324865657059110857e+00 1.412601580629883724e+00
1.325842696629213391e+00 1.406503719679989217e+00
1.326819736199316146e+00 1.400468378580772111e+00
1.327796775769418680e+00 1.394494308719204989e+00
1.328773815339521214e+00 1.388580301268295791e+00
1.329750854909623747e+00 1.382725185432921666e+00
1.330727894479726281e+00 1.376927826793978626e+00
1.331704934049829037e+00 1.371187125744199209e+00
1.332681973619931570e+00 1.365502016009503272e+00
1.333659013190034104e+00 1.359871463250223345e+00
1.334636052760136860e+00 1.354294463737010901e+00
1.335613092330239393e+00 1.348770043096593207e+00
1.336590131900341927e+00 1.343297255122921419e+00
1.337567171470444460e+00 1.337875180649602758e+00
1.338544211040546994e+00 1.332502926479790517e+00
1.339521250610649750e+00 1.327179624369988264e+00
1.340498290180752283e+00 1.321904430064492653e+00
1.341475329750854817e+00 1.316676522377408620e+00
1.342452369320957573e+00 1.311495102319418571e+00
1.343429408891060106e+00 1.306359392266659647e+00
1.344406448461162640e+00 1.301268635169235743e+00
1.345383488031265173e+00 1.296222093797111841e+00
1.346360527601367707e+00 1.291219050021218839e+00
1.347337567171470463e+00 1.286258804127797584e+00
1.348314606741572996e+00 1.281340674164126447e+00
1.349291646311675530e+00 1.276463995313870337e+00
1.350268685881778286e+00 1.271628119300449278e+00
1.351245725451880819e+00 1.266832413816905589e+00
1.352222765021983353e+00 1.262076261980814795e+00
1.353199804592085886e+00 1.257359061812950651e+00
1.354176844162188420e+00 1.252680225738414199e+00
1.355153883732291176e+00 1.248039180109072888e+00
1.356130923302393709e+00 1.243435364746206861e+00
1.357107962872496243e+00 1.238868232502310374e+00
1.358085002442598999e+00 1.234337248841096191e+00
1.359062042012701532e+00 1.229841891434782175e+00
1.360039081582804066e+00 1.225381649777777415e+00
1.361016121152906599e+00 1.220956024815988972e+00
1.361993160723009133e+00 1.216564528590963867e+00
1.362970200293111889e+00 1.212206683898150450e+00
1.363947239863214422e+00 1.207882023958604556e+00
1.364924279433316956e+00 1.203590092103488773e+00
1.365901319003419712e+00 1.199330441470774389e+00
1.366878358573522245e+00 1.195102634713560708e+00
1.367855398143624779e+00 1.190906243719477287e+00
1.368832437713727312e+00 1.186740849340661486e+00
1.369809477283829846e+00 1.182606041133819064e+00
1.370786516853932602e+00 1.178501417109921512e+00
1.371763556424035135e+00 1.174426583493098031e+00
1.372740595994137669e+00 1.170381154488315145e+00
1.373717635564240425e+00 1.166364752057454268e+00
1.374694675134342958e+00 1.162377005703429056e+00
1.375671714704445492e+00 1.158417552261965966e+00
1.376648754274548025e+00 1.154486035700752034e+00
1.377625793844650559e+00 1.150582106925606141e+00
1.378602833414753315e+00 1.146705423593386675e+00
1.379579872984855848e+00 1.142855649931357354e+00
1.380556912554958382e+00 1.139032456562720563e+00
1.381533952125061138e+00 1.135235520338085280e+00
1.382510991695163671e+00 1.131464524172615116e+00
1.383488031265266205e+00 1.127719156888613350e+00
1.384465070835368738e+00 1.123999113063344657e+00
1.385442110405471272e+00 1.120304092881863278e+00
1.386419149975574028e+00 1.116633801994663555e+00
1.387396189545676561e+00 1.112987951379948548e+00
1.388373229115779095e+00 1.109366257210334883e+00
1.389350268685881851e+00 1.105768440723833956e+00
1.390327308255984384e+00 1.102194228098928974e+00
1.391304347826086918e+00 1.098643350333587065e+00
1.392281387396189452e+00 1.095115543128076352e+00
1.393258426966291985e+00 1.091610546771417001e+00
1.394235466536394741e+00 1.088128106031347908e+00
1.395212506106497274e+00 1.084667970047668906e+00
1.396189545676599808e+00 1.081229892228829259e+00
1.397166585246702564e+00 1.077813630151653435e+00
1.398143624816805097e+00 1.074418945464078234e+00
1.399120664386907631e+00 1.071045603790791612e+00
1.400097703957010165e+00 1.067693374641678794e+00
1.401074743527112698e+00 1.064362031322959368e+00
1.402051783097215454e+00 1.061051350850927832e+00
1.403028822667317987e+00 1.057761113868209257e+00
1.404005862237420521e+00 1.054491104562422343e+00
1.404982901807523277e+00 1.051241110587190386e+00
1.405959941377625810e+00 1.048010922985399329e+00
1.406936980947728344e+00 1.044800336114630968e+00
1.407914020517830878e+00 1.041609147574698246e+00
1.408891060087933411e+00 1.038437158137208050e+00
1.409868099658036167e+00 1.035284171677083531e+00
1.410845139228138700e+00 1.032149995105982265e+00
1.411822178798241234e+00 1.029034438307534272e+00
1.412799218368343990e+00 1.025937314074358619e+00
1.413776257938446523e+00 1.022858438046786222e+00
1.414753297508549057e+00 1.019797628653230426e+00
1.415730337078651591e+00 1.016754707052161866e+00
1.416707376648754124e+00 1.013729497075628760e+00
1.417684416218856880e+00 1.010721825174270894e+00
1.418661455788959413e+00 1.007731520363785549e+00
1.419638495359061947e+00 1.004758414172789882e+00
1.420615534929164703e+00 1.001802340592043317e+00
1.421592574499267236e+00 9.988631360249876634e-01
1.422569614069369770e+00 9.959406392395477869e-01
1.423546653639472304e+00 9.930346913211793858e-01
1.424523693209574837e+00 9.901451356271002702e-01
1.425500732779677593e+00 9.872718177416830443e-01
1.426477772349780127e+00 9.844145854329720002e-01
1.427454811919882660e+00 9.815732886102807031e-01
1.428431851489985416e+00 9.787477792828470635e-01
1.429408891060087949e+00 9.759379115195155885e-01
1.430385930630190483e+00 9.731435414093992931e-01
1.431362970200293017e+00 9.703645270235161657e-01
1.432340009770395550e+00 9.676007283773483403e-01
1.433317049340498306e+00 9.648520073943148700e-01
1.434294088910600840e+00 9.621182278701171375e-01
1.435271128480703373e+00 9.593992554379402460e-01
1.436248168050806129e+00 9.566949575344814161e-01
1.437225207620908662e+00 9.540052033667839604e-01
1.438202247191011196e+00 9.513298638798508566e-01
1.439179286761113730e+00 9.486688117250158259e-01
1.440156326331216263e+00 9.460219212290531532e-01
1.441133365901319019e+00 9.433890683640041575e-01
1.442110405471421553e+00 9.407701307176979943e-01
1.443087445041524086e+00 9.381649874649456988e-01
1.444064484611626842e+00 9.355735193393970306e-01
1.445041524181729375e+00 9.329956086060349207e-01
1.446018563751831909e+00 9.304311390342859811e-01
1.446995603321934443e+00 9.278799958717416363e-01
1.447972642892036976e+00 9.253420658184663417e-01
1.448949682462139732e+00 9.228172370018704607e-01
1.449926722032242266e+00 9.203053989521501332e-01
1.450903761602344799e+00 9.178064425782582747e-01
1.451880801172447555e+00 9.153202601444070385e-01
1.452857840742550088e+00 9.128467452470847565e-01
1.453834880312652622e+00 9.103857927925643745e-01
1.454811919882755156e+00 9.079372989749069367e-01
1.455788959452857689e+00 9.055011612544293653e-01
1.456765999022960445e+00 9.030772783366394219e-01
1.457743038593062979e+00 9.006655501516157569e-01
1.458720078163165512e+00 8.982658778338233896e-01
1.459697117733268268e+00 8.958781637023581768e-01
1.460674157303370801e+00 8.935023112416062840e-01
1.461651196873473335e+00 8.911382250823018936e-01
1.462628236443575869e+00 8.887858109829853692e-01
1.463605276013678402e+00 8.864449758118406741e-01
1.464582315583781158e+00 8.841156275289085986e-01
1.465559355153883692e+00 8.817976751686674719e-01
1.466536394723986225e+00 8.794910288229618178e-01
1.467513434294088981e+00 8.771955996242835063e-01
1.468490473864191515e+00 8.749112997293934102e-01
1.469467513434294048e+00 8.726380423032638056e-01
1.470444553004396582e+00 8.703757415033506195e-01
1.471421592574499115e+00 8.681243124641773168e-01
1.472398632144601871e+00 8.658836712822208792e-01
1.473375671714704405e+00 8.636537350011046499e-01
1.474352711284806938e+00 8.614344215970741736e-01
1.475329750854909694e+00 8.592256499647614731e-01
1.476306790425012228e+00 8.570273399032305450e-01
1.477283829995114761e+00 8.548394121022847569e-01
1.478260869565217295e+00 8.526617881290500245e-01
1.479237909135319828e+00 8.504943904148062339e-01
1.480214948705422584e+00 8.483371422420795671e-01
1.481191988275525118e+00 8.461899677319766333e-01
1.482169027845627651e+00 8.440527918317569656e-01
1.483146067415730407e+00 8.419255403026479900e-01
1.484123106985832941e+00 8.398081397078848154e-01
1.485100146555935474e+00 8.377005174009727329e-01
1.486077186126038008e+00 8.356026015141753138e-01
1.487054225696140541e+00 8.335143209472092307e-01
1.488031265266243297e+00 8.314356053561551274e-01
1.489008304836345831e+00 8.293663851425711053e-01
1.489985344406448364e+00 8.273065914428018308e-01
1.490962383976551120e+00 8.252561561174898142e-01
1.491939423546653654e+00 8.232150117412769808e-01
1.492916463116756187e+00 8.211830915926855434e-01
1.493893502686858721e+00 8.191603296441940518e-01
1.494870542256961254e+00 8.171466605524808635e-01
1.495847581827064010e+00 8.151420196488500247e-01
1.496824621397166544e+00 8.131463429298266821e-01
1.497801660967269077e+00 8.111595670479142539e-01
1.498778700537371833e+00 8.091816293025245743e-01
1.499755740107474367e+00 8.072124676310605818e-01
1.500732779677576900e+00 8.052520206001592129e-01
1.501709819247679434e+00 8.033002273970875073e-01
1.502686858817781967e+00 8.013570278212875930e-01
1.503663898387884723e+00 7.994223622760687764e-01
1.504640937957987257e+00 7.974961717604461819e-01
1.505617977528089790e+00 7.955783978611145058e-01
1.506595017098192546e+00 7.936689827445638779e-01
1.507572056668295080e+00 7.917678691493320597e-01
1.508549096238397613e+00 7.898750003783815421e-01
1.509526135808500147e+00 7.879903202916150873e-01
1.510503175378602680e+00 7.861137732985099547e-01
1.511480214948705436e+00 7.842453043508810229e-01
1.512457254518807970e+00 7.823848589357658145e-01
1.513434294088910503e+00 7.805323830684226527e-01
1.514411333659013259e+00 7.786878232854523851e-01
1.515388373229115793e+00 7.768511266380317970e-01
1.516365412799218326e+00 7.750222406852551593e-01
1.517342452369320860e+00 7.732011134875923508e-01
1.518319491939423393e+00 7.713876936004481211e-01
1.519296531509526149e+00 7.695819300678304886e-01
1.520273571079628683e+00 7.677837724161219457e-01
1.521250610649731216e+00 7.659931706479485847e-01
1.522227650219833972e+00 7.642100752361518090e-01
1.523204689789936506e+00 7.624344371178572999e-01
1.524181729360039039e+00 7.606662076886363533e-01
1.525158768930141573e+00 7.589053387967630293e-01
1.526135808500244107e+00 7.571517827375611187e-01
1.527112848070346862e+00 7.554054922478438128e-01
1.528089887640449396e+00 7.536664205004378614e-01
1.529066927210551929e+00 7.519345210987966599e-01
1.530043966780654685e+00 7.502097480716953815e-01
1.531021006350757219e+00 7.484920558680141500e-01
1.531998045920859752e+00 7.467813993515961535e-01
1.532975085490962286e+00 7.450777337961899116e-01
1.533952125061064820e+00 7.433810148804700368e-01
1.534929164631167575e+00 7.416911986831323800e-01
1.535906204201270109e+00 7.400082416780674466e-01
1.536883243771372642e+00 7.383321007296057559e-01
1.537860283341475398e+00 7.366627330878361413e-01
1.538837322911577932e+00 7.350000963839976587e-01
1.539814362481680465e+00 7.333441486259378861e-01
1.540791402051782999e+00 7.316948481936430548e-01
1.541768441621885533e+00 7.300521538348330175e-01
1.542745481191988288e+00 7.284160246606252720e-01
1.543722520762090822e+00 7.267864201412620462e-01
1.544699560332193355e+00 7.251633001018994440e-01
1.545676599902296111e+00 7.235466247184649813e-01
1.546653639472398645e+00 7.219363545135696336e-01
1.547630679042501178e+00 7.203324503524852762e-01
1.548607718612603712e+00 7.187348734391795224e-01
1.549584758182706246e+00 7.171435853124085158e-01
1.550561797752809001e+00 7.155585478418678980e-01
1.551538837322911535e+00 7.139797232243992875e-01
1.552515876893014068e+00 7.124070739802516039e-01
1.553492916463116824e+00 7.108405629493971256e-01
1.554469956033219358e+00 7.092801532879020598e-01
1.555446995603321891e+00 7.077258084643457403e-01
1.556424035173424425e+00 7.061774922562953360e-01
1.557401074743526959e+00 7.046351687468280778e-01
1.558378114313629714e+00 7.030988023211045546e-01
1.559355153883732248e+00 7.015683576629919704e-01
1.560332193453834781e+00 7.000437997517298117e-01
1.561309233023937537e+00 6.985250938586500258e-01
1.562286272594040071e+00 6.970122055439396114e-01
1.563263312164142604e+00 6.955051006534466174e-01
1.564240351734245138e+00 6.940037453155351033e-01
1.565217391304347672e+00 6.925081059379818438e-01
1.566194430874450427e+00 6.910181492049149998e-01
1.567171470444552961e+00 6.895338420737997520e-01
1.568148510014655495e+00 6.880551517724589061e-01
1.569125549584758250e+00 6.865820457961405721e-01
1.570102589154860784e+00 6.851144919046232573e-01
1.571079628724963317e+00 6.836524581193602623e-01
1.572056668295065851e+00 6.821959127206651541e-01
1.573033707865168385e+00 6.807448242449333220e-01
1.574010747435271140e+00 6.792991614819031687e-01
1.574987787005373674e+00 6.778588934719532721e-01
1.575964826575476208e+00 6.764239895034362959e-01
1.576941866145578963e+00 6.749944191100467616e-01
1.577918905715681497e+00 6.735701520682305654e-01
1.578895945285784030e+00 6.721511583946198076e-01
1.579872984855886564e+00 6.707374083435103662e-01
1.580850024425989098e+00 6.693288724043666704e-01
1.581827063996091853e+00 6.679255212993637780e-01
1.582804103566194387e+00 6.665273259809612050e-01
1.583781143136296921e+00 6.651342576295050657e-01
1.584758182706399676e+00 6.637462876508669618e-01
1.585735222276502210e+00 6.623633876741112925e-01
1.586712261846604743e+00 6.609855295491925409e-01
1.587689301416707277e+00 6.596126853446825367e-01
1.588666340986809811e+00 6.582448273455293597e-01
1.589643380556912566e+00 6.568819280508432223e-01
1.590620420127015100e+00 6.555239601717121056e-01
1.591597459697117634e+00 6.541708966290433747e-01
1.592574499267220389e+00 6.528227105514368134e-01
1.593551538837322923e+00 6.514793752730813070e-01
1.594528578407425456e+00 6.501408643316807234e-01
1.595505617977527990e+00 6.488071514664053296e-01
1.596482657547630524e+00 6.474782106158685213e-01
1.597459697117733279e+00 6.461540159161308639e-01
1.598436736687835813e+00 6.448345416987290024e-01
1.599413776257938347e+00 6.435197624887262213e-01
1.600390815828041102e+00 6.422096530027933126e-01
1.601367855398143636e+00 6.409041881473082070e-01
1.602344894968246169e+00 6.396033430164822509e-01
1.603321934538348703e+00 6.383070928905080210e-01
1.604298974108451237e+00 6.370154132337327857e-01
1.605276013678553992e+00 6.357282796928506174e-01
1.606253053248656526e+00 6.344456680951222616e-01
1.607230092818759060e+00 6.331675544466107697e-01
1.608207132388861815e+00 6.318939149304431124e-01
1.609184171958964349e+00 6.306247259050926646e-01
1.610161211529066883e+00 6.293599639026805637e-01
1.611138251099169416e+00 6.280996056272992734e-01
1.612115290669271950e+00 6.268436279533573519e-01
1.613092330239374705e+00 6.255920079239423170e-01
1.614069369809477239e+00 6.243447227492050500e-01
1.615046409379579773e+00 6.231017498047612957e-01
1.616023448949682528e+00 6.218630666301160348e-01
1.617000488519785062e+00 6.206286509271043972e-01
1.617977528089887596e+00 6.193984805583501174e-01
1.618954567659990129e+00 6.181725335457450843e-01
1.619931607230092663e+00 6.169507880689452106e-01
1.620908646800195418e+00 6.157332224638857321e-01
1.621885686370297952e+00 6.145198152213118270e-01
1.622862725940400486e+00 6.133105449853284430e-01
1.623839765510503241e+00 6.121053905519661109e-01
1.624816805080605775e+00 6.109043308677654105e-01
1.625793844650708309e+00 6.097073450283749807e-01
1.626770884220810842e+00 6.085144122771691810e-01
1.627747923790913376e+00 6.073255120038790755e-01
1.628724963361016131e+00 6.061406237432414024e-01
1.629702002931118665e+00 6.049597271736630866e-01
1.630679042501221199e+00 6.037828021158990754e-01
1.631656082071323954e+00 6.026098285317476044e-01
1.632633121641426488e+00 6.014407865227610062e-01
1.633610161211529022e+00 6.002756563289677327e-01
1.634587200781631555e+00 5.991144183276133628e-01
1.635564240351734089e+00 5.979570530319142652e-01
1.636541279921836844e+00 5.968035410898230309e-01
1.637518319491939378e+00 5.956538632828132229e-01
1.638495359062041912e+00 5.945080005246725641e-01
1.639472398632144667e+00 5.933659338603133326e-01
1.640449438202247201e+00 5.922276444645947491e-01
1.641426477772349735e+00 5.910931136411585740e-01
1.642403517342452268e+00 5.899623228212783621e-01
1.643380556912554802e+00 5.888352535627209283e-01
1.644357596482657558e+00 5.877118875486219141e-01
1.645334636052760091e+00 5.865922065863719004e-01
1.646311675622862625e+00 5.854761926065167321e-01
1.647288715192965380e+00 5.843638276616683891e-01
1.648265754763067914e+00 5.832550939254297351e-01
1.649242794333170448e+00 5.821499736913295919e-01
1.650219833903272981e+00 5.810484493717708032e-01
1.651196873473375515e+00 5.799505034969882900e-01
1.652173913043478271e+00 5.788561187140200959e-01
1.653150952613580804e+00 5.777652777856896460e-01
1.654127992183683338e+00 5.766779635895972200e-01
1.655105031753786093e+00 5.755941591171248595e-01
1.656082071323888627e+00 5.745138474724506006e-01
1.657059110893991161e+00 5.734370118715739206e-01
1.658036150464093694e+00 5.723636356413510651e-01
1.659013190034196228e+00 5.712937022185416991e-01
1.659990229604298984e+00 5.702271951488655510e-01
1.660967269174401517e+00 5.691640980860693810e-01
1.661944308744504051e+00 5.681043947910027203e-01
1.662921348314606806e+00 5.670480691307043797e-01
1.663898387884709340e+00 5.659951050775008374e-01
1.664875427454811874e+00 5.649454867081087350e-01
1.665852467024914407e+00 5.638991982027532490e-01
1.666829506595016941e+00 5.628562238442915699e-01
1.667806546165119697e+00 5.618165480173459292e-01
1.668783585735222230e+00 5.607801552074501705e-01
1.669760625305324764e+00 5.597470300001975430e-01
1.670737664875427519e+00 5.587171570804045917e-01
1.671714704445530053e+00 5.576905212312809335e-01
1.672691744015632587e+00 5.566671073336063591e-01
1.673668783585735120e+00 5.556469003649195937e-01
1.674645823155837654e+00 5.546298853987120525e-01
1.675622862725940410e+00 5.536160476036336986e-01
1.676599902296042943e+00 5.526053722427043402e-01
1.677576941866145477e+00 5.515978446725335882e-01
1.678553981436248232e+00 5.505934503425494730e-01
1.679531021006350766e+00 5.495921747942357216e-01
1.680508060576453300e+00 5.485940036603742520e-01
1.681485100146555833e+00 5.475989226642982155e-01
1.682462139716658367e+00 5.466069176191513668e-01
1.683439179286761123e+00 5.456179744271546506e-01
1.684416218856863656e+00 5.446320790788818922e-01
1.685393258426966190e+00 5.436492176525411502e-01
1.686370297997068946e+00 5.426693763132621751e-01
1.687347337567171479e+00 5.416925413123968580e-01
1.688324377137274013e+00 5.407186989868190130e-01
1.689301416707376546e+00 5.397478357582365938e-01
1.690278456277479080e+00 5.387799381325085735e-01
1.691255495847581836e+00 5.378149926989700402e-01
1.692232535417684369e+00 5.368529861297628436e-01
1.693209574987786903e+00 5.358939051791729025e-01
1.694186614557889659e+00 5.349377366829747293e-01
1.695163654127992192e+00 5.339844675577837263e-01
1.696140693698094726e+00 5.330340848004111454e-01
1.697117733268197259e+00 5.320865754872293740e-01
1.698094772838299793e+00 5.311419267735417726e-01
1.699071812408402549e+00 5.302001258929581740e-01
1.700048851978505082e+00 5.292611601567780433e-01
1.701025891548607616e+00 5.283250169533785234e-01
1.702002931118710372e+00 5.273916837476081421e-01
1.702979970688812905e+00 5.264611480801887344e-01
1.703957010258915439e+00 5.255333975671201419e-01
1.704934049829017972e+00 5.246084198990927927e-01
1.705911089399120506e+00 5.236862028409053904e-01
1.706888128969223262e+00 5.227667342308880416e-01
1.707865168539325795e+00 5.218500019803312684e-01
1.708842208109428329e+00 5.209359940729210159e-01
1.709819247679531085e+00 5.200246985641766573e-01
1.710796287249633618e+00 5.191161035808994351e-01
1.711773326819736152e+00 5.182101973206200141e-01
1.712750366389838685e+00 5.173069680510555823e-01
1.713727405959941219e+00 5.164064041095713931e-01
1.714704445530043975e+00 5.155084939026460811e-01
1.715681485100146508e+00 5.146132259053437519e-01
1.716658524670249042e+00 5.137205886607900673e-01
1.717635564240351798e+00 5.128305707796524393e-01
1.718612603810454331e+00 5.119431609396286609e-01
1.719589643380556865e+00 5.110583478849362038e-01
1.720566682950659398e+00 5.101761204258072890e-01
1.721543722520761932e+00 5.092964674379922840e-01
1.722520762090864688e+00 5.084193778622622117e-01
1.723497801660967221e+00 5.075448407039209187e-01
1.724474841231069755e+00 5.066728450323179089e-01
1.725451880801172511e+00 5.058033799803682840e-01
1.726428920371275044e+00 5.049364347440761236e-01
1.727405959941377578e+00 5.040719985820628635e-01
1.728382999511480111e+00 5.032100608150990029e-01
1.729360039081582645e+00 5.023506108256408087e-01
1.730337078651685401e+00 5.014936380573721264e-01
1.731314118221787934e+00 5.006391320147492996e-01
1.732291157791890468e+00 4.997870822625498088e-01
1.733268197361993224e+00 4.989374784254266837e-01
1.734245236932095757e+00 4.980903101874664674e-01
1.735222276502198291e+00 4.972455672917496794e-01
1.736199316072300824e+00 4.964032395399177733e-01
1.737176355642403358e+00 4.955633167917424808e-01
1.738153395212506114e+00 4.947257889646987650e-01
1.739130434782608647e+00 4.938906460335434900e-01
1.740107474352711181e+00 4.930578780298960906e-01
1.741084513922813937e+00 4.922274750418229594e-01
1.742061553492916470e+00 4.913994272134286634e-01
1.743038593063019004e+00 4.905737247444457716e-01
1.744015632633121538e+00 4.897503578898324550e-01
1.744992672203224071e+00 4.889293169593727506e-01
1.745969711773326827e+00 4.881105923172793792e-01
1.746946751343429360e+00 4.872941743818011706e-01
1.747923790913531894e+00 4.864800536248331531e-01
1.748900830483634650e+00 4.856682205715310285e-01
1.749877870053737183e+00 4.848586657999284788e-01
1.750854909623839717e+00 4.840513799405579687e-01
1.751831949193942251e+00 4.832463536760754352e-01
1.752808988764044784e+00 4.824435777408868642e-01
1.753786028334147540e+00 4.816430429207800290e-01
1.754763067904250073e+00 4.808447400525585613e-01
1.755740107474352607e+00 4.800486600236794632e-01
1.756717147044455363e+00 4.792547937718920070e-01
1.757694186614557896e+00 4.784631322848841295e-01
1.758671226184660430e+00 4.776736665999269937e-01
1.759648265754762964e+00 4.768863878035258796e-01
1.760625305324865497e+00 4.761012870310733502e-01
1.761602344894968253e+00 4.753183554665044164e-01
1.762579384465070786e+00 4.745375843419565309e-01
1.763556424035173320e+00 4.737589649374306933e-01
1.764533463605276076e+00 4.729824885804566059e-01
1.765510503175378609e+00 4.722081466457608845e-01
1.766487542745481143e+00 4.714359305549372103e-01
1.767464582315583677e+00 4.706658317761197030e-01
1.768441621885686210e+00 4.698978418236599564e-01
1.769418661455788966e+00 4.691319522578049073e-01
1.770395701025891499e+00 4.683681546843805887e-01
1.771372740595994033e+00 4.676064407544748280e-01
1.772349780166096789e+00 4.668468021641252186e-01
1.773326819736199322e+00 4.660892306540094787e-01
1.774303859306301856e+00 4.653337180091374203e-01
1.775280898876404390e+00 4.645802560585461927e-01
1.776257938446506923e+00 4.638288366749985236e-01
1.777234978016609679e+00 4.630794517746826267e-01
1.778212017586712212e+00 4.623320933169156599e-01
1.779189057156814746e+00 4.615867533038482962e-01
1.780166096726917502e+00 4.608434237801727340e-01
1.781143136297020035e+00 4.601020968328344285e-01
1.782120175867122569e+00 4.593627645907427670e-01
1.783097215437225103e+00 4.586254192244874628e-01
1.784074255007327636e+00 4.578900529460559476e-01
1.785051294577430392e+00 4.571566580085533182e-01
1.786028334147532926e+00 4.564252267059249468e-01
1.787005373717635459e+00 4.556957513726797582e-01
1.787982413287738215e+00 4.549682243836187245e-01
1.788959452857840748e+00 4.542426381535634716e-01
1.789936492427943282e+00 4.535189851370868830e-01
1.790913531998045816e+00 4.527972578282477567e-01
1.791890571568148349e+00 4.520774487603260172e-01
1.792867611138251105e+00 4.513595505055609802e-01
1.793844650708353639e+00 4.506435556748916160e-01
1.794821690278456172e+00 4.499294569176984226e-01
1.795798729848558928e+00 4.492172469215477970e-01
1.796775769418661461e+00 4.485069184119399588e-01
1.797752808988763995e+00 4.477984641520551534e-01
1.798729848558866529e+00 4.470918769425057393e-01
1.799706888128969062e+00 4.463871496210891077e-01
1.800683927699071818e+00 4.456842750625415461e-01
1.801660967269174352e+00 4.449832461782953774e-01
1.802638006839276885e+00 4.442840559162374858e-01
1.803615046409379641e+00 4.435866972604696201e-01
1.804592085979482174e+00 4.428911632310720270e-01
1.805569125549584708e+00 4.421974468838660299e-01
1.806546165119687242e+00 4.415055413101822146e-01
1.807523204689789775e+00 4.408154396366278927e-01
1.808500244259892531e+00 4.401271350248568970e-01
1.809477283829995065e+00 4.394406206713420970e-01
1.810454323400097598e+00 4.387558898071490798e-01
1.811431362970200354e+00 4.380729356977111633e-01
1.812408402540302887e+00 4.373917516426077956e-01
1.813385442110405421e+00 4.367123309753430105e-01
1.814362481680507955e+00 4.360346670631259358e-01
1.815339521250610488e+00 4.353587533066543558e-01
1.816316560820713244e+00 4.346845831398986060e-01
1.817293600390815778e+00 4.340121500298881330e-01
1.818270639960918311e+00 4.333414474764984980e-01
1.819247679531021067e+00 4.326724690122409345e-01
1.820224719101123600e+00 4.320052082020544582e-01
1.821201758671226134e+00 4.313396586430975344e-01
1.822178798241328668e+00 4.306758139645426309e-01
1.823155837811431201e+00 4.300136678273728252e-01
1.824132877381533957e+00 4.293532139241786338e-01
1.825109916951636491e+00 4.286944459789581718e-01
1.826086956521739024e+00 4.280373577469166468e-01
1.827063996091841780e+00 4.273819430142695719e-01
1.828041035661944314e+00 4.267281955980467556e-01
1.829018075232046847e+00 4.260761093458965143e-01
1.829995114802149381e+00 4.254256781358938810e-01
1.830972154372251914e+00 4.247768958763483704e-01
1.831949193942354670e+00 4.241297565056135199e-01
1.832926233512457204e+00 4.234842539918990956e-01
1.833903273082559737e+00 4.228403823330832978e-01
1.834880312652662493e+00 4.221981355565263550e-01
1.835857352222765027e+00 4.215575077188881137e-01
1.836834391792867560e+00 4.209184929059429647e-01
1.837811431362970094e+00 4.202810852323997093e-01
1.838788470933072627e+00 4.196452788417205926e-01
1.839765510503175383e+00 4.190110679059433352e-01
1.840742550073277917e+00 4.183784466255032752e-01
1.841719589643380450e+00 4.177474092290570096e-01
1.842696629213483206e+00 4.171179499733084217e-01
1.843673668783585740e+00 4.164900631428351541e-01
1.844650708353688273e+00 4.158637430499160237e-01
1.845627747923790807e+00 4.152389840343605476e-01
1.846604787493893340e+00 4.146157804633399113e-01
1.847581827063996096e+00 4.139941267312181039e-01
1.848558866634098630e+00 4.133740172593854956e-01
1.849535906204201163e+00 4.127554464960930813e-01
1.850512945774303919e+00 4.121384089162880016e-01
1.851489985344406453e+00 4.115228990214502836e-01
1.852467024914508986e+00 4.109089113394311932e-01
1.853444064484611520e+00 4.102964404242918639e-01
1.854421104054714053e+00 4.096854808561446459e-01
1.855398143624816809e+00 4.090760272409942888e-01
1.856375183194919343e+00 4.084680742105805118e-01
1.857352222765021876e+00 4.078616164222226281e-01
1.858329262335124632e+00 4.072566485586640583e-01
1.859306301905227166e+00 4.066531653279195080e-01
1.860283341475329699e+00 4.060511614631214239e-01
1.861260381045432233e+00 4.054506317223692258e-01
1.862237420615534766e+00 4.048515708885787601e-01
1.863214460185637522e+00 4.042539737693330859e-01
1.864191499755740056e+00 4.036578351967350931e-01
1.865168539325842589e+00 4.030631500272591206e-01
1.866145578895945345e+00 4.024699131416061837e-01
1.867122618466047879e+00 4.018781194445588678e-01
1.868099658036150412e+00 4.012877638648373324e-01
1.869076697606252946e+00 4.006988413549563699e-01
1.870053737176355479e+00 4.001113468910846294e-01
1.871030776746458235e+00 3.995252754729026745e-01
1.872007816316560769e+00 3.989406221234647609e-01
1.872984855886663302e+00 3.983573818890590035e-01
1.873961895456766058e+00 3.977755498390702638e-01
1.874938935026868592e+00 3.971951210658435927e-01
1.875915974596971125e+00 3.966160906845487277e-01
1.876893014167073659e+00 3.960384538330450899e-01
1.877870053737176192e+00 3.954622056717480572e-01
1.878847093307278948e+00 3.948873413834967927e-01
1.879824132877381482e+00 3.943138561734224057e-01
1.880801172447484015e+00 3.937417452688166120e-01
1.881778212017586771e+00 3.931710039190017825e-01
1.882755251587689305e+00 3.926016273952034341e-01
1.883732291157791838e+00 3.920336109904205002e-01
1.884709330727894372e+00 3.914669500192992646e-01
1.885686370297996906e+00 3.909016398180065188e-01
1.886663409868099661e+00 3.903376757441048284e-01
1.887640449438202195e+00 3.897750531764281878e-01
1.888617489008304728e+00 3.892137675149580645e-01
1.889594528578407484e+00 3.886538141807007740e-01
1.890571568148510018e+00 3.880951886155663000e-01
1.891548607718612551e+00 3.875378862822467796e-01
1.892525647288715085e+00 3.869819026640970439e-01
1.893502686858817619e+00 3.864272332650144359e-01
1.894479726428920374e+00 3.858738736093215715e-01
1.895456765999022908e+00 3.853218192416484889e-01
1.896433805569125441e+00 3.847710657268155754e-01
1.897410845139228197e+00 3.842216086497178273e-01
1.898387884709330731e+00 3.836734436152104966e-01
1.899364924279433264e+00 3.831265662479935719e-01
1.900341963849535798e+00 3.825809721924994800e-01
1.901319003419638332e+00 3.820366571127797317e-01
1.902296042989741087e+00 3.814936166923931782e-01
1.903273082559843621e+00 3.809518466342954879e-01
1.904250122129946154e+00 3.804113426607280135e-01
1.905227161700048910e+00 3.798721005131084349e-01
1.906204201270151444e+00 3.793341159519225125e-01
1.907181240840253977e+00 3.787973847566155072e-01
1.908158280410356511e+00 3.782619027254848221e-01
1.909135319980459045e+00 3.777276656755739204e-01
1.910112359550561800e+00 3.771946694425658553e-01
1.911089399120664334e+00 3.766629098806795750e-01
1.912066438690766867e+00 3.761323828625633969e-01
1.913043478260869623e+00 3.756030842791931446e-01
1.914020517830972157e+00 3.750750100397687858e-01
1.914997557401074690e+00 3.745481560716115155e-01
1.915974596971177224e+00 3.740225183200632797e-01
1.916951636541279758e+00 3.734980927483851909e-01
1.917928676111382513e+00 3.729748753376574411e-01
1.918905715681485047e+00 3.724528620866803807e-01
1.919882755251587581e+00 3.719320490118752098e-01
1.920859794821690336e+00 3.714124321471859447e-01
1.921836834391792870e+00 3.708940075439826622e-01
1.922813873961895403e+00 3.703767712709633009e-01
1.923790913531997937e+00 3.698607194140590138e-01
1.924767953102100471e+00 3.693458480763376905e-01
1.925744992672203226e+00 3.688321533779096995e-01
1.926722032242305760e+00 3.683196314558336293e-01
1.927699071812408294e+00 3.678082784640223646e-01
1.928676111382511049e+00 3.672980905731502710e-01
1.929653150952613583e+00 3.667890639705618239e-01
1.930630190522716116e+00 3.662811948601783496e-01
1.931607230092818650e+00 3.657744794624079310e-01
1.932584269662921184e+00 3.652689140140552015e-01
1.933561309233023939e+00 3.647644947682306404e-01
1.934538348803126473e+00 3.642612179942621431e-01
1.935515388373229007e+00 3.637590799776058148e-01
1.936492427943331762e+00 3.632580770197580411e-01
1.937469467513434296e+00 3.627582054381686127e-01
1.938446507083536829e+00 3.622594615661525741e-01
1.939423546653639363e+00 3.617618417528050689e-01
1.940400586223741897e+00 3.612653423629150762e-01
1.941377625793844652e+00 3.607699597768805888e-01
1.942354665363947186e+00 3.602756903906236263e-01
1.943331704934049720e+00 3.597825306155061353e-01
1.944308744504152475e+00 3.592904768782468894e-01
1.945285784074255009e+00 3.587995256208384998e-01
1.946262823644357542e+00 3.583096733004644818e-01
1.947239863214460076e+00 3.578209163894179867e-01
1.948216902784562610e+00 3.573332513750203110e-01
1.949193942354665365e+00 3.568466747595400723e-01
1.950170981924767899e+00 3.563611830601129959e-01
1.951148021494870433e+00 3.558767728086619231e-01
1.952125061064973188e+00 3.553934405518179296e-01
1.953102100635075722e+00 3.549111828508418887e-01
1.954079140205178255e+00 3.544299962815455896e-01
1.955056179775280789e+00 3.539498774342142440e-01
1.956033219345383323e+00 3.534708229135299917e-01
1.957010258915486078e+00 3.529928293384941296e-01
1.957987298485588612e+00 3.525158933423522267e-01
1.958964338055691146e+00 3.520400115725172419e-01
1.959941377625793901e+00 3.515651806904950827e-01
1.960918417195896435e+00 3.510913973718097769e-01
1.961895456765998969e+00 3.506186583059290318e-01
1.962872496336101502e+00 3.501469601961907374e-01
1.963849535906204036e+00 3.496762997597294698e-01
1.964826575476306791e+00 3.492066737274039934e-01
1.965803615046409325e+00 3.487380788437248746e-01
1.966780654616511859e+00 3.482705118667823174e-01
1.967757694186614614e+00 3.478039695681749421e-01
1.968734733756717148e+00 3.473384487329391757e-01
1.969711773326819682e+00 3.468739461594783080e-01
1.970688812896922215e+00 3.464104586594924928e-01
1.971665852467024749e+00 3.459479830579094695e-01
1.972642892037127504e+00 3.454865161928151740e-01
1.973619931607230038e+00 3.450260549153849055e-01
1.974596971177332572e+00 3.445665960898156022e-01
1.975574010747435327e+00 3.441081365932572855e-01
1.976551050317537861e+00 3.436506733157462246e-01
1.977528089887640395e+00 3.431942031601374898e-01
1.978505129457742928e+00 3.427387230420388953e-01
1.979482169027845462e+00 3.422842298897444402e-01
1.980459208597948217e+00 3.418307206441686952e-01
1.981436248168050751e+00 3.413781922587816875e-01
1.982413287738153285e+00 3.409266416995439530e-01
1.983390327308256040e+00 3.404760659448416438e-01
1.984367366878358574e+00 3.400264619854230230e-01
1.985344406448461108e+00 3.395778268243345721e-01
1.986321446018563641e+00 3.391301574768573190e-01
1.987298485588666175e+00 3.386834509704447216e-01
1.988275525158768930e+00 3.382377043446592180e-01
1.989252564728871464e+00 3.377929146511114977e-01
1.990229604298973998e+00 3.373490789533971079e-01
1.991206643869076753e+00 3.369061943270363346e-01
1.992183683439179287e+00 3.364642578594130295e-01
1.993160723009281821e+00 3.360232666497137144e-01
1.994137762579384354e+00 3.355832178088674067e-01
1.995114802149486888e+00 3.351441084594862230e-01
1.996091841719589643e+00 3.347059357358053711e-01
1.997068881289692177e+00 3.342686967836249745e-01
1.998045920859794711e+00 3.338323887602500650e-01
1.999022960429897466e+00 3.333970088344330174e-01
2.000000000000000000e+00 3.329625541863158733e-01
