x	y
0.000000000000000000e+00 9.724148118236188854e-01
9.770395701025891277e-04 9.724156631350663327e-01
1.954079140205178255e-03 9.724182170776075607e-01
2.931118710307767383e-03 9.724224736758366738e-01
3.908158280410356511e-03 9.724284329707464369e-01
4.885197850512945639e-03 9.724360950197271647e-01
5.862237420615534766e-03 9.724454598965681651e-01
6.839276990718123894e-03 9.724565276914598488e-01
7.816316560820713022e-03 9.724692985109958387e-01
8.793356130923302150e-03 9.724837724781736359e-01
9.770395701025891277e-03 9.724999497323995046e-01
1.074743527112848041e-02 9.725178304294900267e-01
1.172447484123106953e-02 9.725374147416749882e-01
1.270151441133365866e-02 9.725587028576021531e-01
1.367855398143624779e-02 9.725816949823410384e-01
1.465559355153883692e-02 9.726063913373863556e-01
1.563263312164142604e-02 9.726327921606634508e-01
1.660967269174401517e-02 9.726608977065337447e-01
1.758671226184660430e-02 9.726907082457987297e-01
1.856375183194919343e-02 9.727222240657075192e-01
1.954079140205178255e-02 9.727554454699607334e-01
2.051783097215437168e-02 9.727903727787188259e-01
2.149487054225696081e-02 9.728270063286080793e-01
2.247191011235954994e-02 9.728653464727275990e-01
2.344894968246213907e-02 9.729053935806574183e-01
2.442598925256472819e-02 9.729471480384649373e-01
2.540302882266731732e-02 9.729906102487145825e-01
2.638006839276990645e-02 9.730357806304755774e-01
2.735710796287249558e-02 9.730826596193316025e-01
2.833414753297508470e-02 9.731312476673880107e-01
2.931118710307767383e-02 9.731815452432842628e-01
3.028822667318026296e-02 9.732335528322009210e-01
3.126526624328285209e-02 9.732872709358725283e-01
3.224230581338544122e-02 9.733427000725963785e-01
3.321934538348803034e-02 9.733998407772437300e-01
3.419638495359061947e-02 9.734586936012722402e-01
3.517342452369320860e-02 9.735192591127367345e-01
3.615046409379579773e-02 9.735815378963011968e-01
3.712750366389838685e-02 9.736455305532517590e-01
3.810454323400097598e-02 9.737112377015082476e-01
3.908158280410356511e-02 9.737786599756387274e-01
4.005862237420615424e-02 9.738477980268724910e-01
4.103566194430874337e-02 9.739186525231124936e-01
4.201270151441133249e-02 9.739912241489518951e-01
4.298974108451392162e-02 9.740655136056866059e-01
4.396678065461651075e-02 9.741415216113307185e-01
4.494382022471909988e-02 9.742192489006326062e-01
4.592085979482168900e-02 9.742986962250886895e-01
4.689789936492427813e-02 9.743798643529616443e-01
4.787493893502686726e-02 9.744627540692941681e-01
4.885197850512945639e-02 9.745473661759278539e-01
4.982901807523204551e-02 9.746337014915188446e-01
5.080605764533463464e-02 9.747217608515563736e-01
5.178309721543722377e-02 9.748115451083780858e-01
5.276013678553981290e-02 9.749030551311914650e-01
5.373717635564240203e-02 9.749962918060897099e-01
5.471421592574499115e-02 9.750912560360718295e-01
5.569125549584758028e-02 9.751879487410609615e-01
5.666829506595016941e-02 9.752863708579249113e-01
5.764533463605275854e-02 9.753865233404948043e-01
5.862237420615534766e-02 9.754884071595874007e-01
5.959941377625793679e-02 9.755920233030223043e-01
6.057645334636052592e-02 9.756973727756464987e-01
6.155349291646311505e-02 9.758044565993542196e-01
6.253053248656570418e-02 9.759132758131080498e-01
6.350757205666829330e-02 9.760238314729615672e-01
6.448461162677088243e-02 9.761361246520827706e-01
6.546165119687347156e-02 9.762501564407749521e-01
6.643869076697606069e-02 9.763659279465020102e-01
6.741573033707864981e-02 9.764834402939103208e-01
6.839276990718123894e-02 9.766026946248531626e-01
6.936980947728382807e-02 9.767236920984155857e-01
7.034684904738641720e-02 9.768464338909390587e-01
7.132388861748900633e-02 9.769709211960450057e-01
7.230092818759159545e-02 9.770971552246627834e-01
7.327796775769418458e-02 9.772251372050529961e-01
7.425500732779677371e-02 9.773548683828353623e-01
7.523204689789936284e-02 9.774863500210151379e-01
7.620908646800195196e-02 9.776195834000083185e-01
7.718612603810454109e-02 9.777545698176711708e-01
7.816316560820713022e-02 9.778913105893277669e-01
7.914020517830971935e-02 9.780298070477951855e-01
8.011724474841230847e-02 9.781700605434157092e-01
8.109428431851489760e-02 9.783120724440840243e-01
8.207132388861748673e-02 9.784558441352753100e-01
8.304836345872007586e-02 9.786013770200775452e-01
8.402540302882266499e-02 9.787486725192185988e-01
8.500244259892525411e-02 9.788977320710980923e-01
8.597948216902784324e-02 9.790485571318190416e-01
8.695652173913043237e-02 9.792011491752167229e-01
8.793356130923302150e-02 9.793555096928917569e-01
8.891060087933561062e-02 9.795116401942423057e-01
8.988764044943819975e-02 9.796695422064949366e-01
9.086468001954078888e-02 9.798292172747390394e-01
9.184171958964337801e-02 9.799906669619582456e-01
9.281875915974596714e-02 9.801538928490651781e-01
9.379579872984855626e-02 9.803188965349344253e-01
9.477283829995114539e-02 9.804856796364372906e-01
9.574987787005373452e-02 9.806542437884779861e-01
9.672691744015632365e-02 9.808245906440250517e-01
9.770395701025891277e-02 9.809967218741499906e-01
9.868099658036150190e-02 9.811706391680615758e-01
9.965803615046409103e-02 9.813463442331430420e-01
1.006350757205666802e-01 9.815238387949886123e-01
1.016121152906692693e-01 9.817031245974393583e-01
1.025891548607718584e-01 9.818842034026223908e-01
1.035661944308744475e-01 9.820670769909877196e-01
1.045432340009770367e-01 9.822517471613466666e-01
1.055202735710796258e-01 9.824382157309108354e-01
1.064973131411822149e-01 9.826264845353313016e-01
1.074743527112848041e-01 9.828165554287373595e-01
1.084513922813873932e-01 9.830084302837772681e-01
1.094284318514899823e-01 9.832021109916582180e-01
1.104054714215925714e-01 9.833975994621874106e-01
1.113825109916951606e-01 9.835948976238126917e-01
1.123595505617977497e-01 9.837940074236646293e-01
1.133365901319003388e-01 9.839949308275983686e-01
1.143136297020029279e-01 9.841976698202354878e-01
1.152906692721055171e-01 9.844022264050081850e-01
1.162677088422081062e-01 9.846086026042007999e-01
1.172447484123106953e-01 9.848168004589947788e-01
1.182217879824132845e-01 9.850268220295130828e-01
1.191988275525158736e-01 9.852386693948627094e-01
1.201758671226184627e-01 9.854523446531822106e-01
1.211529066927210518e-01 9.856678499216851019e-01
1.221299462628236410e-01 9.858851873367067142e-01
1.231069858329262301e-01 9.861043590537500458e-01
1.240840254030288192e-01 9.863253672475329470e-01
1.250610649731314084e-01 9.865482141120343051e-01
1.260381045432339975e-01 9.867729018605424507e-01
1.270151441133365866e-01 9.869994327257023414e-01
1.279921836834391757e-01 9.872278089595659667e-01
1.289692232535417649e-01 9.874580328336376445e-01
1.299462628236443540e-01 9.876901066389266459e-01
1.309233023937469431e-01 9.879240326859960453e-01
1.319003419638495322e-01 9.881598133050111255e-01
1.328773815339521214e-01 9.883974508457932240e-01
1.338544211040547105e-01 9.886369476778680276e-01
1.348314606741572996e-01 9.888783061905176419e-01
1.358085002442598888e-01 9.891215287928344368e-01
1.367855398143624779e-01 9.893666179137712291e-01
1.377625793844650670e-01 9.896135760021955718e-01
1.387396189545676561e-01 9.898624055269417132e-01
1.397166585246702453e-01 9.901131089768664406e-01
1.406936980947728344e-01 9.903656888609011499e-01
1.416707376648754235e-01 9.906201477081081341e-01
1.426477772349780127e-01 9.908764880677355391e-01
1.436248168050806018e-01 9.911347125092719867e-01
1.446018563751831909e-01 9.913948236225037514e-01
1.455788959452857800e-01 9.916568240175711590e-01
1.465559355153883692e-01 9.919207163250250980e-01
1.475329750854909583e-01 9.921865031958853054e-01
1.485100146555935474e-01 9.924541873016976545e-01
1.494870542256961365e-01 9.927237713345925529e-01
1.504640937957987257e-01 9.929952580073458934e-01
1.514411333659013148e-01 9.932686500534342322e-01
1.524181729360039039e-01 9.935439502270997369e-01
1.533952125061064931e-01 9.938211613034062530e-01
1.543722520762090822e-01 9.941002860783033634e-01
1.553492916463116713e-01 9.943813273686854526e-01
1.563263312164142604e-01 9.946642880124549890e-01
1.573033707865168496e-01 9.949491708685840319e-01
1.582804103566194387e-01 9.952359788171777355e-01
1.592574499267220278e-01 9.955247147595364110e-01
1.602344894968246169e-01 9.958153816182212514e-01
1.612115290669272061e-01 9.961079823371160602e-01
1.621885686370297952e-01 9.964025198814953077e-01
1.631656082071323843e-01 9.966989972380861929e-01
1.641426477772349735e-01 9.969974174151362556e-01
1.651196873473375626e-01 9.972977834424793242e-01
1.660967269174401517e-01 9.976000983716023507e-01
1.670737664875427408e-01 9.979043652757123573e-01
1.680508060576453300e-01 9.982105872498047150e-01
1.690278456277479191e-01 9.985187674107312006e-01
1.700048851978505082e-01 9.988289088972684970e-01
1.709819247679530974e-01 9.991410148701888039e-01
1.719589643380556865e-01 9.994550885123280048e-01
1.729360039081582756e-01 9.997711330286571663e-01
1.739130434782608647e-01 1.000089151646353258e+00
1.748900830483634539e-01 1.000409147614871541e+00
1.758671226184660430e-01 1.000731124206013956e+00
1.768441621885686321e-01 1.001055084714006727e+00
1.778212017586712212e-01 1.001381032455569642e+00
1.787982413287738104e-01 1.001708970769990881e+00
1.797752808988763995e-01 1.002038903019201621e+00
1.807523204689789886e-01 1.002370832587848870e+00
1.817293600390815778e-01 1.002704762883372958e+00
1.827063996091841669e-01 1.003040697336082143e+00
1.836834391792867560e-01 1.003378639399228112e+00
1.846604787493893451e-01 1.003718592549083466e+00
1.856375183194919343e-01 1.004060560285019887e+00
1.866145578895945234e-01 1.004404546129584741e+00
1.875915974596971125e-01 1.004750553628580123e+00
1.885686370297997017e-01 1.005098586351141465e+00
1.895456765999022908e-01 1.005448647889818359e+00
1.905227161700048799e-01 1.005800741860652048e+00
1.914997557401074690e-01 1.006154871903259584e+00
1.924767953102100582e-01 1.006511041680912211e+00
1.934538348803126473e-01 1.006869254880618403e+00
1.944308744504152364e-01 1.007229515213206250e+00
1.954079140205178255e-01 1.007591826413405611e+00
1.963849535906204147e-01 1.007956192239932935e+00
1.973619931607230038e-01 1.008322616475574751e+00
1.983390327308255929e-01 1.008691102927271599e+00
1.993160723009281821e-01 1.009061655426203963e+00
2.002931118710307712e-01 1.009434277827879312e+00
2.012701514411333603e-01 1.009808974012215144e+00
2.022471910112359494e-01 1.010185747883630247e+00
2.032242305813385386e-01 1.010564603371129300e+00
2.042012701514411277e-01 1.010945544428392129e+00
2.051783097215437168e-01 1.011328575033862087e+00
2.061553492916463060e-01 1.011713699190835980e+00
2.071323888617488951e-01 1.012100920927553549e+00
2.081094284318514842e-01 1.012490244297289177e+00
2.090864680019540733e-01 1.012881673378440706e+00
2.100635075720566625e-01 1.013275212274624026e+00
2.110405471421592516e-01 1.013670865114763675e+00
2.120175867122618407e-01 1.014068636053186534e+00
2.129946262823644298e-01 1.014468529269715757e+00
2.139716658524670190e-01 1.014870548969763586e+00
2.149487054225696081e-01 1.015274699384428381e+00
2.159257449926721972e-01 1.015680984770588324e+00
2.169027845627747864e-01 1.016089409410998456e+00
2.178798241328773755e-01 1.016499977614388150e+00
2.188568637029799646e-01 1.016912693715556149e+00
2.198339032730825537e-01 1.017327562075470482e+00
2.208109428431851429e-01 1.017744587081367502e+00
2.217879824132877320e-01 1.018163773146849804e+00
2.227650219833903211e-01 1.018585124711986811e+00
2.237420615534929103e-01 1.019008646243414917e+00
2.247191011235954994e-01 1.019434342234440294e+00
2.256961406936980885e-01 1.019862217205138588e+00
2.266731802638006776e-01 1.020292275702458618e+00
2.276502198339032668e-01 1.020724522300326953e+00
2.286272594040058559e-01 1.021158961599748283e+00
2.296042989741084450e-01 1.021595598228912882e+00
2.305813385442110341e-01 1.022034436843300531e+00
2.315583781143136233e-01 1.022475482125787760e+00
2.325354176844162124e-01 1.022918738786752213e+00
2.335124572545188015e-01 1.023364211564181891e+00
2.344894968246213907e-01 1.023811905223781293e+00
2.354665363947239798e-01 1.024261824559081102e+00
2.364435759648265689e-01 1.024713974391547877e+00
2.374206155349291580e-01 1.025168359570691523e+00
2.383976551050317472e-01 1.025624984974179643e+00
2.393746946751343363e-01 1.026083855507945453e+00
2.403517342452369254e-01 1.026544976106301466e+00
2.413287738153395146e-01 1.027008351732052072e+00
2.423058133854421037e-01 1.027473987376606113e+00
2.432828529555446928e-01 1.027941888060092124e+00
2.442598925256472819e-01 1.028412058831472908e+00
2.452369320957498711e-01 1.028884504768659225e+00
2.462139716658524602e-01 1.029359230978629691e+00
2.471910112359550493e-01 1.029836242597543139e+00
2.481680508060576384e-01 1.030315544790860294e+00
2.491450903761602276e-01 1.030797142753459905e+00
2.501221299462628167e-01 1.031281041709757984e+00
2.510991695163654058e-01 1.031767246913829039e+00
2.520762090864679950e-01 1.032255763649525093e+00
2.530532486565705841e-01 1.032746597230596697e+00
2.540302882266731732e-01 1.033239753000817052e+00
2.550073277967757623e-01 1.033735236334102803e+00
2.559843673668783515e-01 1.034233052634637939e+00
2.569614069369809406e-01 1.034733207336999028e+00
2.579384465070835297e-01 1.035235705906278003e+00
2.589154860771861189e-01 1.035740553838211175e+00
2.598925256472887080e-01 1.036247756659302244e+00
2.608695652173912971e-01 1.036757319926952192e+00
2.618466047874938862e-01 1.037269249229585411e+00
2.628236443575964754e-01 1.037783550186780035e+00
2.638006839276990645e-01 1.038300228449396512e+00
2.647777234978016536e-01 1.038819289699707271e+00
2.657547630679042427e-01 1.039340739651529955e+00
2.667318026380068319e-01 1.039864584050357532e+00
2.677088422081094210e-01 1.040390828673490864e+00
2.686858817782120101e-01 1.040919479330172592e+00
2.696629213483145993e-01 1.041450541861722145e+00
2.706399609184171884e-01 1.041984022141668520e+00
2.716170004885197775e-01 1.042519926075889281e+00
2.725940400586223666e-01 1.043058259602743121e+00
2.735710796287249558e-01 1.043599028693211084e+00
2.745481191988275449e-01 1.044142239351032009e+00
2.755251587689301340e-01 1.044687897612842420e+00
2.765021983390327232e-01 1.045236009548316636e+00
2.774792379091353123e-01 1.045786581260307324e+00
2.784562774792379014e-01 1.046339618884986056e+00
2.794333170493404905e-01 1.046895128591986301e+00
2.804103566194430797e-01 1.047453116584546207e+00
2.813873961895456688e-01 1.048013589099652254e+00
2.823644357596482579e-01 1.048576552408184037e+00
2.833414753297508470e-01 1.049142012815059699e+00
2.843185148998534362e-01 1.049709976659383370e+00
2.852955544699560253e-01 1.050280450314589720e+00
2.862725940400586144e-01 1.050853440188595167e+00
2.872496336101612036e-01 1.051428952723943988e+00
2.882266731802637927e-01 1.052006994397959083e+00
2.892037127503663818e-01 1.052587571722893633e+00
2.901807523204689709e-01 1.053170691246080537e+00
2.911577918905715601e-01 1.053756359550085175e+00
2.921348314606741492e-01 1.054344583252859513e+00
2.931118710307767383e-01 1.054935369007895529e+00
2.940889106008793275e-01 1.055528723504378430e+00
2.950659501709819166e-01 1.056124653467345853e+00
2.960429897410845057e-01 1.056723165657840191e+00
2.970200293111870948e-01 1.057324266873069574e+00
2.979970688812896840e-01 1.057927963946564409e+00
2.989741084513922731e-01 1.058534263748335480e+00
2.999511480214948622e-01 1.059143173185037146e+00
3.009281875915974513e-01 1.059754699200125660e+00
3.019052271617000405e-01 1.060368848774021933e+00
3.028822667318026296e-01 1.060985628924273616e+00
3.038593063019052187e-01 1.061605046705719868e+00
3.048363458720078079e-01 1.062227109210654552e+00
3.058133854421103970e-01 1.062851823568992771e+00
3.067904250122129861e-01 1.063479196948435845e+00
3.077674645823155752e-01 1.064109236554640070e+00
3.087445041524181644e-01 1.064741949631383244e+00
3.097215437225207535e-01 1.065377343460735871e+00
3.106985832926233426e-01 1.066015425363227909e+00
3.116756228627259317e-01 1.066656202698022193e+00
3.126526624328285209e-01 1.067299682863085852e+00
3.136297020029311100e-01 1.067945873295362169e+00
3.146067415730336991e-01 1.068594781470944000e+00
3.155837811431362883e-01 1.069246414905249853e+00
3.165608207132388774e-01 1.069900781153197089e+00
3.175378602833414665e-01 1.070557887809381770e+00
3.185148998534440556e-01 1.071217742508251636e+00
3.194919394235466448e-01 1.071880352924287516e+00
3.204689789936492339e-01 1.072545726772181851e+00
3.214460185637518230e-01 1.073213871807018105e+00
3.224230581338544122e-01 1.073884795824453064e+00
3.234000977039570013e-01 1.074558506660896917e+00
3.243771372740595904e-01 1.075235012193699102e+00
3.253541768441621795e-01 1.075914320341329944e+00
3.263312164142647687e-01 1.076596439063566057e+00
3.273082559843673578e-01 1.077281376361677978e+00
3.282852955544699469e-01 1.077969140278613347e+00
3.292623351245725360e-01 1.078659738899188758e+00
3.302393746946751252e-01 1.079353180350276054e+00
3.312164142647777143e-01 1.080049472800992838e+00
3.321934538348803034e-01 1.080748624462892327e+00
3.331704934049828926e-01 1.081450643590156968e+00
3.341475329750854817e-01 1.082155538479789625e+00
3.351245725451880708e-01 1.082863317471806752e+00
3.361016121152906599e-01 1.083573988949434685e+00
3.370786516853932491e-01 1.084287561339303707e+00
3.380556912554958382e-01 1.085004043111645444e+00
3.390327308255984273e-01 1.085723442780490711e+00
3.400097703957010165e-01 1.086445768903867126e+00
3.409868099658036056e-01 1.087171030083999401e+00
3.419638495359061947e-01 1.087899234967509399e+00
3.429408891060087838e-01 1.088630392245618639e+00
3.439179286761113730e-01 1.089364510654349694e+00
3.448949682462139621e-01 1.090101598974730024e+00
3.458720078163165512e-01 1.090841666032997148e+00
3.468490473864191403e-01 1.091584720700803146e+00
3.478260869565217295e-01 1.092330771895422936e+00
3.488031265266243186e-01 1.093079828579959667e+00
3.497801660967269077e-01 1.093831899763554105e+00
3.507572056668294969e-01 1.094586994501595800e+00
3.517342452369320860e-01 1.095345121895931140e+00
3.527112848070346751e-01 1.096106291095076513e+00
3.536883243771372642e-01 1.096870511294430139e+00
3.546653639472398534e-01 1.097637791736486124e+00
3.556424035173424425e-01 1.098408141711049835e+00
3.566194430874450316e-01 1.099181570555451515e+00
3.575964826575476208e-01 1.099958087654764549e+00
3.585735222276502099e-01 1.100737702442023958e+00
3.595505617977527990e-01 1.101520424398442222e+00
3.605276013678553881e-01 1.102306263053630886e+00
3.615046409379579773e-01 1.103095227985822824e+00
3.624816805080605664e-01 1.103887328822090508e+00
3.634587200781631555e-01 1.104682575238570941e+00
3.644357596482657446e-01 1.105480976960689921e+00
3.654127992183683338e-01 1.106282543763385418e+00
3.663898387884709229e-01 1.107087285471334281e+00
3.673668783585735120e-01 1.107895211959178949e+00
3.683439179286761012e-01 1.108706333151755485e+00
3.693209574987786903e-01 1.109520659024322065e+00
3.702979970688812794e-01 1.110338199602789677e+00
3.712750366389838685e-01 1.111158964963952611e+00
3.722520762090864577e-01 1.111982965235719822e+00
3.732291157791890468e-01 1.112810210597350080e+00
3.742061553492916359e-01 1.113640711279683781e+00
3.751831949193942251e-01 1.114474477565378319e+00
3.761602344894968142e-01 1.115311519789145667e+00
3.771372740595994033e-01 1.116151848337988861e+00
3.781143136297019924e-01 1.116995473651438253e+00
3.790913531998045816e-01 1.117842406221794205e+00
3.800683927699071707e-01 1.118692656594363788e+00
3.810454323400097598e-01 1.119546235367705034e+00
3.820224719101123489e-01 1.120403153193865853e+00
3.829995114802149381e-01 1.121263420778630726e+00
3.839765510503175272e-01 1.122127048881762734e+00
3.849535906204201163e-01 1.122994048317249138e+00
3.859306301905227055e-01 1.123864429953547628e+00
3.869076697606252946e-01 1.124738204713835010e+00
3.878847093307278837e-01 1.125615383576253681e+00
3.888617489008304728e-01 1.126495977574161200e+00
3.898387884709330620e-01 1.127379997796381872e+00
3.908158280410356511e-01 1.128267455387456542e+00
3.917928676111382402e-01 1.129158361547896394e+00
3.927699071812408294e-01 1.130052727534433643e+00
3.937469467513434185e-01 1.130950564660279323e+00
3.947239863214460076e-01 1.131851884295376198e+00
3.957010258915485967e-01 1.132756697866654783e+00
3.966780654616511859e-01 1.133665016858292907e+00
3.976551050317537750e-01 1.134576852811970848e+00
3.986321446018563641e-01 1.135492217327134012e+00
3.996091841719589532e-01 1.136411122061249834e+00
4.005862237420615424e-01 1.137333578730069794e+00
4.015632633121641315e-01 1.138259599107894315e+00
4.025403028822667206e-01 1.139189195027831003e+00
4.035173424523693098e-01 1.140122378382062873e+00
4.044943820224718989e-01 1.141059161122111032e+00
4.054714215925744880e-01 1.141999555259101573e+00
4.064484611626770771e-01 1.142943572864031365e+00
4.074255007327796663e-01 1.143891226068037614e+00
4.084025403028822554e-01 1.144842527062664539e+00
4.093795798729848445e-01 1.145797488100135153e+00
4.103566194430874337e-01 1.146756121493619718e+00
4.113336590131900228e-01 1.147718439617508857e+00
4.123106985832926119e-01 1.148684454907685115e+00
4.132877381533952010e-01 1.149654179861796521e+00
4.142647777234977902e-01 1.150627627039530587e+00
4.152418172936003793e-01 1.151604809062890089e+00
4.162188568637029684e-01 1.152585738616467737e+00
4.171958964338055575e-01 1.153570428447724172e+00
4.181729360039081467e-01 1.154558891367264861e+00
4.191499755740107358e-01 1.155551140249119646e+00
4.201270151441133249e-01 1.156547188031020967e+00
4.211040547142159141e-01 1.157547047714684973e+00
4.220810942843185032e-01 1.158550732366091962e+00
4.230581338544210923e-01 1.159558255115769487e+00
4.240351734245236814e-01 1.160569629159072802e+00
4.250122129946262706e-01 1.161584867756470185e+00
4.259892525647288597e-01 1.162603984233828269e+00
4.269662921348314488e-01 1.163626991982694259e+00
4.279433317049340380e-01 1.164653904460583256e+00
4.289203712750366271e-01 1.165684735191266252e+00
4.298974108451392162e-01 1.166719497765054347e+00
4.308744504152418053e-01 1.167758205839090291e+00
4.318514899853443945e-01 1.168800873137635810e+00
4.328285295554469836e-01 1.169847513452359600e+00
4.338055691255495727e-01 1.170898140642631757e+00
4.347826086956521618e-01 1.171952768635810216e+00
4.357596482657547510e-01 1.173011411427535178e+00
4.367366878358573401e-01 1.174074083082021991e+00
4.377137274059599292e-01 1.175140797732351361e+00
4.386907669760625184e-01 1.176211569580765559e+00
4.396678065461651075e-01 1.177286412898961965e+00
4.406448461162676966e-01 1.178365342028387275e+00
4.416218856863702857e-01 1.179448371380533933e+00
4.425989252564728749e-01 1.180535515437236116e+00
4.435759648265754640e-01 1.181626788750966384e+00
4.445530043966780531e-01 1.182722205945131888e+00
4.455300439667806423e-01 1.183821781714373911e+00
4.465070835368832314e-01 1.184925530824864959e+00
4.474841231069858205e-01 1.186033468114607858e+00
4.484611626770884096e-01 1.187145608493735516e+00
4.494382022471909988e-01 1.188261966944809567e+00
4.504152418172935879e-01 1.189382558523121469e+00
4.513922813873961770e-01 1.190507398356993596e+00
4.523693209574987661e-01 1.191636501648079438e+00
4.533463605276013553e-01 1.192769883671665143e+00
4.543234000977039444e-01 1.193907559776971716e+00
4.553004396678065335e-01 1.195049545387457002e+00
4.562774792379091227e-01 1.196195856001118996e+00
4.572545188080117118e-01 1.197346507190797604e+00
4.582315583781143009e-01 1.198501514604478180e+00
4.592085979482168900e-01 1.199660893965595498e+00
4.601856375183194792e-01 1.200824661073336630e+00
4.611626770884220683e-01 1.201992831802945139e+00
4.621397166585246574e-01 1.203165422106026616e+00
4.631167562286272465e-01 1.204342448010849997e+00
4.640937957987298357e-01 1.205523925622655090e+00
4.650708353688324248e-01 1.206709871123954780e+00
4.660478749389350139e-01 1.207900300774841451e+00
4.670249145090376031e-01 1.209095230913290298e+00
4.680019540791401922e-01 1.210294677955466414e+00
4.689789936492427813e-01 1.211498658396026995e+00
4.699560332193453704e-01 1.212707188808427983e+00
4.709330727894479596e-01 1.213920285845227154e+00
4.719101123595505487e-01 1.215137966238391209e+00
4.728871519296531378e-01 1.216360246799599532e+00
4.738641914997557270e-01 1.217587144420547496e+00
4.748412310698583161e-01 1.218818676073252449e+00
4.758182706399609052e-01 1.220054858810357246e+00
4.767953102100634943e-01 1.221295709765434667e+00
4.777723497801660835e-01 1.222541246153290961e+00
4.787493893502686726e-01 1.223791485270268931e+00
4.797264289203712617e-01 1.225046444494551912e+00
4.807034684904738508e-01 1.226306141286466422e+00
4.816805080605764400e-01 1.227570593188785031e+00
4.826575476306790291e-01 1.228839817827026115e+00
4.836345872007816182e-01 1.230113832909758953e+00
4.846116267708842074e-01 1.231392656228902815e+00
4.855886663409867965e-01 1.232676305660027838e+00
4.865657059110893856e-01 1.233964799162655002e+00
4.875427454811919747e-01 1.235258154780555673e+00
4.885197850512945639e-01 1.236556390642051362e+00
4.894968246213971530e-01 1.237859524960309043e+00
4.904738641914997421e-01 1.239167576033642915e+00
4.914509037616023313e-01 1.240480562245805940e+00
4.924279433317049204e-01 1.241798502066290499e+00
4.934049829018075095e-01 1.243121414050620155e+00
4.943820224719100986e-01 1.244449316840644526e+00
4.953590620420126878e-01 1.245782229164833277e+00
4.963361016121152769e-01 1.247120169838566550e+00
4.973131411822178660e-01 1.248463157764428288e+00
4.982901807523204551e-01 1.249811211932493782e+00
4.992672203224230443e-01 1.251164351420620990e+00
5.002442598925256334e-01 1.252522595394736538e+00
5.012212994626281670e-01 1.253885963109123036e+00
5.021983390327308117e-01 1.255254473906704193e+00
5.031753786028334563e-01 1.256628147219327696e+00
5.041524181729359899e-01 1.258007002568049426e+00
5.051294577430385235e-01 1.259391059563413684e+00
5.061064973131411682e-01 1.260780337905732518e+00
5.070835368832438128e-01 1.262174857385362392e+00
5.080605764533463464e-01 1.263574637882985296e+00
5.090376160234488800e-01 1.264979699369877642e+00
5.100146555935515247e-01 1.266390061908187148e+00
5.109916951636541693e-01 1.267805745651202409e+00
5.119687347337567029e-01 1.269226770843622898e+00
5.129457743038592366e-01 1.270653157821827195e+00
5.139228138739618812e-01 1.272084927014136557e+00
5.148998534440645258e-01 1.273522098941080261e+00
5.158768930141670594e-01 1.274964694215655614e+00
5.168539325842695931e-01 1.276412733543589306e+00
5.178309721543722377e-01 1.277866237723591203e+00
5.188080117244748823e-01 1.279325227647613472e+00
5.197850512945774160e-01 1.280789724301097943e+00
5.207620908646799496e-01 1.282259748763230789e+00
5.217391304347825942e-01 1.283735322207186336e+00
5.227161700048852389e-01 1.285216465900374416e+00
5.236932095749877725e-01 1.286703201204680846e+00
5.246702491450903061e-01 1.288195549576708343e+00
5.256472887151929507e-01 1.289693532568013223e+00
5.266243282852955954e-01 1.291197171825337220e+00
5.276013678553981290e-01 1.292706489090841737e+00
5.285784074255006626e-01 1.294221506202332783e+00
5.295554469956033072e-01 1.295742245093487455e+00
5.305324865657059519e-01 1.297268727794074428e+00
5.315095261358084855e-01 1.298800976430173781e+00
5.324865657059110191e-01 1.300339013224390383e+00
5.334636052760136637e-01 1.301882860496065941e+00
5.344406448461163084e-01 1.303432540661488837e+00
5.354176844162188420e-01 1.304988076234093741e+00
5.363947239863213756e-01 1.306549489824668786e+00
5.373717635564240203e-01 1.308116804141547629e+00
5.383488031265266649e-01 1.309690041990803300e+00
5.393258426966291985e-01 1.311269226276438937e+00
5.403028822667317321e-01 1.312854380000571641e+00
5.412799218368343768e-01 1.314445526263613884e+00
5.422569614069370214e-01 1.316042688264448479e+00
5.432340009770395550e-01 1.317645889300601558e+00
5.442110405471420886e-01 1.319255152768412431e+00
5.451880801172447333e-01 1.320870502163193461e+00
5.461651196873473779e-01 1.322491961079391709e+00
5.471421592574499115e-01 1.324119553210738376e+00
5.481191988275524452e-01 1.325753302350402230e+00
5.490962383976550898e-01 1.327393232391131939e+00
5.500732779677577344e-01 1.329039367325392407e+00
5.510503175378602680e-01 1.330691731245502885e+00
5.520273571079628017e-01 1.332350348343760871e+00
5.530043966780654463e-01 1.334015242912568899e+00
5.539814362481680909e-01 1.335686439344548004e+00
5.549584758182706246e-01 1.337363962132652517e+00
5.559355153883731582e-01 1.339047835870274650e+00
5.569125549584758028e-01 1.340738085251345080e+00
5.578895945285784475e-01 1.342434735070425544e+00
5.588666340986809811e-01 1.344137810222798768e+00
5.598436736687835147e-01 1.345847335704548842e+00
5.608207132388861593e-01 1.347563336612637386e+00
5.617977528089888040e-01 1.349285838144970828e+00
5.627747923790913376e-01 1.351014865600463910e+00
5.637518319491938712e-01 1.352750444379094530e+00
5.647288715192965158e-01 1.354492599981953482e+00
5.657059110893991605e-01 1.356241358011283094e+00
5.666829506595016941e-01 1.357996744170514303e+00
5.676599902296042277e-01 1.359758784264292197e+00
5.686370297997068723e-01 1.361527504198496663e+00
5.696140693698095170e-01 1.363302929980252376e+00
5.705911089399120506e-01 1.365085087717936352e+00
5.715681485100145842e-01 1.366874003621171285e+00
5.725451880801172289e-01 1.368669704000815113e+00
5.735222276502198735e-01 1.370472215268942362e+00
5.744992672203224071e-01 1.372281563938814397e+00
5.754763067904249407e-01 1.374097776624844336e+00
5.764533463605275854e-01 1.375920880042550642e+00
5.774303859306302300e-01 1.377750901008505613e+00
5.784074255007327636e-01 1.379587866440269650e+00
5.793844650708352972e-01 1.381431803356321764e+00
5.803615046409379419e-01 1.383282738875978524e+00
5.813385442110405865e-01 1.385140700219302357e+00
5.823155837811431201e-01 1.387005714707002291e+00
5.832926233512456538e-01 1.388877809760325155e+00
5.842696629213482984e-01 1.390757012900935674e+00
5.852467024914509430e-01 1.392643351750786573e+00
5.862237420615534766e-01 1.394536854031977802e+00
5.872007816316560103e-01 1.396437547566610426e+00
5.881778212017586549e-01 1.398345460276621655e+00
5.891548607718612995e-01 1.400260620183615412e+00
5.901319003419638332e-01 1.402183055408680490e+00
5.911089399120663668e-01 1.404112794172196477e+00
5.920859794821690114e-01 1.406049864793630366e+00
5.930630190522716561e-01 1.407994295691318731e+00
5.940400586223741897e-01 1.409946115382242571e+00
5.950170981924767233e-01 1.411905352481784615e+00
5.959941377625793679e-01 1.413872035703482632e+00
5.969711773326820126e-01 1.415846193858761426e+00
5.979482169027845462e-01 1.417827855856659491e+00
5.989252564728870798e-01 1.419817050703540362e+00
5.999022960429897244e-01 1.421813807502791516e+00
6.008793356130923691e-01 1.423818155454509293e+00
6.018563751831949027e-01 1.425830123855172493e+00
6.028334147532974363e-01 1.427849742097301977e+00
6.038104543234000809e-01 1.429877039669107175e+00
6.047874938935027256e-01 1.431912046154116602e+00
6.057645334636052592e-01 1.433954791230798165e+00
6.067415730337077928e-01 1.436005304672162808e+00
6.077186126038104375e-01 1.438063616345351736e+00
6.086956521739130821e-01 1.440129756211217860e+00
6.096726917440156157e-01 1.442203754323879483e+00
6.106497313141181493e-01 1.444285640830271333e+00
6.116267708842207940e-01 1.446375445969672269e+00
6.126038104543234386e-01 1.448473200073220335e+00
6.135808500244259722e-01 1.450578933563413830e+00
6.145578895945285058e-01 1.452692676953594386e+00
6.155349291646311505e-01 1.454814460847414725e+00
6.165119687347337951e-01 1.456944315938288881e+00
6.174890083048363287e-01 1.459082273008829311e+00
6.184660478749388623e-01 1.461228362930264701e+00
6.194430874450415070e-01 1.463382616661839997e+00
6.204201270151441516e-01 1.465545065250202672e+00
6.213971665852466852e-01 1.467715739828768351e+00
6.223742061553492189e-01 1.469894671617071102e+00
6.233512457254518635e-01 1.472081891920095087e+00
6.243282852955545081e-01 1.474277432127587328e+00
6.253053248656570418e-01 1.476481323713353611e+00
6.262823644357595754e-01 1.478693598234536610e+00
6.272594040058622200e-01 1.480914287330872270e+00
6.282364435759648646e-01 1.483143422723929294e+00
6.292134831460673983e-01 1.485381036216330886e+00
6.301905227161699319e-01 1.487627159690953382e+00
6.311675622862725765e-01 1.489881825110109581e+00
6.321446018563752212e-01 1.492145064514707853e+00
6.331216414264777548e-01 1.494416910023394385e+00
6.340986809965802884e-01 1.496697393831674550e+00
6.350757205666829330e-01 1.498986548211011849e+00
6.360527601367855777e-01 1.501284405507908204e+00
6.370297997068881113e-01 1.503590998142961599e+00
6.380068392769906449e-01 1.505906358609905071e+00
6.389838788470932895e-01 1.508230519474620612e+00
6.399609184171959342e-01 1.510563513374132416e+00
6.409379579872984678e-01 1.512905373015580812e+00
6.419149975574010014e-01 1.515256131175172216e+00
6.428920371275036461e-01 1.517615820697103324e+00
6.438690766976062907e-01 1.519984474492469761e+00
6.448461162677088243e-01 1.522362125538142097e+00
6.458231558378113579e-01 1.524748806875631857e+00
6.468001954079140026e-01 1.527144551609920242e+00
6.477772349780166472e-01 1.529549392908272631e+00
6.487542745481191808e-01 1.531963363999024219e+00
6.497313141182217144e-01 1.534386498170347224e+00
6.507083536883243591e-01 1.536818828768985012e+00
6.516853932584270037e-01 1.539260389198970680e+00
6.526624328285295373e-01 1.541711212920314544e+00
6.536394723986320709e-01 1.544171333447670547e+00
6.546165119687347156e-01 1.546640784348974451e+00
6.555935515388373602e-01 1.549119599244059620e+00
6.565705911089398938e-01 1.551607811803241699e+00
6.575476306790424275e-01 1.554105455745885989e+00
6.585246702491450721e-01 1.556612564838939505e+00
6.595017098192477167e-01 1.559129172895442839e+00
6.604787493893502504e-01 1.561655313773013809e+00
6.614557889594527840e-01 1.564191021372302481e+00
6.624328285295554286e-01 1.566736329635421754e+00
6.634098680996580732e-01 1.569291272544348415e+00
6.643869076697606069e-01 1.571855884119298885e+00
6.653639472398631405e-01 1.574430198417075211e+00
6.663409868099657851e-01 1.577014249529386181e+00
6.673180263800684298e-01 1.579608071581135587e+00
6.682950659501709634e-01 1.582211698728686722e+00
6.692721055202734970e-01 1.584825165158098015e+00
6.702491450903761416e-01 1.587448505083324912e+00
6.712261846604787863e-01 1.590081752744400889e+00
6.722032242305813199e-01 1.592724942405580935e+00
6.731802638006838535e-01 1.595378108353464386e+00
6.741573033707864981e-01 1.598041284895081127e+00
6.751343429408891428e-01 1.600714506355951583e+00
6.761113825109916764e-01 1.603397807078115855e+00
6.770884220810942100e-01 1.606091221418136206e+00
6.780654616511968547e-01 1.608794783745063350e+00
6.790425012212994993e-01 1.611508528438376997e+00
6.800195407914020329e-01 1.614232489885895738e+00
6.809965803615045665e-01 1.616966702481653195e+00
6.819736199316072112e-01 1.619711200623749514e+00
6.829506595017098558e-01 1.622466018712163116e+00
6.839276990718123894e-01 1.625231191146541354e+00
6.849047386419149230e-01 1.628006752323950312e+00
6.858817782120175677e-01 1.630792736636603069e+00
6.868588177821202123e-01 1.633589178469548431e+00
6.878358573522227459e-01 1.636396112198330810e+00
6.888128969223252795e-01 1.639213572186623225e+00
6.897899364924279242e-01 1.642041592783821224e+00
6.907669760625305688e-01 1.644880208322607062e+00
6.917440156326331024e-01 1.647729453116486997e+00
6.927210552027356361e-01 1.650589361457290405e+00
6.936980947728382807e-01 1.653459967612640913e+00
6.946751343429409253e-01 1.656341305823392229e+00
6.956521739130434590e-01 1.659233410301032219e+00
6.966292134831459926e-01 1.662136315225061001e+00
6.976062530532486372e-01 1.665050054740326413e+00
6.985832926233512818e-01 1.667974662954335940e+00
6.995603321934538155e-01 1.670910173934530008e+00
7.005373717635563491e-01 1.673856621705529069e+00
7.015144113336589937e-01 1.676814040246344062e+00
7.024914509037616384e-01 1.679782463487553335e+00
7.034684904738641720e-01 1.682761925308451811e+00
7.044455300439667056e-01 1.685752459534166858e+00
7.054225696140693502e-01 1.688754099932737285e+00
7.063996091841719949e-01 1.691766880212165258e+00
7.073766487542745285e-01 1.694790834017432468e+00
7.083536883243770621e-01 1.697825994927490534e+00
7.093307278944797067e-01 1.700872396452208335e+00
7.103077674645823514e-01 1.703930072029297582e+00
7.112848070346848850e-01 1.706999055021200862e+00
7.122618466047874186e-01 1.710079378711951703e+00
7.132388861748900633e-01 1.713171076303998897e+00
7.142159257449927079e-01 1.716274180914999947e+00
7.151929653150952415e-01 1.719388725574587662e+00
7.161700048851977751e-01 1.722514743221100764e+00
7.171470444553004198e-01 1.725652266698283421e+00
7.181240840254030644e-01 1.728801328751957023e+00
7.191011235955055980e-01 1.731961962026656643e+00
7.200781631656081316e-01 1.735134199062244420e+00
7.210552027357107763e-01 1.738318072290482297e+00
7.220322423058134209e-01 1.741513614031583224e+00
7.230092818759159545e-01 1.744720856490728167e+00
7.239863214460184881e-01 1.747939831754555806e+00
7.249633610161211328e-01 1.751170571787620922e+00
7.259404005862237774e-01 1.754413108428822810e+00
7.269174401563263110e-01 1.757667473387809265e+00
7.278944797264288447e-01 1.760933698241347933e+00
7.288715192965314893e-01 1.764211814429670122e+00
7.298485588666341339e-01 1.767501853252788857e+00
7.308255984367366676e-01 1.770803845866785853e+00
7.318026380068392012e-01 1.774117823280075168e+00
7.327796775769418458e-01 1.777443816349639327e+00
7.337567171470444904e-01 1.780781855777234579e+00
7.347337567171470241e-01 1.784131972105577280e+00
7.357107962872495577e-01 1.787494195714498968e+00
7.366878358573522023e-01 1.790868556817079904e+00
7.376648754274548470e-01 1.794255085455755072e+00
7.386419149975573806e-01 1.797653811498398646e+00
7.396189545676599142e-01 1.801064764634383808e+00
7.405959941377625588e-01 1.804487974370619474e+00
7.415730337078652035e-01 1.807923470027562374e+00
7.425500732779677371e-01 1.811371280735209588e+00
7.435271128480702707e-01 1.814831435429069995e+00
7.445041524181729153e-01 1.818303962846112842e+00
7.454811919882755600e-01 1.821788891520695008e+00
7.464582315583780936e-01 1.825286249780470937e+00
7.474352711284806272e-01 1.828796065742283705e+00
7.484123106985832719e-01 1.832318367308034102e+00
7.493893502686859165e-01 1.835853182160534836e+00
7.503663898387884501e-01 1.839400537759347420e+00
7.513434294088909837e-01 1.842960461336599742e+00
7.523204689789936284e-01 1.846532979892793191e+00
7.532975085490962730e-01 1.850118120192587812e+00
7.542745481191988066e-01 1.853715908760577236e+00
7.552515876893013402e-01 1.857326371877052074e+00
7.562286272594039849e-01 1.860949535573745983e+00
7.572056668295066295e-01 1.864585425629570192e+00
7.581827063996091631e-01 1.868234067566340251e+00
7.591597459697116967e-01 1.871895486644488793e+00
7.601367855398143414e-01 1.875569707858772750e+00
7.611138251099169860e-01 1.879256755933965461e+00
7.620908646800195196e-01 1.882956655320547679e+00
7.630679042501220533e-01 1.886669430190388130e+00
7.640449438202246979e-01 1.890395104432420315e+00
7.650219833903273425e-01 1.894133701648307522e+00
7.659990229604298762e-01 1.897885245148115629e+00
7.669760625305324098e-01 1.901649757945971242e+00
7.679531021006350544e-01 1.905427262755725160e+00
7.689301416707376990e-01 1.909217781986608520e+00
7.699071812408402327e-01 1.913021337738894934e+00
7.708842208109427663e-01 1.916837951799559514e+00
7.718612603810454109e-01 1.920667645637942123e+00
7.728382999511480556e-01 1.924510440401408395e+00
7.738153395212505892e-01 1.928366356911022095e+00
7.747923790913531228e-01 1.932235415657218347e+00
7.757694186614557674e-01 1.936117636795483543e+00
7.767464582315584121e-01 1.940013040142039680e+00
7.777234978016609457e-01 1.943921645169545576e+00
7.787005373717634793e-01 1.947843471002796534e+00
7.796775769418661239e-01 1.951778536414445098e+00
7.806546165119687686e-01 1.955726859820725139e+00
7.816316560820713022e-01 1.959688459277193040e+00
7.826086956521738358e-01 1.963663352474485979e+00
7.835857352222764804e-01 1.967651556734089091e+00
7.845627747923791251e-01 1.971653089004122617e+00
7.855398143624816587e-01 1.975667965855149033e+00
7.865168539325841923e-01 1.979696203475994842e+00
7.874938935026868370e-01 1.983737817669597447e+00
7.884709330727894816e-01 1.987792823848869350e+00
7.894479726428920152e-01 1.991861237032586551e+00
7.904250122129945488e-01 1.995943071841303595e+00
7.914020517830971935e-01 2.000038342493291488e+00
7.923790913531998381e-01 2.004147062800502255e+00
7.933561309233023717e-01 2.008269246164561928e+00
7.943331704934049053e-01 2.012404905572794167e+00
7.953102100635075500e-01 2.016554053594273643e+00
7.962872496336101946e-01 2.020716702375910945e+00
7.972642892037127282e-01 2.024892863638568574e+00
7.982413287738152619e-01 2.029082548673219133e+00
7.992183683439179065e-01 2.033285768337131039e+00
8.001954079140205511e-01 2.037502533050095099e+00
8.011724474841230847e-01 2.041732852790687947e+00
8.021494870542256184e-01 2.045976737092581210e+00
8.031265266243282630e-01 2.050234195040887109e+00
8.041035661944309076e-01 2.054505235268540897e+00
8.050806057645334413e-01 2.058789865952741049e+00
8.060576453346359749e-01 2.063088094811424966e+00
8.070346849047386195e-01 2.067399929099793976e+00
8.080117244748412642e-01 2.071725375606885855e+00
8.089887640449437978e-01 2.076064440652195753e+00
8.099658036150463314e-01 2.080417130082351740e+00
8.109428431851489760e-01 2.084783449267839650e+00
8.119198827552516207e-01 2.089163403099779437e+00
8.128969223253541543e-01 2.093556995986759262e+00
8.138739618954566879e-01 2.097964231851722872e+00
8.148510014655593325e-01 2.102385114128920041e+00
8.158280410356619772e-01 2.106819645760906745e+00
8.168050806057645108e-01 2.111267829195611512e+00
8.177821201758670444e-01 2.115729666383462160e+00
8.187591597459696890e-01 2.120205158774576493e+00
8.197361993160723337e-01 2.124694307316006281e+00
8.207132388861748673e-01 2.129197112449061624e+00
8.216902784562774009e-01 2.133713574106692601e+00
8.226673180263800456e-01 2.138243691710938865e+00
8.236443575964826902e-01 2.142787464170447187e+00
8.246213971665852238e-01 2.147344889878064933e+00
8.255984367366877574e-01 2.151915966708495720e+00
8.265754763067904021e-01 2.156500692016035003e+00
8.275525158768930467e-01 2.161099062632373169e+00
8.285295554469955803e-01 2.165711074864475005e+00
8.295065950170981139e-01 2.170336724492540448e+00
8.304836345872007586e-01 2.174976006768029713e+00
8.314606741573034032e-01 2.179628916411777695e+00
8.324377137274059368e-01 2.184295447612180752e+00
8.334147532975084705e-01 2.188975594023467419e+00
8.343917928676111151e-01 2.193669348764046401e+00
8.353688324377137597e-01 2.198376704414936267e+00
8.363458720078162933e-01 2.203097653018281754e+00
8.373229115779188270e-01 2.207832186075949998e+00
8.382999511480214716e-01 2.212580294548215143e+00
8.392769907181241162e-01 2.217341968852521994e+00
8.402540302882266499e-01 2.222117198862343379e+00
8.412310698583291835e-01 2.226905973906121883e+00
8.422081094284318281e-01 2.231708282766297291e+00
8.431851489985344728e-01 2.236524113678423298e+00
8.441621885686370064e-01 2.241353454330380579e+00
8.451392281387395400e-01 2.246196291861669359e+00
8.461162677088421846e-01 2.251052612862802338e+00
8.470933072789448293e-01 2.255922403374779783e+00
8.480703468490473629e-01 2.260805648888668085e+00
8.490473864191498965e-01 2.265702334345263136e+00
8.500244259892525411e-01 2.270612444134846530e+00
8.510014655593551858e-01 2.275535962097041232e+00
8.519785051294577194e-01 2.280472871520758282e+00
8.529555446995602530e-01 2.285423155144237217e+00
8.539325842696628976e-01 2.290386795155185062e+00
8.549096238397655423e-01 2.295363773191007706e+00
8.558866634098680759e-01 2.300354070339137191e+00
8.568637029799706095e-01 2.305357667137463373e+00
8.578407425500732542e-01 2.310374543574846395e+00
8.588177821201758988e-01 2.315404679091742413e+00
8.597948216902784324e-01 2.320448052580914133e+00
8.607718612603809660e-01 2.325504642388247500e+00
8.617489008304836107e-01 2.330574426313660297e+00
8.627259404005862553e-01 2.335657381612107564e+00
8.637029799706887889e-01 2.340753484994689160e+00
8.646800195407913225e-01 2.345862712629850133e+00
8.656570591108939672e-01 2.350985040144685012e+00
8.666340986809966118e-01 2.356120442626326472e+00
8.676111382510991454e-01 2.361268894623449022e+00
8.685881778212016791e-01 2.366430370147853957e+00
8.695652173913043237e-01 2.371604842676164449e+00
8.705422569614069683e-01 2.376792285151602346e+00
8.715192965315095019e-01 2.381992669985876887e+00
8.724963361016120356e-01 2.387205969061162225e+00
8.734733756717146802e-01 2.392432153732168221e+00
8.744504152418173248e-01 2.397671194828311148e+00
8.754274548119198585e-01 2.402923062655978548e+00
8.764044943820223921e-01 2.408187727000889122e+00
8.773815339521250367e-01 2.413465157130544103e+00
8.783585735222276814e-01 2.418755321796774105e+00
8.793356130923302150e-01 2.424058189238380123e+00
8.803126526624327486e-01 2.429373727183864240e+00
8.812896922325353932e-01 2.434701902854255806e+00
8.822667318026380379e-01 2.440042682966024223e+00
8.832437713727405715e-01 2.445396033734081431e+00
8.842208109428431051e-01 2.450761920874885647e+00
8.851978505129457497e-01 2.456140309609615713e+00
8.861748900830483944e-01 2.461531164667447591e+00
8.871519296531509280e-01 2.466934450288910341e+00
8.881289692232534616e-01 2.472350130229334919e+00
8.891060087933561062e-01 2.477778167762380690e+00
8.900830483634587509e-01 2.483218525683650757e+00
8.910600879335612845e-01 2.488671166314389449e+00
8.920371275036638181e-01 2.494136051505263296e+00
8.930141670737664628e-01 2.499613142640222829e+00
8.939912066438691074e-01 2.505102400640439875e+00
8.949682462139716410e-01 2.510603785968328783e+00
8.959452857840741746e-01 2.516117258631649367e+00
8.969223253541768193e-01 2.521642778187673795e+00
8.978993649242794639e-01 2.527180303747441403e+00
8.988764044943819975e-01 2.532729793980076138e+00
8.998534440644845311e-01 2.538291207117194137e+00
9.008304836345871758e-01 2.543864500957360608e+00
9.018075232046898204e-01 2.549449632870632421e+00
9.027845627747923540e-01 2.555046559803163753e+00
9.037616023448948877e-01 2.560655238281883239e+00
9.047386419149975323e-01 2.566275624419231960e+00
9.057156814851001769e-01 2.571907673917967596e+00
9.066927210552027105e-01 2.577551342076030316e+00
9.076697606253052442e-01 2.583206583791479272e+00
9.086468001954078888e-01 2.588873353567473945e+00
9.096238397655105334e-01 2.594551605517327886e+00
9.106008793356130671e-01 2.600241293369606854e+00
9.115779189057156007e-01 2.605942370473300240e+00
9.125549584758182453e-01 2.611654789803024013e+00
9.135319980459208900e-01 2.617378503964294723e+00
9.145090376160234236e-01 2.623113465198841254e+00
9.154860771861259572e-01 2.628859625389977861e+00
9.164631167562286018e-01 2.634616936068014503e+00
9.174401563263312465e-01 2.640385348415711597e+00
9.184171958964337801e-01 2.646164813273792049e+00
9.193942354665363137e-01 2.651955281146482601e+00
9.203712750366389583e-01 2.657756702207100030e+00
9.213483146067416030e-01 2.663569026303681753e+00
9.223253541768441366e-01 2.669392202964640859e+00
9.233023937469466702e-01 2.675226181404473103e+00
9.242794333170493148e-01 2.681070910529488316e+00
9.252564728871519595e-01 2.686926338943566250e+00
9.262335124572544931e-01 2.692792414953966151e+00
9.272105520273570267e-01 2.698669086577140330e+00
9.281875915974596714e-01 2.704556301544590813e+00
9.291646311675623160e-01 2.710454007308743307e+00
9.301416707376648496e-01 2.716362151048848705e+00
9.311187103077673832e-01 2.722280679676904125e+00
9.320957498778700279e-01 2.728209539843597042e+00
9.330727894479726725e-01 2.734148677944262751e+00
9.340498290180752061e-01 2.740098040124863576e+00
9.350268685881777397e-01 2.746057572287980530e+00
9.360039081582803844e-01 2.752027220098822280e+00
9.369809477283830290e-01 2.758006928991233675e+00
9.379579872984855626e-01 2.763996644173729589e+00
9.389350268685880962e-01 2.769996310635529646e+00
9.399120664386907409e-01 2.776005873152595171e+00
9.408891060087933855e-01 2.782025276293680793e+00
9.418661455788959191e-01 2.788054464426377166e+00
9.428431851489984528e-01 2.794093381723170566e+00
9.438202247191010974e-01 2.800141972167486060e+00
9.447972642892037420e-01 2.806200179559740437e+00
9.457743038593062757e-01 2.812267947523381828e+00
9.467513434294088093e-01 2.818345219510941302e+00
9.477283829995114539e-01 2.824431938810054721e+00
9.487054225696140985e-01 2.830528048549496578e+00
9.496824621397166322e-01 2.836633491705189414e+00
9.506595017098191658e-01 2.842748211106215894e+00
9.516365412799218104e-01 2.848872149440806023e+00
9.526135808500244551e-01 2.855005249262311473e+00
9.535906204201269887e-01 2.861147452995176810e+00
9.545676599902295223e-01 2.867298702940873412e+00
9.555446995603321669e-01 2.873458941283836054e+00
9.565217391304348116e-01 2.879628110097358640e+00
9.574987787005373452e-01 2.885806151349483262e+00
9.584758182706398788e-01 2.891993006908860853e+00
9.594528578407425234e-01 2.898188618550593176e+00
9.604298974108451681e-01 2.904392927962032633e+00
9.614069369809477017e-01 2.910605876748578069e+00
9.623839765510502353e-01 2.916827406439422177e+00
9.633610161211528800e-01 2.923057458493288685e+00
9.643380556912555246e-01 2.929295974304117145e+00
9.653150952613580582e-01 2.935542895206734393e+00
9.662921348314605918e-01 2.941798162482484269e+00
9.672691744015632365e-01 2.948061717364818257e+00
9.682462139716658811e-01 2.954333501044867027e+00
9.692232535417684147e-01 2.960613454676956913e+00
9.702002931118709483e-01 2.966901519384098407e+00
9.711773326819735930e-01 2.973197636263436028e+00
9.721543722520762376e-01 2.979501746391654216e+00
9.731314118221787712e-01 2.985813790830345038e+00
9.741084513922813048e-01 2.992133710631335930e+00
9.750854909623839495e-01 2.998461446841972577e+00
9.760625305324865941e-01 3.004796940510349401e+00
9.770395701025891277e-01 3.011140132690516502e+00
9.780166096726916614e-01 3.017490964447619994e+00
9.789936492427943060e-01 3.023849376863009919e+00
9.799706888128969506e-01 3.030215311039285098e+00
9.809477283829994843e-01 3.036588708105314449e+00
9.819247679531020179e-01 3.042969509221186364e+00
9.829018075232046625e-01 3.049357655583117221e+00
9.838788470933073071e-01 3.055753088428315944e+00
9.848558866634098408e-01 3.062155749039782826e+00
9.858329262335123744e-01 3.068565578751074163e+00
9.868099658036150190e-01 3.074982518951001165e+00
9.877870053737176637e-01 3.081406511088280453e+00
9.887640449438201973e-01 3.087837496676133053e+00
9.897410845139227309e-01 3.094275417296824759e+00
9.907181240840253755e-01 3.100720214606162983e+00
9.916951636541280202e-01 3.107171830337915885e+00
9.926722032242305538e-01 3.113630206308203974e+00
9.936492427943330874e-01 3.120095284419815762e+00
9.946262823644357320e-01 3.126567006666475024e+00
9.956033219345383767e-01 3.133045315137047648e+00
9.965803615046409103e-01 3.139530152019693876e+00
9.975574010747434439e-01 3.146021459605964132e+00
9.985344406448460886e-01 3.152519180294832246e+00
9.995114802149487332e-01 3.159023256596673601e+00
1.000488519785051267e+00 3.165533631137187331e+00
1.001465559355153800e+00 3.172050246661253237e+00
1.002442598925256334e+00 3.178573046036734961e+00
1.003419638495359090e+00 3.185101972258224112e+00
1.004396678065461623e+00 3.191636968450718648e+00
1.005373717635564157e+00 3.198177977873250644e+00
1.006350757205666913e+00 3.204724943922450553e+00
1.007327796775769446e+00 3.211277810136046185e+00
1.008304836345871980e+00 3.217836520196308392e+00
1.009281875915974513e+00 3.224401017933447466e+00
1.010258915486077047e+00 3.230971247328913609e+00
1.011235955056179803e+00 3.237547152518683635e+00
1.012212994626282336e+00 3.244128677796458415e+00
1.013190034196384870e+00 3.250715767616796370e+00
1.014167073766487626e+00 3.257308366598216320e+00
1.015144113336590159e+00 3.263906419526203528e+00
1.016121152906692693e+00 3.270509871356182874e+00
1.017098192476795226e+00 3.277118667216437409e+00
1.018075232046897760e+00 3.283732752410924327e+00
1.019052271617000516e+00 3.290352072422083829e+00
1.020029311187103049e+00 3.296976572913557391e+00
1.021006350757205583e+00 3.303606199732848303e+00
1.021983390327308339e+00 3.310240898913948016e+00
1.022960429897410872e+00 3.316880616679864335e+00
1.023937469467513406e+00 3.323525299445128756e+00
1.024914509037615939e+00 3.330174893818210968e+00
1.025891548607718473e+00 3.336829346603915170e+00
1.026868588177821229e+00 3.343488604805677333e+00
1.027845627747923762e+00 3.350152615627831842e+00
1.028822667318026296e+00 3.356821326477812395e+00
1.029799706888129052e+00 3.363494684968298287e+00
1.030776746458231585e+00 3.370172638919287422e+00
1.031753786028334119e+00 3.376855136360151999e+00
1.032730825598436653e+00 3.383542125531591616e+00
1.033707865168539186e+00 3.390233554887567280e+00
1.034684904738641942e+00 3.396929373097154592e+00
1.035661944308744475e+00 3.403629529046351188e+00
1.036638983878847009e+00 3.410333971839849987e+00
1.037616023448949765e+00 3.417042650802720072e+00
1.038593063019052298e+00 3.423755515482057366e+00
1.039570102589154832e+00 3.430472515648573584e+00
1.040547142159257366e+00 3.437193601298162093e+00
1.041524181729359899e+00 3.443918722653343867e+00
1.042501221299462655e+00 3.450647830164735641e+00
1.043478260869565188e+00 3.457380874512420821e+00
1.044455300439667722e+00 3.464117806607283523e+00
1.045432340009770478e+00 3.470858577592288441e+00
1.046409379579873011e+00 3.477603138843717190e+00
1.047386419149975545e+00 3.484351441972347807e+00
1.048363458720078079e+00 3.491103438824588956e+00
1.049340498290180612e+00 3.497859081483564836e+00
1.050317537860283368e+00 3.504618322270143249e+00
1.051294577430385901e+00 3.511381113743926363e+00
1.052271617000488435e+00 3.518147408704208168e+00
1.053248656570591191e+00 3.524917160190836452e+00
1.054225696140693724e+00 3.531690321485096096e+00
1.055202735710796258e+00 3.538466846110480457e+00
1.056179775280898792e+00 3.545246687833463195e+00
1.057156814851001325e+00 3.552029800664215031e+00
1.058133854421104081e+00 3.558816138857259226e+00
1.059110893991206614e+00 3.565605656912101740e+00
1.060087933561309148e+00 3.572398309573812547e+00
1.061064973131411904e+00 3.579194051833577195e+00
1.062042012701514437e+00 3.585992838929163984e+00
1.063019052271616971e+00 3.592794626345408027e+00
1.063996091841719505e+00 3.599599369814614036e+00
1.064973131411822038e+00 3.606407025316928472e+00
1.065950170981924794e+00 3.613217549080681046e+00
1.066927210552027327e+00 3.620030897582674267e+00
1.067904250122129861e+00 3.626847027548448121e+00
1.068881289692232617e+00 3.633665895952490121e+00
1.069858329262335150e+00 3.640487460018412058e+00
1.070835368832437684e+00 3.647311677219114312e+00
1.071812408402540218e+00 3.654138505276881776e+00
1.072789447972642751e+00 3.660967902163441146e+00
1.073766487542745507e+00 3.667799826100025751e+00
1.074743527112848041e+00 3.674634235557349804e+00
1.075720566682950574e+00 3.681471089255595963e+00
1.076697606253053330e+00 3.688310346164341613e+00
1.077674645823155863e+00 3.695151965502451841e+00
1.078651685393258397e+00 3.701995906737959086e+00
1.079628724963360931e+00 3.708842129587894831e+00
1.080605764533463464e+00 3.715690594018088433e+00
1.081582804103566220e+00 3.722541260242946404e+00
1.082559843673668754e+00 3.729394088725193512e+00
1.083536883243771287e+00 3.736249040175584124e+00
1.084513922813874043e+00 3.743106075552587786e+00
1.085490962383976576e+00 3.749965156062032623e+00
1.086468001954079110e+00 3.756826243156744738e+00
1.087445041524181644e+00 3.763689298536149863e+00
1.088422081094284177e+00 3.770554284145822610e+00
1.089399120664386933e+00 3.777421162177054814e+00
1.090376160234489467e+00 3.784289895066353271e+00
1.091353199804592000e+00 3.791160445494932585e+00
1.092330239374694756e+00 3.798032776388212017e+00
1.093307278944797289e+00 3.804906850915206640e+00
1.094284318514899823e+00 3.811782632487988209e+00
1.095261358085002357e+00 3.818660084761048346e+00
1.096238397655104890e+00 3.825539171630694568e+00
1.097215437225207646e+00 3.832419857234383276e+00
1.098192476795310180e+00 3.839302105950021193e+00
1.099169516365412713e+00 3.846185882395323219e+00
1.100146555935515469e+00 3.853071151427045038e+00
1.101123595505618002e+00 3.859957878140263254e+00
1.102100635075720536e+00 3.866846027867611557e+00
1.103077674645823070e+00 3.873735566178505341e+00
1.104054714215925603e+00 3.880626458878334351e+00
1.105031753786028359e+00 3.887518672007646892e+00
1.106008793356130893e+00 3.894412171841301618e+00
1.106985832926233426e+00 3.901306924887640193e+00
1.107962872496336182e+00 3.908202897887579130e+00
1.108939912066438715e+00 3.915100057813733603e+00
1.109916951636541249e+00 3.921998371869509725e+00
1.110893991206643783e+00 3.928897807488180405e+00
1.111871030776746316e+00 3.935798332331932770e+00
1.112848070346849072e+00 3.942699914290921814e+00
1.113825109916951606e+00 3.949602521482298734e+00
1.114802149487054139e+00 3.956506122249200175e+00
1.115779189057156895e+00 3.963410685159786784e+00
1.116756228627259429e+00 3.970316179006185386e+00
1.117733268197361962e+00 3.977222572803481793e+00
1.118710307767464496e+00 3.984129835788668306e+00
1.119687347337567029e+00 3.991037937419590342e+00
1.120664386907669785e+00 3.997946847373872625e+00
1.121641426477772319e+00 4.004856535547838270e+00
1.122618466047874852e+00 4.011766972055411884e+00
1.123595505617977608e+00 4.018678127227017782e+00
1.124572545188080142e+00 4.025589971608451556e+00
1.125549584758182675e+00 4.032502475959765853e+00
1.126526624328285209e+00 4.039415611254124627e+00
1.127503663898387742e+00 4.046329348676643178e+00
1.128480703468490498e+00 4.053243659623241513e+00
1.129457743038593032e+00 4.060158515699472837e+00
1.130434782608695565e+00 4.067073888719330732e+00
1.131411822178798321e+00 4.073989750704075874e+00
1.132388861748900855e+00 4.080906073881033436e+00
1.133365901319003388e+00 4.087822830682383390e+00
1.134342940889105922e+00 4.094739993743947259e+00
1.135319980459208455e+00 4.101657535903975749e+00
1.136297020029311211e+00 4.108575430201905299e+00
1.137274059599413745e+00 4.115493649877115523e+00
1.138251099169516278e+00 4.122412168367702634e+00
1.139228138739619034e+00 4.129330959309226223e+00
1.140205178309721568e+00 4.136249996533424067e+00
1.141182217879824101e+00 4.143169254066995322e+00
1.142159257449926635e+00 4.150088706130262040e+00
1.143136297020029168e+00 4.157008327135964798e+00
1.144113336590131924e+00 4.163928091687924216e+00
1.145090376160234458e+00 4.170847974579785067e+00
1.146067415730336991e+00 4.177767950793710661e+00
1.147044455300439747e+00 4.184687995499077218e+00
1.148021494870542281e+00 4.191608084051184235e+00
1.148998534440644814e+00 4.198528191989937319e+00
1.149975574010747348e+00 4.205448295038538120e+00
1.150952613580849881e+00 4.212368369102178711e+00
1.151929653150952637e+00 4.219288390266690669e+00
1.152906692721055171e+00 4.226208334797256327e+00
1.153883732291157704e+00 4.233128179137053415e+00
1.154860771861260460e+00 4.240047899905937001e+00
1.155837811431362994e+00 4.246967473899104561e+00
1.156814851001465527e+00 4.253886878085745060e+00
1.157791890571568061e+00 4.260806089607717340e+00
1.158768930141670594e+00 4.267725085778191207e+00
1.159745969711773350e+00 4.274643844080300958e+00
1.160723009281875884e+00 4.281562342165807777e+00
1.161700048851978417e+00 4.288480557853731945e+00
1.162677088422081173e+00 4.295398469129017016e+00
1.163654127992183707e+00 4.302316054141161139e+00
1.164631167562286240e+00 4.309233291202865246e+00
1.165608207132388774e+00 4.316150158788661706e+00
1.166585246702491308e+00 4.323066635533582058e+00
1.167562286272594063e+00 4.329982700231759907e+00
1.168539325842696597e+00 4.336898331835085330e+00
1.169516365412799130e+00 4.343813509451836197e+00
1.170493404982901886e+00 4.350728212345317480e+00
1.171470444553004420e+00 4.357642419932478361e+00
1.172447484123106953e+00 4.364556111782567527e+00
1.173424523693209487e+00 4.371469267615716525e+00
1.174401563263312021e+00 4.378381867301640362e+00
1.175378602833414776e+00 4.385293890858203092e+00
1.176355642403517310e+00 4.392205318450071339e+00
1.177332681973619843e+00 4.399116130387350054e+00
1.178309721543722599e+00 4.406026307124184527e+00
1.179286761113825133e+00 4.412935829257415676e+00
1.180263800683927666e+00 4.419844677525183840e+00
1.181240840254030200e+00 4.426752832805563642e+00
1.182217879824132734e+00 4.433660276115200638e+00
1.183194919394235489e+00 4.440566988607902665e+00
1.184171958964338023e+00 4.447472951573307576e+00
1.185148998534440556e+00 4.454378146435479913e+00
1.186126038104543312e+00 4.461282554751542229e+00
1.187103077674645846e+00 4.468186158210304626e+00
1.188080117244748379e+00 4.475088938630899627e+00
1.189057156814850913e+00 4.481990877961368192e+00
1.190034196384953447e+00 4.488891958277340777e+00
1.191011235955056202e+00 4.495792161780621576e+00
1.191988275525158736e+00 4.502691470797829609e+00
1.192965315095261269e+00 4.509589867779007832e+00
1.193942354665364025e+00 4.516487335296286432e+00
1.194919394235466559e+00 4.523383856042474171e+00
1.195896433805569092e+00 4.530279412829698593e+00
1.196873473375671626e+00 4.537173988588023121e+00
1.197850512945774160e+00 4.544067566364086375e+00
1.198827552515876915e+00 4.550960129319726377e+00
1.199804592085979449e+00 4.557851660730590559e+00
1.200781631656081982e+00 4.564742143984797274e+00
1.201758671226184738e+00 4.571631562581528030e+00
1.202735710796287272e+00 4.578519900129667697e+00
1.203712750366389805e+00 4.585407140346456245e+00
1.204689789936492339e+00 4.592293267056058781e+00
1.205666829506594873e+00 4.599178264188258147e+00
1.206643869076697628e+00 4.606062115777038279e+00
1.207620908646800162e+00 4.612944805959233285e+00
1.208597948216902696e+00 4.619826318973149881e+00
1.209574987787005451e+00 4.626706639157182721e+00
1.210552027357107985e+00 4.633585750948459925e+00
1.211529066927210518e+00 4.640463638881469066e+00
1.212506106497313052e+00 4.647340287586662733e+00
1.213483146067415586e+00 4.654215681789117376e+00
1.214460185637518341e+00 4.661089806307129990e+00
1.215437225207620875e+00 4.667962646050855646e+00
1.216414264777723409e+00 4.674834186020945026e+00
1.217391304347826164e+00 4.681704411307146430e+00
1.218368343917928698e+00 4.688573307086941533e+00
1.219345383488031231e+00 4.695440858624178482e+00
1.220322423058133765e+00 4.702307051267670346e+00
1.221299462628236299e+00 4.709171870449832653e+00
1.222276502198339054e+00 4.716035301685317371e+00
1.223253541768441588e+00 4.722897330569584717e+00
1.224230581338544122e+00 4.729757942777573554e+00
1.225207620908646877e+00 4.736617124062297179e+00
1.226184660478749411e+00 4.743474860253445335e+00
1.227161700048851944e+00 4.750331137256024405e+00
1.228138739618954478e+00 4.757185941048953204e+00
1.229115779189057012e+00 4.764039257683664985e+00
1.230092818759159767e+00 4.770891073282754746e+00
1.231069858329262301e+00 4.777741374038517286e+00
1.232046897899364835e+00 4.784590146211626482e+00
1.233023937469467590e+00 4.791437376129686676e+00
1.234000977039570124e+00 4.798283050185847998e+00
1.234978016609672657e+00 4.805127154837412817e+00
1.235955056179775191e+00 4.811969676604411994e+00
1.236932095749877725e+00 4.818810602068205107e+00
1.237909135319980480e+00 4.825649917870076244e+00
1.238886174890083014e+00 4.832487610709801373e+00
1.239863214460185548e+00 4.839323667344244129e+00
1.240840254030288303e+00 4.846158074585931175e+00
1.241817293600390837e+00 4.852990819301609804e+00
1.242794333170493370e+00 4.859821888410848167e+00
1.243771372740595904e+00 4.866651268884578663e+00
1.244748412310698438e+00 4.873478947743681289e+00
1.245725451880801193e+00 4.880304912057493283e+00
1.246702491450903727e+00 4.887129148942424450e+00
1.247679531021006261e+00 4.893951645560465913e+00
1.248656570591109016e+00 4.900772389117736161e+00
1.249633610161211550e+00 4.907591366863026217e+00
1.250610649731314084e+00 4.914408566086331476e+00
1.251587689301416617e+00 4.921223974117377331e+00
1.252564728871519151e+00 4.928037578324120815e+00
1.253541768441621906e+00 4.934849366111290436e+00
1.254518808011724440e+00 4.941659324918873608e+00
1.255495847581826974e+00 4.948467442220622736e+00
1.256472887151929729e+00 4.955273705522564853e+00
1.257449926722032263e+00 4.962078102361445531e+00
1.258426966292134797e+00 4.968880620303243845e+00
1.259404005862237330e+00 4.975681246941620728e+00
1.260381045432339864e+00 4.982479969896401073e+00
1.261358085002442619e+00 4.989276776812000769e+00
1.262335124572545153e+00 4.996071655355899921e+00
1.263312164142647687e+00 5.002864593217031697e+00
1.264289203712750442e+00 5.009655578104269757e+00
1.265266243282852976e+00 5.016444597744793121e+00
1.266243282852955510e+00 5.023231639882499877e+00
1.267220322423058043e+00 5.030016692276431556e+00
1.268197361993160577e+00 5.036799742699125559e+00
1.269174401563263332e+00 5.043580778934993347e+00
1.270151441133365866e+00 5.050359788778679082e+00
1.271128480703468400e+00 5.057136760033440481e+00
1.272105520273571155e+00 5.063911680509423086e+00
1.273082559843673689e+00 5.070684538022042886e+00
1.274059599413776223e+00 5.077455320390280136e+00
1.275036638983878756e+00 5.084224015434931410e+00
1.276013678553981290e+00 5.090990610976971809e+00
1.276990718124084045e+00 5.097755094835741296e+00
1.277967757694186579e+00 5.104517454827266043e+00
1.278944797264289113e+00 5.111277678762429666e+00
1.279921836834391868e+00 5.118035754445270591e+00
1.280898876404494402e+00 5.124791669671100891e+00
1.281875915974596936e+00 5.131545412224769009e+00
1.282852955544699469e+00 5.138296969878771492e+00
1.283829995114802003e+00 5.145046330391445544e+00
1.284807034684904758e+00 5.151793481505095862e+00
1.285784074255007292e+00 5.158538410944061958e+00
1.286761113825109826e+00 5.165281106412887624e+00
1.287738153395212581e+00 5.172021555594327857e+00
1.288715192965315115e+00 5.178759746147422405e+00
1.289692232535417649e+00 5.185495665705571078e+00
1.290669272105520182e+00 5.192229301874449199e+00
1.291646311675622716e+00 5.198960642230077589e+00
1.292623351245725472e+00 5.205689674316740678e+00
1.293600390815828005e+00 5.212416385644920602e+00
1.294577430385930539e+00 5.219140763689247287e+00
1.295554469956033294e+00 5.225862795886325962e+00
1.296531509526135828e+00 5.232582469632644617e+00
1.297508549096238362e+00 5.239299772282387302e+00
1.298485588666340895e+00 5.246014691145221676e+00
1.299462628236443429e+00 5.252727213484106983e+00
1.300439667806546185e+00 5.259437326513000777e+00
1.301416707376648718e+00 5.266145017394580741e+00
1.302393746946751252e+00 5.272850273237971841e+00
1.303370786516854007e+00 5.279553081096302058e+00
1.304347826086956541e+00 5.286253427964397567e+00
1.305324865657059075e+00 5.292951300776335799e+00
1.306301905227161608e+00 5.299646686402958551e+00
1.307278944797264142e+00 5.306339571649455245e+00
1.308255984367366898e+00 5.313029943252726817e+00
1.309233023937469431e+00 5.319717787878899706e+00
1.310210063507571965e+00 5.326403092120672866e+00
1.311187103077674720e+00 5.333085842494688755e+00
1.312164142647777254e+00 5.339766025438820840e+00
1.313141182217879788e+00 5.346443627309442448e+00
1.314118221787982321e+00 5.353118634378618346e+00
1.315095261358084855e+00 5.359791032831336288e+00
1.316072300928187611e+00 5.366460808762552936e+00
1.317049340498290144e+00 5.373127948174322377e+00
1.318026380068392678e+00 5.379792436972776315e+00
1.319003419638495433e+00 5.386454260965119367e+00
1.319980459208597967e+00 5.393113405856549747e+00
1.320957498778700501e+00 5.399769857247069815e+00
1.321934538348803034e+00 5.406423600628344595e+00
1.322911577918905568e+00 5.413074621380425278e+00
1.323888617489008324e+00 5.419722904768399019e+00
1.324865657059110857e+00 5.426368435939068036e+00
1.325842696629213391e+00 5.433011199917435974e+00
1.326819736199316146e+00 5.439651181603249341e+00
1.327796775769418680e+00 5.446288365767418149e+00
1.328773815339521214e+00 5.452922737048304214e+00
1.329750854909623747e+00 5.459554279948060085e+00
1.330727894479726281e+00 5.466182978828808992e+00
1.331704934049829037e+00 5.472808817908761725e+00
1.332681973619931570e+00 5.479431781258271350e+00
1.333659013190034104e+00 5.486051852795782224e+00
1.334636052760136860e+00 5.492669016283712402e+00
1.335613092330239393e+00 5.499283255324245445e+00
1.336590131900341927e+00 5.505894553355056509e+00
1.337567171470444460e+00 5.512502893644847468e+00
1.338544211040546994e+00 5.519108259288913132e+00
1.339521250610649750e+00 5.525710633204574229e+00
1.340498290180752283e+00 5.532309998126413220e+00
1.341475329750854817e+00 5.538906336601529645e+00
1.342452369320957573e+00 5.545499630984613404e+00
1.343429408891060106e+00 5.552089863432967398e+00
1.344406448461162640e+00 5.558677015901306362e+00
1.345383488031265173e+00 5.565261070136570787e+00
1.346360527601367707e+00 5.571842007672506369e+00
1.347337567171470463e+00 5.578419809824160858e+00
1.348314606741572996e+00 5.584994457682298297e+00
1.349291646311675530e+00 5.591565932107567249e+00
1.350268685881778286e+00 5.598134213724597075e+00
1.351245725451880819e+00 5.604699282915977854e+00
1.352222765021983353e+00 5.611261119816028931e+00
1.353199804592085886e+00 5.617819704304408468e+00
1.354176844162188420e+00 5.624375015999625305e+00
1.355153883732291176e+00 5.630927034252339425e+00
1.356130923302393709e+00 5.637475738138515879e+00
1.357107962872496243e+00 5.644021106452321135e+00
1.358085002442598999e+00 5.650563117698982118e+00
1.359062042012701532e+00 5.657101750087320191e+00
1.360039081582804066e+00 5.663636981522151892e+00
1.361016121152906599e+00 5.670168789596464087e+00
1.361993160723009133e+00 5.676697151583449674e+00
1.362970200293111889e+00 5.683222044428161368e+00
1.363947239863214422e+00 5.689743444739129963e+00
1.364924279433316956e+00 5.696261328779610444e+00
1.365901319003419712e+00 5.702775672458662903e+00
1.366878358573522245e+00 5.709286451321927025e+00
1.367855398143624779e+00 5.715793640542211840e+00
1.368832437713727312e+00 5.722297214909696450e+00
1.369809477283829846e+00 5.728797148821985097e+00
1.370786516853932602e+00 5.735293416273780309e+00
1.371763556424035135e+00 5.741785990846287824e+00
1.372740595994137669e+00 5.748274845696278668e+00
1.373717635564240425e+00 5.754759953544882123e+00
1.374694675134342958e+00 5.761241286665992334e+00
1.375671714704445492e+00 5.767718816874373822e+00
1.376648754274548025e+00 5.774192515513329127e+00
1.377625793844650559e+00 5.780662353442053814e+00
1.378602833414753315e+00 5.787128301022599786e+00
1.379579872984855848e+00 5.793590328106356324e+00
1.380556912554958382e+00 5.800048404020196280e+00
1.381533952125061138e+00 5.806502497552193276e+00
1.382510991695163671e+00 5.812952576936726068e+00
1.383488031265266205e+00 5.819398609839294245e+00
1.384465070835368738e+00 5.825840563340743294e+00
1.385442110405471272e+00 5.832278403920977183e+00
1.386419149975574028e+00 5.838712097442168236e+00
1.387396189545676561e+00 5.845141609131311533e+00
1.388373229115779095e+00 5.851566903562372524e+00
1.389350268685881851e+00 5.857987944637669031e+00
1.390327308255984384e+00 5.864404695568624426e+00
1.391304347826086918e+00 5.870817118856015426e+00
1.392281387396189452e+00 5.877225176269374352e+00
1.393258426966291985e+00 5.883628828825631096e+00
1.394235466536394741e+00 5.890028036767292363e+00
1.395212506106497274e+00 5.896422759539443170e+00
1.396189545676599808e+00 5.902812955766236769e+00
1.397166585246702564e+00 5.909198583226453749e+00
1.398143624816805097e+00 5.915579598828014873e+00
1.399120664386907631e+00 5.921955958581762047e+00
1.400097703957010165e+00 5.928327617574219666e+00
1.401074743527112698e+00 5.934694529939172014e+00
1.402051783097215454e+00 5.941056648828433318e+00
1.403028822667317987e+00 5.947413926381276639e+00
1.404005862237420521e+00 5.953766313692794299e+00
1.404982901807523277e+00 5.960113760781058367e+00
1.405959941377625810e+00 5.966456216552884939e+00
1.406936980947728344e+00 5.972793628768346963e+00
1.407914020517830878e+00 5.979125944003825133e+00
1.408891060087933411e+00 5.985453107613620816e+00
1.409868099658036167e+00 5.991775063689906311e+00
1.410845139228138700e+00 5.998091755021213167e+00
1.411822178798241234e+00 6.004403123049004698e+00
1.412799218368343990e+00 6.010709107822560071e+00
1.413776257938446523e+00 6.017009647951993223e+00
1.414753297508549057e+00 6.023304680559080637e+00
1.415730337078651591e+00 6.029594141226189308e+00
1.416707376648754124e+00 6.035877963942972713e+00
1.417684416218856880e+00 6.042156081050520378e+00
1.418661455788959413e+00 6.048428423183291436e+00
1.419638495359061947e+00 6.054694919208408521e+00
1.420615534929164703e+00 6.060955496161986922e+00
1.421592574499267236e+00 6.067210079182911997e+00
1.422569614069369770e+00 6.073458591443351651e+00
1.423546653639472304e+00 6.079700954076033170e+00
1.424523693209574837e+00 6.085937086098205384e+00
1.425500732779677593e+00 6.092166904331955735e+00
1.426477772349780127e+00 6.098390323320685091e+00
1.427454811919882660e+00 6.104607255241528030e+00
1.428431851489985416e+00 6.110817609813552487e+00
1.429408891060087949e+00 6.117021294201307136e+00
1.430385930630190483e+00 6.123218212913644543e+00
1.431362970200293017e+00 6.129408267697320944e+00
1.432340009770395550e+00 6.135591357425337122e+00
1.433317049340498306e+00 6.141767377979167719e+00
1.434294088910600840e+00 6.147936222125080619e+00
1.435271128480703373e+00 6.154097779384004596e+00
1.436248168050806129e+00 6.160251935894063280e+00
1.437225207620908662e+00 6.166398574265875787e+00
1.438202247191011196e+00 6.172537573429927704e+00
1.439179286761113730e+00 6.178668808475527463e+00
1.440156326331216263e+00 6.184792150480330264e+00
1.441133365901319019e+00 6.190907466330624942e+00
1.442110405471421553e+00 6.197014618531005326e+00
1.443087445041524086e+00 6.203113465002920712e+00
1.444064484611626842e+00 6.209203858871369164e+00
1.445041524181729375e+00 6.215285648238831229e+00
1.446018563751831909e+00 6.221358675945419137e+00
1.446995603321934443e+00 6.227422779314175649e+00
1.447972642892036976e+00 6.233477789880643272e+00
1.448949682462139732e+00 6.239523533105337805e+00
1.449926722032242266e+00 6.245559828067537289e+00
1.450903761602344799e+00 6.251586487139382697e+00
1.451880801172447555e+00 6.257603315638372798e+00
1.452857840742550088e+00 6.263610111456601182e+00
1.453834880312652622e+00 6.269606664664761908e+00
1.454811919882755156e+00 6.275592757088908513e+00
1.455788959452857689e+00 6.281568161857411070e+00
1.456765999022960445e+00 6.287532642915937053e+00
1.457743038593062979e+00 6.293485954507056057e+00
1.458720078163165512e+00 6.299427840611935281e+00
1.459697117733268268e+00 6.305358034350050822e+00
1.460674157303370801e+00 6.311276257333738648e+00
1.461651196873473335e+00 6.317182218972713592e+00
1.462628236443575869e+00 6.323075615723709575e+00
1.463605276013678402e+00 6.328956130280987580e+00
1.464582315583781158e+00 6.334823430700311953e+00
1.465559355153883692e+00 6.340677169450742667e+00
1.466536394723986225e+00 6.346516982386542161e+00
1.467513434294088981e+00 6.352342487630725287e+00
1.468490473864191515e+00 6.358153284360917645e+00
1.469467513434294048e+00 6.363948951487016004e+00
1.470444553004396582e+00 6.369729046208274958e+00
1.471421592574499115e+00 6.375493102436725401e+00
1.472398632144601871e+00 6.381240629070918047e+00
1.473375671714704405e+00 6.386971108102607708e+00
1.474352711284806938e+00 6.392683992536412063e+00
1.475329750854909694e+00 6.398378704098920622e+00
1.476306790425012228e+00 6.404054630711176088e+00
1.477283829995114761e+00 6.409711123693566215e+00
1.478260869565217295e+00 6.415347494668396600e+00
1.479237909135319828e+00 6.420963012118428459e+00
1.480214948705422584e+00 6.426556897554411840e+00
1.481191988275525118e+00 6.432128321235630608e+00
1.482169027845627651e+00 6.437676397378136350e+00
1.483146067415730407e+00 6.443200178774257658e+00
1.484123106985832941e+00 6.448698650732053395e+00
1.485100146555935474e+00 6.454170724227597411e+00
1.486077186126038008e+00 6.459615228141041499e+00
1.487054225696140541e+00 6.465030900422591209e+00
1.488031265266243297e+00 6.470416378003179148e+00
1.489008304836345831e+00 6.475770185224437370e+00
1.489985344406448364e+00 6.481090720514687931e+00
1.490962383976551120e+00 6.486376240974347063e+00
1.491939423546653654e+00 6.491624844457352772e+00
1.492916463116756187e+00 6.496834448632633041e+00
1.493893502686858721e+00 6.502002766380988952e+00
1.494870542256961254e+00 6.507127276712769692e+00
1.495847581827064010e+00 6.512205190169853886e+00
1.496824621397166544e+00 6.517233407378536292e+00
1.497801660967269077e+00 6.522208469022762856e+00
1.498778700537371833e+00 6.527126494964985426e+00
1.499755740107474367e+00 6.531983109496402484e+00
1.500732779677576900e+00 6.536773348651890636e+00
1.501709819247679434e+00 6.541491544040796136e+00
1.502686858817781967e+00 6.546131175494706689e+00
1.503663898387884723e+00 6.550684681662595210e+00
1.504640937957987257e+00 6.555143212905280237e+00
1.505617977528089790e+00 6.559496303460020883e+00
1.506595017098192546e+00 6.563731428134069290e+00
1.507572056668295080e+00 6.567833389616411388e+00
1.508549096238397613e+00 6.571783449977854907e+00
1.509526135808500147e+00 6.575558062447480978e+00
1.510503175378602680e+00 6.579126952870274714e+00
1.511480214948705436e+00 6.582450090413527910e+00
1.512457254518807970e+00 6.585472644002206444e+00
1.513434294088910503e+00 6.588115998539656459e+00
1.514411333659013259e+00 6.590260258231686485e+00
1.515388373229115793e+00 6.591705652424136197e+00
1.516365412799218326e+00 6.592069729677744405e+00
1.517342452369320860e+00 6.590404853560029252e+00
1.518319491939423393e+00 6.581243244503550471e+00
