x	y
0.000000000000000000e+00 9.997002696764449581e-02
9.770395701025891277e-04 9.997012183740508484e-02
1.954079140205178255e-03 9.997040644776084006e-02
2.931118710307767383e-03 9.997088080193357318e-02
3.908158280410356511e-03 9.997154490529321091e-02
4.885197850512945639e-03 9.997239876535783665e-02
5.862237420615534766e-03 9.997344239179382919e-02
6.839276990718123894e-03 9.997467579641632074e-02
7.816316560820713022e-03 9.997609899318934956e-02
8.793356130923302150e-03 9.997771199822638732e-02
9.770395701025891277e-03 9.997951482979064441e-02
1.074743527112848041e-02 9.998150750829579159e-02
1.172447484123106953e-02 9.998369005630636241e-02
1.270151441133365866e-02 9.998606249853839167e-02
1.367855398143624779e-02 9.998862486186026188e-02
1.465559355153883692e-02 9.999137717529325842e-02
1.563263312164142604e-02 9.999431947001254095e-02
1.660967269174401517e-02 9.999745177934797613e-02
1.758671226184660430e-02 1.000007741387850535e-01
1.856375183194919343e-02 1.000042865859658708e-01
1.954079140205178255e-02 1.000079891606902582e-01
2.051783097215437168e-02 1.000118819049168190e-01
2.149487054225696081e-02 1.000159648627641923e-01
2.247191011235954994e-02 1.000202380805122332e-01
2.344894968246213907e-02 1.000247016066033445e-01
2.442598925256472819e-02 1.000293554916438510e-01
2.540302882266731732e-02 1.000341997884054146e-01
2.638006839276990645e-02 1.000392345518264919e-01
2.735710796287249558e-02 1.000444598390139023e-01
2.833414753297508470e-02 1.000498757092445207e-01
2.931118710307767383e-02 1.000554822239667768e-01
3.028822667318026296e-02 1.000612794468025424e-01
3.126526624328285209e-02 1.000672674435488796e-01
3.224230581338544122e-02 1.000734462821799009e-01
3.321934538348803034e-02 1.000798160328485870e-01
3.419638495359061947e-02 1.000863767678889932e-01
3.517342452369320860e-02 1.000931285618180122e-01
3.615046409379579773e-02 1.001000714913377609e-01
3.712750366389838685e-02 1.001072056353375928e-01
3.810454323400097598e-02 1.001145310748962070e-01
3.908158280410356511e-02 1.001220478932842578e-01
4.005862237420615424e-02 1.001297561759664084e-01
4.103566194430874337e-02 1.001376560106040092e-01
4.201270151441133249e-02 1.001457474870573322e-01
4.298974108451392162e-02 1.001540306973882494e-01
4.396678065461651075e-02 1.001625057358628418e-01
4.494382022471909988e-02 1.001711726989540502e-01
4.592085979482168900e-02 1.001800316853444228e-01
4.689789936492427813e-02 1.001890827959288494e-01
4.787493893502686726e-02 1.001983261338174891e-01
4.885197850512945639e-02 1.002077618043387408e-01
4.982901807523204551e-02 1.002173899150420877e-01
5.080605764533463464e-02 1.002272105757013171e-01
5.178309721543722377e-02 1.002372238983174763e-01
5.276013678553981290e-02 1.002474299971221755e-01
5.373717635564240203e-02 1.002578289885808216e-01
5.471421592574499115e-02 1.002684209913958929e-01
5.569125549584758028e-02 1.002792061265102841e-01
5.666829506595016941e-02 1.002901845171108863e-01
5.764533463605275854e-02 1.003013562886319321e-01
5.862237420615534766e-02 1.003127215687586865e-01
5.959941377625793679e-02 1.003242804874310140e-01
6.057645334636052592e-02 1.003360331768471392e-01
6.155349291646311505e-02 1.003479797714673799e-01
6.253053248656570418e-02 1.003601204080179776e-01
6.350757205666829330e-02 1.003724552254951080e-01
6.448461162677088243e-02 1.003849843651687113e-01
6.546165119687347156e-02 1.003977079705865721e-01
6.643869076697606069e-02 1.004106261875784972e-01
6.741573033707864981e-02 1.004237391642604227e-01
6.839276990718123894e-02 1.004370470510386332e-01
6.936980947728382807e-02 1.004505500006141611e-01
7.034684904738641720e-02 1.004642481679870747e-01
7.132388861748900633e-02 1.004781417104610441e-01
7.230092818759159545e-02 1.004922307876476156e-01
7.327796775769418458e-02 1.005065155614710964e-01
7.425500732779677371e-02 1.005209961961730097e-01
7.523204689789936284e-02 1.005356728583168963e-01
7.620908646800195196e-02 1.005505457167930189e-01
7.718612603810454109e-02 1.005656149428233725e-01
7.816316560820713022e-02 1.005808807099664859e-01
7.914020517830971935e-02 1.005963431941224312e-01
8.011724474841230847e-02 1.006120025735379592e-01
8.109428431851489760e-02 1.006278590288117447e-01
8.207132388861748673e-02 1.006439127428992025e-01
8.304836345872007586e-02 1.006601639011183297e-01
8.402540302882266499e-02 1.006766126911545906e-01
8.500244259892525411e-02 1.006932593030665651e-01
8.597948216902784324e-02 1.007101039292915001e-01
8.695652173913043237e-02 1.007271467646507906e-01
8.793356130923302150e-02 1.007443880063555591e-01
8.891060087933561062e-02 1.007618278540124840e-01
8.988764044943819975e-02 1.007794665096297115e-01
9.086468001954078888e-02 1.007973041776223655e-01
9.184171958964337801e-02 1.008153410648189169e-01
9.281875915974596714e-02 1.008335773804668045e-01
9.379579872984855626e-02 1.008520133362389298e-01
9.477283829995114539e-02 1.008706491462393884e-01
9.574987787005373452e-02 1.008894850270101173e-01
9.672691744015632365e-02 1.009085211975369878e-01
9.770395701025891277e-02 1.009277578792561469e-01
9.868099658036150190e-02 1.009471952960607349e-01
9.965803615046409103e-02 1.009668336743072270e-01
1.006350757205666802e-01 1.009866732428221225e-01
1.016121152906692693e-01 1.010067142329086065e-01
1.025891548607718584e-01 1.010269568783534883e-01
1.035661944308744475e-01 1.010474014154338351e-01
1.045432340009770367e-01 1.010680480829240641e-01
1.055202735710796258e-01 1.010888971221029359e-01
1.064973131411822149e-01 1.011099487767606470e-01
1.074743527112848041e-01 1.011312032932059207e-01
1.084513922813873932e-01 1.011526609202734600e-01
1.094284318514899823e-01 1.011743219093310525e-01
1.104054714215925714e-01 1.011961865142871619e-01
1.113825109916951606e-01 1.012182549915983804e-01
1.123595505617977497e-01 1.012405276002769916e-01
1.133365901319003388e-01 1.012630046018986735e-01
1.143136297020029279e-01 1.012856862606101166e-01
1.152906692721055171e-01 1.013085728431371707e-01
1.162677088422081062e-01 1.013316646187923387e-01
1.172447484123106953e-01 1.013549618594830753e-01
1.182217879824132845e-01 1.013784648397198229e-01
1.191988275525158736e-01 1.014021738366240599e-01
1.201758671226184627e-01 1.014260891299367667e-01
1.211529066927210518e-01 1.014502110020264886e-01
1.221299462628236410e-01 1.014745397378979952e-01
1.231069858329262301e-01 1.014990756252006771e-01
1.240840254030288192e-01 1.015238189542372466e-01
1.250610649731314084e-01 1.015487700179722591e-01
1.260381045432339975e-01 1.015739291120411197e-01
1.270151441133365866e-01 1.015992965347587013e-01
1.279921836834391757e-01 1.016248725871284619e-01
1.289692232535417649e-01 1.016506575728514800e-01
1.299462628236443540e-01 1.016766517983355711e-01
1.309233023937469431e-01 1.017028555727044342e-01
1.319003419638495322e-01 1.017292692078071020e-01
1.328773815339521214e-01 1.017558930182272392e-01
1.338544211040547105e-01 1.017827273212927458e-01
1.348314606741572996e-01 1.018097724370852081e-01
1.358085002442598888e-01 1.018370286884498488e-01
1.367855398143624779e-01 1.018644964010049919e-01
1.377625793844650670e-01 1.018921759031521240e-01
1.387396189545676561e-01 1.019200675260857752e-01
1.397166585246702453e-01 1.019481716038038860e-01
1.406936980947728344e-01 1.019764884731174243e-01
1.416707376648754235e-01 1.020050184736611409e-01
1.426477772349780127e-01 1.020337619479037283e-01
1.436248168050806018e-01 1.020627192411582285e-01
1.446018563751831909e-01 1.020918907015926635e-01
1.455788959452857800e-01 1.021212766802407496e-01
1.465559355153883692e-01 1.021508775310125544e-01
1.475329750854909583e-01 1.021806936107053781e-01
1.485100146555935474e-01 1.022107252790147025e-01
1.494870542256961365e-01 1.022409728985452931e-01
1.504640937957987257e-01 1.022714368348223435e-01
1.514411333659013148e-01 1.023021174563027436e-01
1.524181729360039039e-01 1.023330151343863903e-01
1.533952125061064931e-01 1.023641302434277339e-01
1.543722520762090822e-01 1.023954631607473797e-01
1.553492916463116713e-01 1.024270142666436484e-01
1.563263312164142604e-01 1.024587839444044968e-01
1.573033707865168496e-01 1.024907725803193281e-01
1.582804103566194387e-01 1.025229805636911351e-01
1.592574499267220278e-01 1.025554082868483652e-01
1.602344894968246169e-01 1.025880561451574524e-01
1.612115290669272061e-01 1.026209245370348772e-01
1.621885686370297952e-01 1.026540138639597671e-01
1.631656082071323843e-01 1.026873245304864568e-01
1.641426477772349735e-01 1.027208569442571162e-01
1.651196873473375626e-01 1.027546115160144491e-01
1.660967269174401517e-01 1.027885886596147796e-01
1.670737664875427408e-01 1.028227887920409173e-01
1.680508060576453300e-01 1.028572123334153543e-01
1.690278456277479191e-01 1.028918597070134500e-01
1.700048851978505082e-01 1.029267313392768501e-01
1.709819247679530974e-01 1.029618276598268933e-01
1.719589643380556865e-01 1.029971491014782803e-01
1.729360039081582756e-01 1.030326961002527714e-01
1.739130434782608647e-01 1.030684690953929811e-01
1.748900830483634539e-01 1.031044685293763946e-01
1.758671226184660430e-01 1.031406948479293983e-01
1.768441621885686321e-01 1.031771485000415045e-01
1.778212017586712212e-01 1.032138299379796731e-01
1.787982413287738104e-01 1.032507396173027586e-01
1.797752808988763995e-01 1.032878779968760957e-01
1.807523204689789886e-01 1.033252455388861263e-01
1.817293600390815778e-01 1.033628427088553736e-01
1.827063996091841669e-01 1.034006699756573333e-01
1.836834391792867560e-01 1.034387278115314751e-01
1.846604787493893451e-01 1.034770166920985640e-01
1.856375183194919343e-01 1.035155370963759675e-01
1.866145578895945234e-01 1.035542895067931013e-01
1.875915974596971125e-01 1.035932744092071534e-01
1.885686370297997017e-01 1.036324922929187098e-01
1.895456765999022908e-01 1.036719436506876868e-01
1.905227161700048799e-01 1.037116289787492901e-01
1.914997557401074690e-01 1.037515487768303074e-01
1.924767953102100582e-01 1.037917035481651928e-01
1.934538348803126473e-01 1.038320937995127341e-01
1.944308744504152364e-01 1.038727200411724144e-01
1.954079140205178255e-01 1.039135827870012324e-01
1.963849535906204147e-01 1.039546825544304942e-01
1.973619931607230038e-01 1.039960198644828832e-01
1.983390327308255929e-01 1.040375952417895294e-01
1.993160723009281821e-01 1.040794092146073019e-01
2.002931118710307712e-01 1.041214623148363078e-01
2.012701514411333603e-01 1.041637550780373372e-01
2.022471910112359494e-01 1.042062880434497796e-01
2.032242305813385386e-01 1.042490617540093034e-01
2.042012701514411277e-01 1.042920767563659395e-01
2.051783097215437168e-01 1.043353336009023719e-01
2.061553492916463060e-01 1.043788328417521311e-01
2.071323888617488951e-01 1.044225750368181355e-01
2.081094284318514842e-01 1.044665607477913566e-01
2.090864680019540733e-01 1.045107905401695264e-01
2.100635075720566625e-01 1.045552649832762054e-01
2.110405471421592516e-01 1.045999846502798231e-01
2.120175867122618407e-01 1.046449501182129538e-01
2.129946262823644298e-01 1.046901619679918016e-01
2.139716658524670190e-01 1.047356207844357678e-01
2.149487054225696081e-01 1.047813271562871712e-01
2.159257449926721972e-01 1.048272816762312321e-01
2.169027845627747864e-01 1.048734849409161951e-01
2.178798241328773755e-01 1.049199375509734938e-01
2.188568637029799646e-01 1.049666401110382757e-01
2.198339032730825537e-01 1.050135932297699276e-01
2.208109428431851429e-01 1.050607975198729199e-01
2.217879824132877320e-01 1.051082535981177346e-01
2.227650219833903211e-01 1.051559620853619176e-01
2.237420615534929103e-01 1.052039236065714922e-01
2.247191011235954994e-01 1.052521387908423728e-01
2.256961406936980885e-01 1.053006082714219860e-01
2.266731802638006776e-01 1.053493326857312118e-01
2.276502198339032668e-01 1.053983126753862687e-01
2.286272594040058559e-01 1.054475488862210292e-01
2.296042989741084450e-01 1.054970419683093213e-01
2.305813385442110341e-01 1.055467925759876191e-01
2.315583781143136233e-01 1.055968013678775658e-01
2.325354176844162124e-01 1.056470690069092472e-01
2.335124572545188015e-01 1.056975961603441039e-01
2.344894968246213907e-01 1.057483834997983568e-01
2.354665363947239798e-01 1.057994317012663776e-01
2.364435759648265689e-01 1.058507414451446693e-01
2.374206155349291580e-01 1.059023134162556390e-01
2.383976551050317472e-01 1.059541483038716619e-01
2.393746946751343363e-01 1.060062468017396176e-01
2.403517342452369254e-01 1.060586096081050783e-01
2.413287738153395146e-01 1.061112374257374147e-01
2.423058133854421037e-01 1.061641309619543727e-01
2.432828529555446928e-01 1.062172909286475259e-01
2.442598925256472819e-01 1.062707180423073938e-01
2.452369320957498711e-01 1.063244130240490887e-01
2.462139716658524602e-01 1.063783765996381275e-01
2.471910112359550493e-01 1.064326094995163841e-01
2.481680508060576384e-01 1.064871124588282342e-01
2.491450903761602276e-01 1.065418862174470488e-01
2.501221299462628167e-01 1.065969315200018530e-01
2.510991695163654058e-01 1.066522491159041519e-01
2.520762090864679950e-01 1.067078397593749922e-01
2.530532486565705841e-01 1.067637042094722738e-01
2.540302882266731732e-01 1.068198432301183803e-01
2.550073277967757623e-01 1.068762575901278933e-01
2.559843673668783515e-01 1.069329480632355417e-01
2.569614069369809406e-01 1.069899154281245407e-01
2.579384465070835297e-01 1.070471604684549716e-01
2.589154860771861189e-01 1.071046839728924810e-01
2.598925256472887080e-01 1.071624867351374105e-01
2.608695652173912971e-01 1.072205695539537179e-01
2.618466047874938862e-01 1.072789332331986201e-01
2.628236443575964754e-01 1.073375785818521805e-01
2.638006839276990645e-01 1.073965064140472159e-01
2.647777234978016536e-01 1.074557175490995636e-01
2.657547630679042427e-01 1.075152128115384464e-01
2.667318026380068319e-01 1.075749930311371561e-01
2.677088422081094210e-01 1.076350590429440562e-01
2.686858817782120101e-01 1.076954116873136691e-01
2.696629213483145993e-01 1.077560518099382608e-01
2.706399609184171884e-01 1.078169802618794831e-01
2.716170004885197775e-01 1.078781978996004587e-01
2.725940400586223666e-01 1.079397055849979081e-01
2.735710796287249558e-01 1.080015041854348185e-01
2.745481191988275449e-01 1.080635945737731529e-01
2.755251587689301340e-01 1.081259776284069496e-01
2.765021983390327232e-01 1.081886542332956974e-01
2.774792379091353123e-01 1.082516252779980315e-01
2.784562774792379014e-01 1.083148916577055809e-01
2.794333170493404905e-01 1.083784542732771361e-01
2.804103566194430797e-01 1.084423140312732875e-01
2.813873961895456688e-01 1.085064718439910647e-01
2.823644357596482579e-01 1.085709286294991027e-01
2.833414753297508470e-01 1.086356853116730303e-01
2.843185148998534362e-01 1.087007428202311082e-01
2.852955544699560253e-01 1.087661020907702003e-01
2.862725940400586144e-01 1.088317640648020501e-01
2.872496336101612036e-01 1.088977296897899461e-01
2.882266731802637927e-01 1.089639999191855391e-01
2.892037127503663818e-01 1.090305757124660907e-01
2.901807523204689709e-01 1.090974580351720125e-01
2.911577918905715601e-01 1.091646478589445995e-01
2.921348314606741492e-01 1.092321461615643613e-01
2.931118710307767383e-01 1.092999539269894765e-01
2.940889106008793275e-01 1.093680721453944987e-01
2.950659501709819166e-01 1.094365018132096440e-01
2.960429897410845057e-01 1.095052439331601901e-01
2.970200293111870948e-01 1.095742995143062781e-01
2.979970688812896840e-01 1.096436695720831717e-01
2.989741084513922731e-01 1.097133551283416969e-01
2.999511480214948622e-01 1.097833572113889739e-01
3.009281875915974513e-01 1.098536768560299387e-01
3.019052271617000405e-01 1.099243151036085331e-01
3.028822667318026296e-01 1.099952730020498232e-01
3.038593063019052187e-01 1.100665516059020910e-01
3.048363458720078079e-01 1.101381519763797445e-01
3.058133854421103970e-01 1.102100751814059781e-01
3.067904250122129861e-01 1.102823222956564320e-01
3.077674645823155752e-01 1.103548944006026711e-01
3.087445041524181644e-01 1.104277925845564556e-01
3.097215437225207535e-01 1.105010179427141775e-01
3.106985832926233426e-01 1.105745715772017829e-01
3.116756228627259317e-01 1.106484545971199163e-01
3.126526624328285209e-01 1.107226681185897454e-01
3.136297020029311100e-01 1.107972132647988134e-01
3.146067415730336991e-01 1.108720911660476260e-01
3.155837811431362883e-01 1.109473029597964899e-01
3.165608207132388774e-01 1.110228497907126410e-01
3.175378602833414665e-01 1.110987328107181510e-01
3.185148998534440556e-01 1.111749531790376250e-01
3.194919394235466448e-01 1.112515120622470932e-01
3.204689789936492339e-01 1.113284106343226804e-01
3.214460185637518230e-01 1.114056500766900243e-01
3.224230581338544122e-01 1.114832315782740974e-01
3.234000977039570013e-01 1.115611563355492358e-01
3.243771372740595904e-01 1.116394255525900020e-01
3.253541768441621795e-01 1.117180404411221156e-01
3.263312164142647687e-01 1.117970022205740932e-01
3.273082559843673578e-01 1.118763121181291648e-01
3.282852955544699469e-01 1.119559713687777042e-01
3.292623351245725360e-01 1.120359812153701590e-01
3.302393746946751252e-01 1.121163429086704799e-01
3.312164142647777143e-01 1.121970577074097725e-01
3.321934538348803034e-01 1.122781268783408087e-01
3.331704934049828926e-01 1.123595516962927338e-01
3.341475329750854817e-01 1.124413334442262435e-01
3.351245725451880708e-01 1.125234734132894987e-01
3.361016121152906599e-01 1.126059729028742462e-01
3.370786516853932491e-01 1.126888332206726351e-01
3.380556912554958382e-01 1.127720556827344622e-01
3.390327308255984273e-01 1.128556416135249735e-01
3.400097703957010165e-01 1.129395923459829559e-01
3.409868099658036056e-01 1.130239092215797048e-01
3.419638495359061947e-01 1.131085935903783091e-01
3.429408891060087838e-01 1.131936468110934652e-01
3.439179286761113730e-01 1.132790702511517478e-01
3.448949682462139621e-01 1.133648652867527140e-01
3.458720078163165512e-01 1.134510333029302154e-01
3.468490473864191403e-01 1.135375756936144592e-01
3.478260869565217295e-01 1.136244938616944866e-01
3.488031265266243186e-01 1.137117892190814411e-01
3.497801660967269077e-01 1.137994631867721845e-01
3.507572056668294969e-01 1.138875171949134957e-01
3.517342452369320860e-01 1.139759526828669212e-01
3.527112848070346751e-01 1.140647710992742925e-01
3.536883243771372642e-01 1.141539739021236732e-01
3.546653639472398534e-01 1.142435625588159032e-01
3.556424035173424425e-01 1.143335385462319193e-01
3.566194430874450316e-01 1.144239033508005071e-01
3.575964826575476208e-01 1.145146584685666907e-01
3.585735222276502099e-01 1.146058054052609132e-01
3.595505617977527990e-01 1.146973456763685922e-01
3.605276013678553881e-01 1.147892808072003973e-01
3.615046409379579773e-01 1.148816123329634148e-01
3.624816805080605664e-01 1.149743417988324939e-01
3.634587200781631555e-01 1.150674707600225916e-01
3.644357596482657446e-01 1.151610007818617692e-01
3.654127992183683338e-01 1.152549334398645792e-01
3.663898387884709229e-01 1.153492703198065461e-01
3.673668783585735120e-01 1.154440130177988438e-01
3.683439179286761012e-01 1.155391631403641373e-01
3.693209574987786903e-01 1.156347223045127298e-01
3.702979970688812794e-01 1.157306921378197240e-01
3.712750366389838685e-01 1.158270742785025842e-01
3.722520762090864577e-01 1.159238703754996436e-01
3.732291157791890468e-01 1.160210820885493183e-01
3.742061553492916359e-01 1.161187110882700296e-01
3.751831949193942251e-01 1.162167590562405983e-01
3.761602344894968142e-01 1.163152276850819705e-01
3.771372740595994033e-01 1.164141186785391247e-01
3.781143136297019924e-01 1.165134337515639634e-01
3.790913531998045816e-01 1.166131746303991357e-01
3.800683927699071707e-01 1.167133430526624688e-01
3.810454323400097598e-01 1.168139407674320396e-01
3.820224719101123489e-01 1.169149695353323137e-01
3.829995114802149381e-01 1.170164311286210207e-01
3.839765510503175272e-01 1.171183273312768336e-01
3.849535906204201163e-01 1.172206599390877430e-01
3.859306301905227055e-01 1.173234307597404436e-01
3.869076697606252946e-01 1.174266416129103457e-01
3.878847093307278837e-01 1.175302943303527803e-01
3.888617489008304728e-01 1.176343907559946889e-01
3.898387884709330620e-01 1.177389327460274249e-01
3.908158280410356511e-01 1.178439221690002897e-01
3.917928676111382402e-01 1.179493609059150266e-01
3.927699071812408294e-01 1.180552508503212722e-01
3.937469467513434185e-01 1.181615939084127986e-01
3.947239863214460076e-01 1.182683919991245752e-01
3.957010258915485967e-01 1.183756470542311062e-01
3.966780654616511859e-01 1.184833610184453934e-01
3.976551050317537750e-01 1.185915358495188421e-01
3.986321446018563641e-01 1.187001735183424167e-01
3.996091841719589532e-01 1.188092760090484201e-01
4.005862237420615424e-01 1.189188453191133699e-01
4.015632633121641315e-01 1.190288834594620537e-01
4.025403028822667206e-01 1.191393924545721961e-01
4.035173424523693098e-01 1.192503743425805396e-01
4.044943820224718989e-01 1.193618311753896211e-01
4.054714215925744880e-01 1.194737650187758377e-01
4.064484611626770771e-01 1.195861779524983182e-01
4.074255007327796663e-01 1.196990720704090433e-01
4.084025403028822554e-01 1.198124494805639650e-01
4.093795798729848445e-01 1.199263123053350283e-01
4.103566194430874337e-01 1.200406626815238159e-01
4.113336590131900228e-01 1.201555027604754300e-01
4.123106985832926119e-01 1.202708347081944129e-01
4.132877381533952010e-01 1.203866607054611265e-01
4.142647777234977902e-01 1.205029829479496301e-01
4.152418172936003793e-01 1.206198036463464879e-01
4.162188568637029684e-01 1.207371250264709373e-01
4.171958964338055575e-01 1.208549493293961247e-01
4.181729360039081467e-01 1.209732788115714802e-01
4.191499755740107358e-01 1.210921157449464242e-01
4.201270151441133249e-01 1.212114624170953225e-01
4.211040547142159141e-01 1.213313211313434142e-01
4.220810942843185032e-01 1.214516942068942645e-01
4.230581338544210923e-01 1.215725839789583845e-01
4.240351734245236814e-01 1.216939927988830300e-01
4.250122129946262706e-01 1.218159230342835547e-01
4.259892525647288597e-01 1.219383770691756241e-01
4.269662921348314488e-01 1.220613573041091915e-01
4.279433317049340380e-01 1.221848661563036953e-01
4.289203712750366271e-01 1.223089060597843253e-01
4.298974108451392162e-01 1.224334794655199399e-01
4.308744504152418053e-01 1.225585888415624686e-01
4.318514899853443945e-01 1.226842366731873135e-01
4.328285295554469836e-01 1.228104254630354719e-01
4.338055691255495727e-01 1.229371577312569769e-01
4.347826086956521618e-01 1.230644360156558648e-01
4.357596482657547510e-01 1.231922628718365026e-01
4.367366878358573401e-01 1.233206408733514142e-01
4.377137274059599292e-01 1.234495726118507164e-01
4.386907669760625184e-01 1.235790606972328731e-01
4.396678065461651075e-01 1.237091077577971154e-01
4.406448461162676966e-01 1.238397164403975403e-01
4.416218856863702857e-01 1.239708894105983061e-01
4.425989252564728749e-01 1.241026293528310759e-01
4.435759648265754640e-01 1.242349389705534324e-01
4.445530043966780531e-01 1.243678209864094719e-01
4.455300439667806423e-01 1.245012781423914805e-01
4.465070835368832314e-01 1.246353132000037750e-01
4.474841231069858205e-01 1.247699289404279877e-01
4.484611626770884096e-01 1.249051281646900297e-01
4.494382022471909988e-01 1.250409136938288313e-01
4.504152418172935879e-01 1.251772883690667748e-01
4.513922813873961770e-01 1.253142550519821541e-01
4.523693209574987661e-01 1.254518166246828548e-01
4.533463605276013553e-01 1.255899759899825330e-01
4.543234000977039444e-01 1.257287360715780011e-01
4.553004396678065335e-01 1.258680998142288621e-01
4.562774792379091227e-01 1.260080701839389750e-01
4.572545188080117118e-01 1.261486501681394756e-01
4.582315583781143009e-01 1.262898427758741560e-01
4.592085979482168900e-01 1.264316510379866754e-01
4.601856375183194792e-01 1.265740780073093541e-01
4.611626770884220683e-01 1.267171267588545203e-01
4.621397166585246574e-01 1.268608003900074943e-01
4.631167562286272465e-01 1.270051020207217107e-01
4.640937957987298357e-01 1.271500347937158104e-01
4.650708353688324248e-01 1.272956018746732587e-01
4.660478749389350139e-01 1.274418064524431571e-01
4.670249145090376031e-01 1.275886517392443020e-01
4.680019540791401922e-01 1.277361409708706041e-01
4.689789936492427813e-01 1.278842774068989774e-01
4.699560332193453704e-01 1.280330643308992822e-01
4.709330727894479596e-01 1.281825050506471275e-01
4.719101123595505487e-01 1.283326028983377554e-01
4.728871519296531378e-01 1.284833612308036443e-01
4.738641914997557270e-01 1.286347834297332238e-01
4.748412310698583161e-01 1.287868729018928071e-01
4.758182706399609052e-01 1.289396330793501078e-01
4.767953102100634943e-01 1.290930674197012518e-01
4.777723497801660835e-01 1.292471794062988455e-01
4.787493893502686726e-01 1.294019725484840677e-01
4.797264289203712617e-01 1.295574503818198719e-01
4.807034684904738508e-01 1.297136164683274917e-01
4.816805080605764400e-01 1.298704743967256103e-01
4.826575476306790291e-01 1.300280277826714459e-01
4.836345872007816182e-01 1.301862802690051946e-01
4.846116267708842074e-01 1.303452355259968609e-01
4.855886663409867965e-01 1.305048972515955308e-01
4.865657059110893856e-01 1.306652691716819192e-01
4.875427454811919747e-01 1.308263550403231112e-01
4.885197850512945639e-01 1.309881586400306330e-01
4.894968246213971530e-01 1.311506837820209936e-01
4.904738641914997421e-01 1.313139343064792242e-01
4.914509037616023313e-01 1.314779140828253312e-01
4.924279433317049204e-01 1.316426270099838314e-01
4.934049829018075095e-01 1.318080770166560056e-01
4.943820224719100986e-01 1.319742680615953179e-01
4.953590620420126878e-01 1.321412041338860532e-01
4.963361016121152769e-01 1.323088892532247596e-01
4.973131411822178660e-01 1.324773274702051029e-01
4.982901807523204551e-01 1.326465228666056095e-01
4.992672203224230443e-01 1.328164795556810995e-01
5.002442598925256334e-01 1.329872016824568404e-01
5.012212994626281670e-01 1.331586934240264475e-01
5.021983390327308117e-01 1.333309589898529213e-01
5.031753786028334563e-01 1.335040026220729870e-01
5.041524181729359899e-01 1.336778285958053480e-01
5.051294577430385235e-01 1.338524412194617152e-01
5.061064973131411682e-01 1.340278448350620821e-01
5.070835368832438128e-01 1.342040438185529427e-01
5.080605764533463464e-01 1.343810425801296449e-01
5.090376160234488800e-01 1.345588455645622683e-01
5.100146555935515247e-01 1.347374572515249169e-01
5.109916951636541693e-01 1.349168821559291465e-01
5.119687347337567029e-01 1.350971248282611392e-01
5.129457743038592366e-01 1.352781898549227091e-01
5.139228138739618812e-01 1.354600818585762478e-01
5.148998534440645258e-01 1.356428054984933906e-01
5.158768930141670594e-01 1.358263654709082335e-01
5.168539325842695931e-01 1.360107665093741869e-01
5.178309721543722377e-01 1.361960133851252419e-01
5.188080117244748823e-01 1.363821109074410676e-01
5.197850512945774160e-01 1.365690639240168536e-01
5.207620908646799496e-01 1.367568773213369560e-01
5.217391304347825942e-01 1.369455560250533444e-01
5.227161700048852389e-01 1.371351050003682126e-01
5.236932095749877725e-01 1.373255292524208915e-01
5.246702491450903061e-01 1.375168338266799795e-01
5.256472887151929507e-01 1.377090238093391650e-01
5.266243282852955954e-01 1.379021043277185166e-01
5.276013678553981290e-01 1.380960805506699640e-01
5.285784074255006626e-01 1.382909576889878589e-01
5.295554469956033072e-01 1.384867409958243645e-01
5.305324865657059519e-01 1.386834357671093698e-01
5.315095261358084855e-01 1.388810473419762881e-01
5.324865657059110191e-01 1.390795811031918239e-01
5.334636052760136637e-01 1.392790424775917080e-01
5.344406448461163084e-01 1.394794369365213171e-01
5.354176844162188420e-01 1.396807699962813454e-01
5.363947239863213756e-01 1.398830472185793317e-01
5.373717635564240203e-01 1.400862742109862946e-01
5.383488031265266649e-01 1.402904566273985021e-01
5.393258426966291985e-01 1.404956001685057909e-01
5.403028822667317321e-01 1.407017105822644665e-01
5.412799218368343768e-01 1.409087936643766970e-01
5.422569614069370214e-01 1.411168552587751257e-01
5.432340009770395550e-01 1.413259012581140339e-01
5.442110405471420886e-01 1.415359376042656381e-01
5.451880801172447333e-01 1.417469702888233540e-01
5.461651196873473779e-01 1.419590053536105567e-01
5.471421592574499115e-01 1.421720488911955571e-01
5.481191988275524452e-01 1.423861070454133793e-01
5.490962383976550898e-01 1.426011860118936436e-01
5.500732779677577344e-01 1.428172920385945566e-01
5.510503175378602680e-01 1.430344314263444494e-01
5.520273571079628017e-01 1.432526105293888685e-01
5.530043966780654463e-01 1.434718357559454371e-01
5.539814362481680909e-01 1.436921135687647955e-01
5.549584758182706246e-01 1.439134504856989516e-01
5.559355153883731582e-01 1.441358530802767379e-01
5.569125549584758028e-01 1.443593279822861786e-01
5.578895945285784475e-01 1.445838818783640733e-01
5.588666340986809811e-01 1.448095215125933810e-01
5.598436736687835147e-01 1.450362536871079577e-01
5.608207132388861593e-01 1.452640852627041512e-01
5.617977528089888040e-01 1.454930231594613876e-01
5.627747923790913376e-01 1.457230743573693643e-01
5.637518319491938712e-01 1.459542458969640966e-01
5.647288715192965158e-01 1.461865448799713474e-01
5.657059110893991605e-01 1.464199784699584950e-01
5.666829506595016941e-01 1.466545538929945602e-01
5.676599902296042277e-01 1.468902784383189775e-01
5.686370297997068723e-01 1.471271594590184695e-01
5.696140693698095170e-01 1.473652043727126104e-01
5.705911089399120506e-01 1.476044206622484645e-01
5.715681485100145842e-01 1.478448158764038844e-01
5.725451880801172289e-01 1.480863976305997476e-01
5.735222276502198735e-01 1.483291736076217671e-01
5.744992672203224071e-01 1.485731515583510742e-01
5.754763067904249407e-01 1.488183393025048207e-01
5.764533463605275854e-01 1.490647447293858008e-01
5.774303859306302300e-01 1.493123757986421218e-01
5.784074255007327636e-01 1.495612405410366719e-01
5.793844650708352972e-01 1.498113470592268570e-01
5.803615046409379419e-01 1.500627035285537481e-01
5.813385442110405865e-01 1.503153181978425790e-01
5.823155837811431201e-01 1.505691993902128489e-01
5.832926233512456538e-01 1.508243555038996098e-01
5.842696629213482984e-01 1.510807950130853561e-01
5.852467024914509430e-01 1.513385264687425735e-01
5.862237420615534766e-01 1.515975584994881109e-01
5.872007816316560103e-01 1.518578998124482382e-01
5.881778212017586549e-01 1.521195591941353342e-01
5.891548607718612995e-01 1.523825455113361760e-01
5.901319003419638332e-01 1.526468677120123851e-01
5.911089399120663668e-01 1.529125348262123651e-01
5.920859794821690114e-01 1.531795559669957563e-01
5.930630190522716561e-01 1.534479403313700474e-01
5.940400586223741897e-01 1.537176972012399834e-01
5.950170981924767233e-01 1.539888359443696286e-01
5.959941377625793679e-01 1.542613660153571153e-01
5.969711773326820126e-01 1.545352969566229917e-01
5.979482169027845462e-01 1.548106383994115320e-01
5.989252564728870798e-01 1.550874000648060635e-01
5.999022960429897244e-01 1.553655917647574769e-01
6.008793356130923691e-01 1.556452234031270587e-01
6.018563751831949027e-01 1.559263049767436182e-01
6.028334147532974363e-01 1.562088465764748801e-01
6.038104543234000809e-01 1.564928583883136159e-01
6.047874938935027256e-01 1.567783506944784577e-01
6.057645334636052592e-01 1.570653338745299499e-01
6.067415730337077928e-01 1.573538184065022549e-01
6.077186126038104375e-01 1.576438148680499030e-01
6.086956521739130821e-01 1.579353339376108334e-01
6.096726917440156157e-01 1.582283863955852299e-01
6.106497313141181493e-01 1.585229831255310085e-01
6.116267708842207940e-01 1.588191351153755704e-01
6.126038104543234386e-01 1.591168534586446803e-01
6.135808500244259722e-01 1.594161493557084697e-01
6.145578895945285058e-01 1.597170341150447315e-01
6.155349291646311505e-01 1.600195191545200069e-01
6.165119687347337951e-01 1.603236160026886292e-01
6.174890083048363287e-01 1.606293363001101149e-01
6.184660478749388623e-01 1.609366918006849279e-01
6.194430874450415070e-01 1.612456943730093961e-01
6.204201270151441516e-01 1.615563560017494737e-01
6.213971665852466852e-01 1.618686887890342097e-01
6.223742061553492189e-01 1.621827049558690059e-01
6.233512457254518635e-01 1.624984168435690268e-01
6.243282852955545081e-01 1.628158369152127305e-01
6.253053248656570418e-01 1.631349777571165227e-01
6.262823644357595754e-01 1.634558520803306991e-01
6.272594040058622200e-01 1.637784727221562597e-01
6.282364435759648646e-01 1.641028526476841776e-01
6.292134831460673983e-01 1.644290049513561780e-01
6.301905227161699319e-01 1.647569428585488605e-01
6.311675622862725765e-01 1.650866797271801079e-01
6.321446018563752212e-01 1.654182290493391438e-01
6.331216414264777548e-01 1.657516044529399879e-01
6.340986809965802884e-01 1.660868197033991689e-01
6.350757205666829330e-01 1.664238887053381966e-01
6.360527601367855777e-01 1.667628255043102081e-01
6.370297997068881113e-01 1.671036442885524553e-01
6.380068392769906449e-01 1.674463593907646597e-01
6.389838788470932895e-01 1.677909852899129861e-01
6.399609184171959342e-01 1.681375366130611060e-01
6.409379579872984678e-01 1.684860281372276836e-01
6.419149975574010014e-01 1.688364747912723118e-01
6.428920371275036461e-01 1.691888916578086488e-01
6.438690766976062907e-01 1.695432939751460588e-01
6.448461162677088243e-01 1.698996971392605082e-01
6.458231558378113579e-01 1.702581167057947986e-01
6.468001954079140026e-01 1.706185683920886376e-01
6.477772349780166472e-01 1.709810680792387128e-01
6.487542745481191808e-01 1.713456318141905743e-01
6.497313141182217144e-01 1.717122758118614367e-01
6.507083536883243591e-01 1.720810164572949275e-01
6.516853932584270037e-01 1.724518703078486703e-01
6.526624328285295373e-01 1.728248540954149537e-01
6.536394723986320709e-01 1.731999847286748440e-01
6.546165119687347156e-01 1.735772792953871324e-01
6.555935515388373602e-01 1.739567550647111716e-01
6.565705911089398938e-01 1.743384294895662934e-01
6.575476306790424275e-01 1.747223202090266714e-01
6.585246702491450721e-01 1.751084450507530421e-01
6.595017098192477167e-01 1.754968220334616469e-01
6.604787493893502504e-01 1.758874693694314761e-01
6.614557889594527840e-01 1.762804054670500387e-01
6.624328285295554286e-01 1.766756489333985713e-01
6.634098680996580732e-01 1.770732185768767453e-01
6.643869076697606069e-01 1.774731334098691438e-01
6.653639472398631405e-01 1.778754126514521250e-01
6.663409868099657851e-01 1.782800757301441497e-01
6.673180263800684298e-01 1.786871422866972148e-01
6.682950659501709634e-01 1.790966321769338343e-01
6.692721055202734970e-01 1.795085654746277626e-01
6.702491450903761416e-01 1.799229624744295153e-01
6.712261846604787863e-01 1.803398436948386307e-01
6.722032242305813199e-01 1.807592298812225329e-01
6.731802638006838535e-01 1.811811420088834668e-01
6.741573033707864981e-01 1.816056012861734792e-01
6.751343429408891428e-01 1.820326291576589983e-01
6.761113825109916764e-01 1.824622473073363726e-01
6.770884220810942100e-01 1.828944776618977586e-01
6.780654616511968547e-01 1.833293423940497990e-01
6.790425012212994993e-01 1.837668639258852876e-01
6.800195407914020329e-01 1.842070649323085119e-01
6.809965803615045665e-01 1.846499683445165518e-01
6.819736199316072112e-01 1.850955973535356180e-01
6.829506595017098558e-01 1.855439754138151209e-01
6.839276990718123894e-01 1.859951262468796385e-01
6.849047386419149230e-01 1.864490738450401142e-01
6.858817782120175677e-01 1.869058424751650904e-01
6.868588177821202123e-01 1.873654566825138090e-01
6.878358573522227459e-01 1.878279412946311233e-01
6.888128969223252795e-01 1.882933214253065257e-01
6.897899364924279242e-01 1.887616224785979568e-01
6.907669760625305688e-01 1.892328701529210899e-01
6.917440156326331024e-01 1.897070904452062279e-01
6.927210552027356361e-01 1.901843096551241730e-01
6.936980947728382807e-01 1.906645543893806527e-01
6.946751343429409253e-01 1.911478515660823829e-01
6.956521739130434590e-01 1.916342284191752954e-01
6.966292134831459926e-01 1.921237125029570669e-01
6.976062530532486372e-01 1.926163316966635064e-01
6.985832926233512818e-01 1.931121142091321852e-01
6.995603321934538155e-01 1.936110885835436446e-01
7.005373717635563491e-01 1.941132837022421231e-01
7.015144113336589937e-01 1.946187287916369413e-01
7.024914509037616384e-01 1.951274534271857930e-01
7.034684904738641720e-01 1.956394875384626086e-01
7.044455300439667056e-01 1.961548614143103775e-01
7.054225696140693502e-01 1.966736057080810673e-01
7.063996091841719949e-01 1.971957514429641678e-01
7.073766487542745285e-01 1.977213300174056332e-01
7.083536883243770621e-01 1.982503732106191685e-01
7.093307278944797067e-01 1.987829131881905242e-01
7.103077674645823514e-01 1.993189825077780475e-01
7.112848070346848850e-01 1.998586141249102943e-01
7.122618466047874186e-01 2.004018413988830905e-01
7.132388861748900633e-01 2.009486980987573723e-01
7.142159257449927079e-01 2.014992184094600569e-01
7.151929653150952415e-01 2.020534369379899942e-01
7.161700048851977751e-01 2.026113887197315555e-01
7.171470444553004198e-01 2.031731092248758863e-01
7.181240840254030644e-01 2.037386343649541520e-01
7.191011235955055980e-01 2.043080004994839716e-01
7.200781631656081316e-01 2.048812444427311752e-01
7.210552027357107763e-01 2.054584034705890239e-01
7.220322423058134209e-01 2.060395153275771662e-01
7.230092818759159545e-01 2.066246182339630533e-01
7.239863214460184881e-01 2.072137508930081140e-01
7.249633610161211328e-01 2.078069524983399974e-01
7.259404005862237774e-01 2.084042627414545434e-01
7.269174401563263110e-01 2.090057218193501209e-01
7.278944797264288447e-01 2.096113704422953028e-01
7.288715192965314893e-01 2.102212498417344866e-01
7.298485588666341339e-01 2.108354017783323209e-01
7.308255984367366676e-01 2.114538685501606563e-01
7.318026380068392012e-01 2.120766930010311024e-01
7.327796775769418458e-01 2.127039185289745227e-01
7.337567171470444904e-01 2.133355890948713807e-01
7.347337567171470241e-01 2.139717492312365466e-01
7.357107962872495577e-01 2.146124440511595344e-01
7.366878358573522023e-01 2.152577192574052223e-01
7.376648754274548470e-01 2.159076211516761101e-01
7.386419149975573806e-01 2.165621966440420265e-01
7.396189545676599142e-01 2.172214932625377848e-01
7.405959941377625588e-01 2.178855591629330346e-01
7.415730337078652035e-01 2.185544431386783892e-01
7.425500732779677371e-01 2.192281946310300489e-01
7.435271128480702707e-01 2.199068637393574166e-01
7.445041524181729153e-01 2.205905012316366764e-01
7.454811919882755600e-01 2.212791585551331930e-01
7.464582315583780936e-01 2.219728878472781997e-01
7.474352711284806272e-01 2.226717419467424963e-01
7.484123106985832719e-01 2.233757744047100147e-01
7.493893502686859165e-01 2.240850394963572467e-01
7.503663898387884501e-01 2.247995922325401741e-01
7.513434294088909837e-01 2.255194883716952481e-01
7.523204689789936284e-01 2.262447844319560586e-01
7.532975085490962730e-01 2.269755377034909649e-01
7.542745481191988066e-01 2.277118062610664351e-01
7.552515876893013402e-01 2.284536489768400624e-01
7.562286272594039849e-01 2.292011255333865349e-01
7.572056668295066295e-01 2.299542964369627462e-01
7.581827063996091631e-01 2.307132230310154908e-01
7.591597459697116967e-01 2.314779675099374601e-01
7.601367855398143414e-01 2.322485929330739551e-01
7.611138251099169860e-01 2.330251632389885308e-01
7.620908646800195196e-01 2.338077432599888483e-01
7.630679042501220533e-01 2.345963987369212578e-01
7.640449438202246979e-01 2.353911963342356362e-01
7.650219833903273425e-01 2.361922036553280868e-01
7.659990229604298762e-01 2.369994892581658852e-01
7.669760625305324098e-01 2.378131226712001667e-01
7.679531021006350544e-01 2.386331744095711027e-01
7.689301416707376990e-01 2.394597159916112827e-01
7.699071812408402327e-01 2.402928199556537414e-01
7.708842208109427663e-01 2.411325598771488499e-01
7.718612603810454109e-01 2.419790103860970931e-01
7.728382999511480556e-01 2.428322471848017305e-01
7.738153395212505892e-01 2.436923470659491386e-01
7.747923790913531228e-01 2.445593879310222485e-01
7.757694186614557674e-01 2.454334488090516297e-01
7.767464582315584121e-01 2.463146098757122426e-01
7.777234978016609457e-01 2.472029524727710759e-01
7.787005373717634793e-01 2.480985591278919433e-01
7.796775769418661239e-01 2.490015135748041564e-01
7.806546165119687686e-01 2.499119007738406228e-01
7.816316560820713022e-01 2.508298069328525060e-01
7.826086956521738358e-01 2.517553195285074374e-01
7.835857352222764804e-01 2.526885273279760868e-01
7.845627747923791251e-01 2.536295204110154966e-01
7.855398143624816587e-01 2.545783901924549841e-01
7.865168539325841923e-01 2.555352294450916051e-01
7.874938935026868370e-01 2.565001323230022834e-01
7.884709330727894816e-01 2.574731943852773264e-01
7.894479726428920152e-01 2.584545126201857057e-01
7.904250122129945488e-01 2.594441854697766003e-01
7.914020517830971935e-01 2.604423128549238631e-01
7.923790913531998381e-01 2.614489962008214596e-01
7.933561309233023717e-01 2.624643384629361531e-01
7.943331704934049053e-01 2.634884441534251498e-01
7.953102100635075500e-01 2.645214193680239245e-01
7.962872496336101946e-01 2.655633718134133292e-01
7.972642892037127282e-01 2.666144108350692044e-01
7.982413287738152619e-01 2.676746474456077052e-01
7.992183683439179065e-01 2.687441943536250100e-01
8.001954079140205511e-01 2.698231659930438453e-01
8.011724474841230847e-01 2.709116785529717131e-01
8.021494870542256184e-01 2.720098500080775361e-01
8.031265266243282630e-01 2.731178001494914409e-01
8.041035661944309076e-01 2.742356506162358931e-01
8.050806057645334413e-01 2.753635249271939589e-01
8.060576453346359749e-01 2.765015485136201878e-01
8.070346849047386195e-01 2.776498487521985026e-01
8.080117244748412642e-01 2.788085549986555334e-01
8.089887640449437978e-01 2.799777986219315618e-01
8.099658036150463314e-01 2.811577130389166790e-01
8.109428431851489760e-01 2.823484337497548791e-01
8.119198827552516207e-01 2.835500983737202496e-01
8.128969223253541543e-01 2.847628466856723661e-01
8.138739618954566879e-01 2.859868206530895018e-01
8.148510014655593325e-01 2.872221644736877022e-01
8.158280410356619772e-01 2.884690246136243919e-01
8.168050806057645108e-01 2.897275498462911769e-01
8.177821201758670444e-01 2.909978912916970084e-01
8.187591597459696890e-01 2.922802024564422063e-01
8.197361993160723337e-01 2.935746392742821231e-01
8.207132388861748673e-01 2.948813601472839996e-01
8.216902784562774009e-01 2.962005259875732377e-01
8.226673180263800456e-01 2.975323002596655941e-01
8.236443575964826902e-01 2.988768490233860708e-01
8.246213971665852238e-01 3.002343409773685079e-01
8.255984367366877574e-01 3.016049475031306604e-01
8.265754763067904021e-01 3.029888427097206516e-01
8.275525158768930467e-01 3.043862034789248661e-01
8.285295554469955803e-01 3.057972095110315647e-01
8.295065950170981139e-01 3.072220433711396192e-01
8.304836345872007586e-01 3.086608905359990440e-01
8.314606741573034032e-01 3.101139394413739425e-01
8.324377137274059368e-01 3.115813815299096068e-01
8.334147532975084705e-01 3.130634112994917784e-01
8.343917928676111151e-01 3.145602263520753117e-01
8.353688324377137597e-01 3.160720274429641430e-01
8.363458720078162933e-01 3.175990185305211932e-01
8.373229115779188270e-01 3.191414068262814485e-01
8.382999511480214716e-01 3.206994028454415169e-01
8.392769907181241162e-01 3.222732204576959081e-01
8.402540302882266499e-01 3.238630769383865626e-01
8.412310698583291835e-01 3.254691930199333227e-01
8.422081094284318281e-01 3.270917929434996041e-01
8.431851489985344728e-01 3.287311045108577412e-01
8.441621885686370064e-01 3.303873591364049345e-01
8.451392281387395400e-01 3.320607918992807828e-01
8.461162677088421846e-01 3.337516415955311677e-01
8.470933072789448293e-01 3.354601507902629787e-01
8.480703468490473629e-01 3.371865658697251189e-01
8.490473864191498965e-01 3.389311370932499012e-01
8.500244259892525411e-01 3.406941186449799486e-01
8.510014655593551858e-01 3.424757686853048266e-01
8.519785051294577194e-01 3.442763494019225323e-01
8.529555446995602530e-01 3.460961270604376860e-01
8.539325842696628976e-01 3.479353720543961193e-01
8.549096238397655423e-01 3.497943589546578802e-01
8.558866634098680759e-01 3.516733665579948043e-01
8.568637029799706095e-01 3.535726779347974080e-01
8.578407425500732542e-01 3.554925804757625429e-01
8.588177821201758988e-01 3.574333659374289707e-01
8.597948216902784324e-01 3.593953304864192511e-01
8.607718612603809660e-01 3.613787747422325114e-01
8.617489008304836107e-01 3.633840038184272259e-01
8.627259404005862553e-01 3.654113273620197555e-01
8.637029799706887889e-01 3.674610595909179045e-01
8.646800195407913225e-01 3.695335193291891529e-01
8.656570591108939672e-01 3.716290300399618385e-01
8.666340986809966118e-01 3.737479198557314697e-01
8.676111382510991454e-01 3.758905216058462395e-01
8.685881778212016791e-01 3.780571728409192755e-01
8.695652173913043237e-01 3.802482158539056689e-01
8.705422569614069683e-01 3.824639976975647837e-01
8.715192965315095019e-01 3.847048701980187446e-01
8.724963361016120356e-01 3.869711899640911335e-01
8.734733756717146802e-01 3.892633183920954365e-01
8.744504152418173248e-01 3.915816216657321824e-01
8.754274548119198585e-01 3.939264707507217356e-01
8.764044943820223921e-01 3.962982413837886075e-01
8.773815339521250367e-01 3.986973140555893358e-01
8.783585735222276814e-01 4.011240739871494987e-01
8.793356130923302150e-01 4.035789110993647233e-01
8.803126526624327486e-01 4.060622199750816841e-01
8.812896922325353932e-01 4.085743998132616017e-01
8.822667318026380379e-01 4.111158543746972205e-01
8.832437713727405715e-01 4.136869919187323719e-01
8.842208109428431051e-01 4.162882251304019232e-01
8.851978505129457497e-01 4.189199710373838204e-01
8.861748900830483944e-01 4.215826509161214042e-01
8.871519296531509280e-01 4.242766901864553075e-01
8.881289692232534616e-01 4.270025182940592745e-01
8.891060087933561062e-01 4.297605685799518183e-01
8.900830483634587509e-01 4.325512781363174963e-01
8.910600879335612845e-01 4.353750876478483800e-01
8.920371275036638181e-01 4.382324412177671102e-01
8.930141670737664628e-01 4.411237861776709512e-01
8.939912066438691074e-01 4.440495728802956177e-01
8.949682462139716410e-01 4.470102544742646788e-01
8.959452857840741746e-01 4.500062866598541489e-01
8.969223253541768193e-01 4.530381274247601286e-01
8.978993649242794639e-01 4.561062367588317179e-01
8.988764044943819975e-01 4.592110763466872303e-01
8.998534440644845311e-01 4.623531092371023221e-01
9.008304836345871758e-01 4.655327994880105180e-01
9.018075232046898204e-01 4.687506117859419064e-01
9.027845627747923540e-01 4.720070110386729301e-01
9.037616023448948877e-01 4.753024619398407702e-01
9.047386419149975323e-01 4.786374285042316323e-01
9.057156814851001769e-01 4.820123735724360370e-01
9.066927210552027105e-01 4.854277582835243576e-01
9.076697606253052442e-01 4.888840415143804741e-01
9.086468001954078888e-01 4.923816792842927170e-01
9.096238397655105334e-01 4.959211241234003364e-01
9.106008793356130671e-01 4.995028244035587539e-01
9.115779189057156007e-01 5.031272236301891354e-01
9.125549584758182453e-01 5.067947596936497323e-01
9.135319980459208900e-01 5.105058640786770408e-01
9.145090376160234236e-01 5.142609610304437195e-01
9.154860771861259572e-01 5.180604666757711030e-01
9.164631167562286018e-01 5.219047880980631771e-01
9.174401563263312465e-01 5.257943223645278330e-01
9.184171958964337801e-01 5.297294555042997288e-01
9.193942354665363137e-01 5.337105614360790895e-01
9.203712750366389583e-01 5.377380008439651693e-01
9.213483146067416030e-01 5.418121200001930760e-01
9.223253541768441366e-01 5.459332495335488256e-01
9.233023937469466702e-01 5.501017031422910097e-01
9.242794333170493148e-01 5.543177762504807315e-01
9.252564728871519595e-01 5.585817446067075087e-01
9.262335124572544931e-01 5.628938628242859954e-01
9.272105520273570267e-01 5.672543628620907441e-01
9.281875915974596714e-01 5.716634524453138022e-01
9.291646311675623160e-01 5.761213134255376289e-01
9.301416707376648496e-01 5.806281000796473801e-01
9.311187103077673832e-01 5.851839373472370598e-01
9.320957498778700279e-01 5.897889190062992615e-01
9.330727894479726725e-01 5.944431057871394364e-01
9.340498290180752061e-01 5.991465234246129423e-01
9.350268685881777397e-01 6.038991606489260144e-01
9.360039081582803844e-01 6.087009671154112178e-01
9.369809477283830290e-01 6.135518512738435959e-01
9.379579872984855626e-01 6.184516781780277084e-01
9.389350268685880962e-01 6.234002672365382969e-01
9.399120664386907409e-01 6.283973899056456425e-01
9.408891060087933855e-01 6.334427673256097790e-01
9.418661455788959191e-01 6.385360679016519603e-01
9.428431851489984528e-01 6.436769048310391206e-01
9.438202247191010974e-01 6.488648335778043341e-01
9.447972642892037420e-01 6.540993492967207557e-01
9.457743038593062757e-01 6.593798842082019274e-01
9.467513434294088093e-01 6.647058049258190993e-01
9.477283829995114539e-01 6.700764097381282092e-01
9.487054225696140985e-01 6.754909258464507626e-01
9.496824621397166322e-01 6.809485065601841303e-01
9.506595017098191658e-01 6.864482284510667887e-01
9.516365412799218104e-01 6.919890884676594967e-01
9.526135808500244551e-01 6.975700010110591487e-01
9.535906204201269887e-01 7.031897949725887109e-01
9.545676599902295223e-01 7.088472107338331663e-01
9.555446995603321669e-01 7.145408971289808342e-01
9.565217391304348116e-01 7.202694083689418214e-01
9.574987787005373452e-01 7.260312009261645771e-01
9.584758182706398788e-01 7.318246303784269324e-01
9.594528578407425234e-01 7.376479482091785611e-01
9.604298974108451681e-01 7.434992985612233207e-01
9.614069369809477017e-01 7.493767149396964866e-01
9.623839765510502353e-01 7.552781168593297734e-01
9.633610161211528800e-01 7.612013064300152676e-01
9.643380556912555246e-01 7.671439648736085859e-01
9.653150952613580582e-01 7.731036489637733711e-01
9.662921348314605918e-01 7.790777873794918484e-01
9.672691744015632365e-01 7.850636769616112787e-01
9.682462139716658811e-01 7.910584788605414808e-01
9.692232535417684147e-01 7.970592145619131985e-01
9.702002931118709483e-01 8.030627617756952441e-01
9.711773326819735930e-01 8.090658501729636187e-01
9.721543722520762376e-01 8.150650569532591483e-01
9.731314118221787712e-01 8.210568022242444863e-01
9.741084513922813048e-01 8.270373441742409071e-01
9.750854909623839495e-01 8.330027740172184503e-01
9.760625305324865941e-01 8.389490106889643251e-01
9.770395701025891277e-01 8.448717952725393054e-01
9.780166096726916614e-01 8.507666851307476019e-01
9.789936492427943060e-01 8.566290477233539091e-01
9.799706888128969506e-01 8.624540540871832306e-01
9.809477283829994843e-01 8.682366719581909864e-01
9.819247679531020179e-01 8.739716585161680928e-01
9.829018075232046625e-01 8.796535527351184713e-01
9.838788470933073071e-01 8.852766673256766694e-01
9.848558866634098408e-01 8.908350802604122487e-01
9.858329262335123744e-01 8.963226258787060363e-01
9.868099658036150190e-01 9.017328855754167538e-01
9.877870053737176637e-01 9.070591780870489451e-01
9.887640449438201973e-01 9.122945494009896406e-01
9.897410845139227309e-01 9.174317623280584533e-01
9.907181240840253755e-01 9.224632857965850974e-01
9.916951636541280202e-01 9.273812839481421211e-01
9.926722032242305538e-01 9.321776051415475717e-01
9.936492427943330874e-01 9.368437710035900645e-01
9.946262823644357320e-01 9.413709657029861733e-01
9.956033219345383767e-01 9.457500256692918938e-01
9.965803615046409103e-01 9.499714300318528037e-01
9.975574010747434439e-01 9.540252921164702471e-01
9.985344406448460886e-01 9.579013524103086041e-01
9.995114802149487332e-01 9.615889734897337116e-01
1.000488519785051267e+00 9.650771375020092968e-01
1.001465559355153800e+00 9.683544469006992728e-01
1.002442598925256334e+00 9.714091292562547775e-01
1.003419638495359090e+00 9.742290470969451333e-01
1.004396678065461623e+00 9.768017138792769449e-01
1.005373717635564157e+00 9.791143173381686715e-01
1.006350757205666913e+00 9.811537516201690456e-01
1.007327796775769446e+00 9.829066597503236524e-01
1.008304836345871980e+00 9.843594881139050567e-01
1.009281875915974513e+00 9.854985547334114138e-01
1.010258915486077047e+00 9.863101331698808094e-01
1.011235955056179803e+00 9.867805538515768138e-01
1.012212994626282336e+00 9.868963245037893905e-01
1.013190034196384870e+00 9.866442710878845501e-01
1.014167073766487626e+00 9.860117002204685788e-01
1.015144113336590159e+00 9.849865833996693798e-01
1.016121152906692693e+00 9.835577624851905565e-01
1.017098192476795226e+00 9.817151747434963438e-01
1.018075232046897760e+00 9.794500943802459947e-01
1.019052271617000516e+00 9.767553858685485979e-01
1.020029311187103049e+00 9.736257626110937924e-01
