x	y
3.628733703838186386e+01 3.799504024095706001e+01
3.799504024095706001e+01 4.163557591768154964e+01
4.163557591768154964e+01 3.684299774143223516e+01
3.684299774143223516e+01 3.894802014580669436e+01
3.894802014580669436e+01 4.245463228941385836e+01
4.245463228941385836e+01 3.568622998856596240e+01
3.568622998856596240e+01 3.706405374714826451e+01
3.706405374714826451e+01 3.933646866857117175e+01
3.933646866857117175e+01 4.118778327216421076e+01
4.118778327216421076e+01 3.747537801157424298e+01
3.747537801157424298e+01 4.029843164532813660e+01
4.029843164532813660e+01 3.889097512966309012e+01
3.889097512966309012e+01 4.265778031837864148e+01
4.265778031837864148e+01 3.545857628104209880e+01
3.545857628104209880e+01 3.669132543134845292e+01
3.669132543134845292e+01 3.865188252837730687e+01
3.865188252837730687e+01 4.494593282522561850e+01
4.494593282522561850e+01 3.265837110871333238e+01
3.265837110871333238e+01 3.317167190958119960e+01
3.317167190958119960e+01 3.376087505684257906e+01
3.376087505684257906e+01 3.447918115144638307e+01
3.447918115144638307e+01 3.535010145766702294e+01
3.535010145766702294e+01 3.657184862161298611e+01
3.657184862161298611e+01 3.845563791039327839e+01
3.845563791039327839e+01 4.368345391265420119e+01
4.368345391265420119e+01 3.415637588387070167e+01
3.415637588387070167e+01 3.497403061682787495e+01
3.497403061682787495e+01 3.602950095046691814e+01
3.602950095046691814e+01 3.756903070015052037e+01
3.756903070015052037e+01 4.046933773258361811e+01
4.046933773258361811e+01 3.869006273981096911e+01
3.869006273981096911e+01 4.410746328964011553e+01
4.410746328964011553e+01 3.363749498837485419e+01
3.363749498837485419e+01 3.433374149529403496e+01
3.433374149529403496e+01 3.518236397517721770e+01
3.518236397517721770e+01 3.634343068245213004e+01
3.634343068245213004e+01 3.806658480227729058e+01
3.806658480227729058e+01 4.186829105251005956e+01
4.186829105251005956e+01 3.646362451213519762e+01
3.646362451213519762e+01 3.824479158953939617e+01
3.824479158953939617e+01 4.254167072115262016e+01
4.254167072115262016e+01 3.558862071141963668e+01
3.558862071141963668e+01 3.689148832156288194e+01
3.689148832156288194e+01 3.904309791514310746e+01
3.904309791514310746e+01 4.219114166455918280e+01
4.219114166455918280e+01 3.598799808332017847e+01
3.598799808332017847e+01 3.749197948799763935e+01
3.749197948799763935e+01 4.033781640827763226e+01
4.033781640827763226e+01 3.892923187203273727e+01
3.892923187203273727e+01 4.251534167483811189e+01
4.251534167483811189e+01 3.564578501619011774e+01
3.564578501619011774e+01 3.698198429301955059e+01
3.698198429301955059e+01 3.915334202129037777e+01
3.915334202129037777e+01 4.173780650686664018e+01
4.173780650686664018e+01 3.668712898165141922e+01
3.668712898165141922e+01 3.870605076359385066e+01
3.870605076359385066e+01 4.420918159085432819e+01
4.420918159085432819e+01 3.348815307039971145e+01
3.348815307039971145e+01 3.415003952907267148e+01
3.415003952907267148e+01 3.495093776821072140e+01
3.495093776821072140e+01 3.602197656146459792e+01
3.602197656146459792e+01 3.763983416664116533e+01
3.763983416664116533e+01 4.060923668822670152e+01
4.060923668822670152e+01 3.840987631038881034e+01
3.840987631038881034e+01 4.375997383928392281e+01
4.375997383928392281e+01 3.399542797559664820e+01
3.399542797559664820e+01 3.475259392833771699e+01
3.475259392833771699e+01 3.572753589209989400e+01
3.572753589209989400e+01 3.707255558839970888e+01
3.707255558839970888e+01 3.935878032072093191e+01
3.935878032072093191e+01 4.103971408789811193e+01
4.103971408789811193e+01 3.776073797106468533e+01
3.776073797106468533e+01 4.100471126031467151e+01
4.100471126031467151e+01 3.767540910222327710e+01
3.767540910222327710e+01 4.081295122194797642e+01
4.081295122194797642e+01 3.814246556941373001e+01
3.814246556941373001e+01 4.231513547640929573e+01
4.231513547640929573e+01 3.589813209970508012e+01
3.589813209970508012e+01 3.731757380892972265e+01
3.731757380892972265e+01 3.992239991638832919e+01
3.992239991638832919e+01 3.972146140992365559e+01
3.972146140992365559e+01 4.013840267385877780e+01
4.013840267385877780e+01 3.923560274490388622e+01
3.923560274490388622e+01 4.159284664681318588e+01
4.159284664681318588e+01 3.690751680998420170e+01
3.690751680998420170e+01 3.906348402987539714e+01
3.906348402987539714e+01 4.187536669177028870e+01
4.187536669177028870e+01 3.639607954266496392e+01
3.639607954266496392e+01 3.819513692996752496e+01
3.819513692996752496e+01 4.250679038813568411e+01
4.250679038813568411e+01 3.564146671134211886e+01
3.564146671134211886e+01 3.696604206823703009e+01
3.696604206823703009e+01 3.912495975382663005e+01
3.912495975382663005e+01 4.181910063577154091e+01
4.181910063577154091e+01 3.656249484503147329e+01
3.656249484503147329e+01 3.849571186560639546e+01
3.849571186560639546e+01 4.435484785905353533e+01
4.435484785905353533e+01 3.333294497405199053e+01
3.333294497405199053e+01 3.396655635391432071e+01
3.396655635391432071e+01 3.471792211287888819e+01
3.471792211287888819e+01 3.567897786271809224e+01
3.567897786271809224e+01 3.700772648527320996e+01
3.700772648527320996e+01 3.920901079201701833e+01
3.920901079201701833e+01 4.140509103348692577e+01
4.140509103348692577e+01 3.717393298729552953e+01
3.717393298729552953e+01 3.963876895633114117e+01
3.963876895633114117e+01 4.032965982950560857e+01
4.032965982950560857e+01 3.893168828133763526e+01
3.893168828133763526e+01 4.250097040089868017e+01
4.250097040089868017e+01 3.566335831945343671e+01
3.566335831945343671e+01 3.700391780504487826e+01
3.700391780504487826e+01 3.919124839621635203e+01
3.919124839621635203e+01 4.152398541679402655e+01
4.152398541679402655e+01 3.700476286880582677e+01
3.700476286880582677e+01 3.931415239582143073e+01
3.931415239582143073e+01 4.130565029650919229e+01
4.130565029650919229e+01 3.722477897092969812e+01
3.722477897092969812e+01 3.966179366824506758e+01
3.966179366824506758e+01 4.035154240666056324e+01
4.035154240666056324e+01 3.891222615526370276e+01
3.891222615526370276e+01 4.280245465884183886e+01
4.280245465884183886e+01 3.528405289082888885e+01
3.528405289082888885e+01 3.644307863180711138e+01
3.644307863180711138e+01 3.824092883094067474e+01
3.824092883094067474e+01 4.288005057815009025e+01
4.288005057815009025e+01 3.516720550808421564e+01
3.516720550808421564e+01 3.628484107876411713e+01
3.628484107876411713e+01 3.798534656607716187e+01
3.798534656607716187e+01 4.165390021201672255e+01
4.165390021201672255e+01 3.673011160012435994e+01
3.673011160012435994e+01 3.871271930005337225e+01
3.871271930005337225e+01 4.426994785161538459e+01
4.426994785161538459e+01 3.343740417992199809e+01
3.343740417992199809e+01 3.408836094004708883e+01
3.408836094004708883e+01 3.487331806376482746e+01
3.487331806376482746e+01 3.586712860571927308e+01
3.586712860571927308e+01 3.729622368953939571e+01
3.729622368953939571e+01 3.989103486411580235e+01
3.989103486411580235e+01 3.969110310636911976e+01
3.969110310636911976e+01 4.035333365413646334e+01
4.035333365413646334e+01 3.890914255892834461e+01
3.890914255892834461e+01 4.269837413663457681e+01
4.269837413663457681e+01 3.541118446728471270e+01
3.541118446728471270e+01 3.663560733315096485e+01
3.663560733315096485e+01 3.859509588961894622e+01
3.859509588961894622e+01 4.534554973618350004e+01
4.534554973618350004e+01 3.216867288889228149e+01
3.216867288889228149e+01 3.258193613021665413e+01
3.258193613021665413e+01 3.306355726626466662e+01
3.306355726626466662e+01 3.362947162444884697e+01
3.362947162444884697e+01 3.432139837649526726e+01
3.432139837649526726e+01 3.516412077751004261e+01
3.516412077751004261e+01 3.628109208538386810e+01
3.628109208538386810e+01 3.798306974767659483e+01
3.798306974767659483e+01 4.164140277454957584e+01
4.164140277454957584e+01 3.674738745844919663e+01
3.674738745844919663e+01 3.874266107863522990e+01
3.874266107863522990e+01 4.395919670047160821e+01
4.395919670047160821e+01 3.382168356354764427e+01
3.382168356354764427e+01 3.456051488550155426e+01
3.456051488550155426e+01 3.547753938670503970e+01
3.547753938670503970e+01 3.675656240564967447e+01
3.675656240564967447e+01 3.884730849295769417e+01
3.884730849295769417e+01 4.308108412869726322e+01
4.308108412869726322e+01 3.486530217259621622e+01
3.486530217259621622e+01 3.592219319297323921e+01
3.592219319297323921e+01 3.734764026945065751e+01
3.734764026945065751e+01 3.994278399479053832e+01
3.994278399479053832e+01 3.974319242249652717e+01
3.974319242249652717e+01 4.006808189775082951e+01
4.006808189775082951e+01 3.935029925092067060e+01
3.935029925092067060e+01 4.117482889167660431e+01
4.117482889167660431e+01 3.743361695578900594e+01
3.743361695578900594e+01 4.010404420316570651e+01
4.010404420316570651e+01 3.939608946152235092e+01
3.939608946152235092e+01 4.094077331281015120e+01
4.094077331281015120e+01 3.790754674442053584e+01
3.790754674442053584e+01 4.154910095172887452e+01
4.154910095172887452e+01 3.692184792397559789e+01
3.692184792397559789e+01 3.905603703451068043e+01
3.905603703451068043e+01 4.191898469588205955e+01
4.191898469588205955e+01 3.635765360953974579e+01
3.635765360953974579e+01 3.810749709794113471e+01
3.810749709794113471e+01 4.205594789456855409e+01
4.205594789456855409e+01 3.625743467166292788e+01
3.625743467166292788e+01 3.790005708452225974e+01
3.790005708452225974e+01 4.140419377588189320e+01
4.140419377588189320e+01 3.720523279545144391e+01
3.720523279545144391e+01 3.968301453343473639e+01
3.968301453343473639e+01 4.023866590433195967e+01
4.023866590433195967e+01 3.911985112544878973e+01
3.911985112544878973e+01 4.170563884385268238e+01
4.170563884385268238e+01 3.670470619798954459e+01
3.670470619798954459e+01 3.871337421987337990e+01
3.871337421987337990e+01 4.367058455545347329e+01
4.367058455545347329e+01 3.417643461504366797e+01
3.417643461504366797e+01 3.501267040907691808e+01
3.501267040907691808e+01 3.612420883606397837e+01
3.612420883606397837e+01 3.765527616243306852e+01
3.765527616243306852e+01 4.077382737627903708e+01
4.077382737627903708e+01 3.810189458310964739e+01
3.810189458310964739e+01 4.204815456273607310e+01
4.204815456273607310e+01 3.626685214124790235e+01
3.626685214124790235e+01 3.791817523723678818e+01
3.791817523723678818e+01 4.144088453653687765e+01
4.144088453653687765e+01 3.713443160266285048e+01
3.713443160266285048e+01 3.955247180240743177e+01
3.955247180240743177e+01 4.053687884693098198e+01
4.053687884693098198e+01 3.848928734153402331e+01
3.848928734153402331e+01 4.453667148579819468e+01
4.453667148579819468e+01 3.306183019293687408e+01
3.306183019293687408e+01 3.362253704378676389e+01
3.362253704378676389e+01 3.431097777381840075e+01
3.431097777381840075e+01 3.516402820383938632e+01
3.516402820383938632e+01 3.626902812426149580e+01
3.626902812426149580e+01 3.798814888426313985e+01
3.798814888426313985e+01 4.163102720913164490e+01
4.163102720913164490e+01 3.676171336667608358e+01
3.676171336667608358e+01 3.876860961888323232e+01
3.876860961888323232e+01 4.374977255046886171e+01
4.374977255046886171e+01 3.406623571799816830e+01
3.406623571799816830e+01 3.484418450966112601e+01
3.484418450966112601e+01 3.586172900379732909e+01
3.586172900379732909e+01 3.736183949734823528e+01
3.736183949734823528e+01 3.997772216821172009e+01
3.997772216821172009e+01 3.965313186567568238e+01
3.965313186567568238e+01 4.021943142889628575e+01
4.021943142889628575e+01 3.908298717007836132e+01
3.908298717007836132e+01 4.207940063993301294e+01
4.207940063993301294e+01 3.620052253364046635e+01
3.620052253364046635e+01 3.784794690376853765e+01
3.784794690376853765e+01 4.119645880191827558e+01
4.119645880191827558e+01 3.748207271638626281e+01
3.748207271638626281e+01 4.032146723368900609e+01
4.032146723368900609e+01 3.885954468275782148e+01
3.885954468275782148e+01 4.284423632789960124e+01
4.284423632789960124e+01 3.521207237614896712e+01
3.521207237614896712e+01 3.635376903520047875e+01
3.635376903520047875e+01 3.807229367314544533e+01
3.807229367314544533e+01 4.217882752252577205e+01
4.217882752252577205e+01 3.607329010113657830e+01
3.607329010113657830e+01 3.763347869068014262e+01
3.763347869068014262e+01 4.062295898528982008e+01
4.062295898528982008e+01 3.838430090058331245e+01
3.838430090058331245e+01 4.357416189141877538e+01
4.357416189141877538e+01 3.426522085562042008e+01
3.426522085562042008e+01 3.510506656316328389e+01
3.510506656316328389e+01 3.618195242068247808e+01
3.618195242068247808e+01 3.790365355370134637e+01
3.790365355370134637e+01 4.134656534838600805e+01
4.134656534838600805e+01 3.726995067304955711e+01
3.726995067304955711e+01 3.984617393738421498e+01
3.984617393738421498e+01 3.985605952283961528e+01
3.985605952283961528e+01 3.994929683066023784e+01
3.994929683066023784e+01 3.964500165740921034e+01
3.964500165740921034e+01 4.021533344443401603e+01
4.021533344443401603e+01 3.904616718377088347e+01
3.904616718377088347e+01 4.197619833965552516e+01
4.197619833965552516e+01 3.629962293534285322e+01
3.629962293534285322e+01 3.796691255634447515e+01
3.796691255634447515e+01 4.161738902507346438e+01
4.161738902507346438e+01 3.686413068341986587e+01
3.686413068341986587e+01 3.899699095520649905e+01
3.899699095520649905e+01 4.220739519967136033e+01
4.220739519967136033e+01 3.604423914014729036e+01
3.604423914014729036e+01 3.752285205173864568e+01
3.752285205173864568e+01 4.040279150162064781e+01
4.040279150162064781e+01 3.873299586080020163e+01
3.873299586080020163e+01 4.366205412308318046e+01
4.366205412308318046e+01 3.418887872034387954e+01
3.418887872034387954e+01 3.504586715567108968e+01
3.504586715567108968e+01 3.616332389231669708e+01
3.616332389231669708e+01 3.774835010174883365e+01
3.774835010174883365e+01 4.096976992764938785e+01
4.096976992764938785e+01 3.773079277484482930e+01
3.773079277484482930e+01 4.095504183143257393e+01
4.095504183143257393e+01 3.789195974905108244e+01
3.789195974905108244e+01 4.130858079465516397e+01
4.130858079465516397e+01 3.732813314962082529e+01
3.732813314962082529e+01 3.996609703118132018e+01
3.996609703118132018e+01 3.953593372207202350e+01
3.953593372207202350e+01 4.066355120789047817e+01
4.066355120789047817e+01 3.836412603679976030e+01
3.836412603679976030e+01 4.326502629835079006e+01
4.326502629835079006e+01 3.468424021693968484e+01
3.468424021693968484e+01 3.565947267978136637e+01
3.565947267978136637e+01 3.698735754974061507e+01
3.698735754974061507e+01 3.915910841938040932e+01
3.915910841938040932e+01 4.157134653677611880e+01
4.157134653677611880e+01 3.693928438033822204e+01
3.693928438033822204e+01 3.912562460731572855e+01
3.912562460731572855e+01 4.166370435295776531e+01
4.166370435295776531e+01 3.671778194044645716e+01
3.671778194044645716e+01 3.873244954430564491e+01
3.873244954430564491e+01 4.355048138090331378e+01
4.355048138090331378e+01 3.432569740366280087e+01
3.432569740366280087e+01 3.520705017517003910e+01
3.520705017517003910e+01 3.637147830798205916e+01
3.637147830798205916e+01 3.816368825129205078e+01
3.816368825129205078e+01 4.227747563552095755e+01
4.227747563552095755e+01 3.596307931195157437e+01
3.596307931195157437e+01 3.740853678274527283e+01
3.740853678274527283e+01 4.016026704893358357e+01
4.016026704893358357e+01 3.926930156463245680e+01
3.926930156463245680e+01 4.125110480114962286e+01
4.125110480114962286e+01 3.741891238231416139e+01
3.741891238231416139e+01 4.020003781241904051e+01
4.020003781241904051e+01 3.919821326035945219e+01
3.919821326035945219e+01 4.150764355316855614e+01
4.150764355316855614e+01 3.702311279895621254e+01
3.702311279895621254e+01 3.933337056865978809e+01
3.933337056865978809e+01 4.121392860399501501e+01
4.121392860399501501e+01 3.738893966856589657e+01
3.738893966856589657e+01 4.009695052204769894e+01
4.009695052204769894e+01 3.939674202681749193e+01
3.939674202681749193e+01 4.093872306113279080e+01
4.093872306113279080e+01 3.791294828071189471e+01
3.791294828071189471e+01 4.157309635456424957e+01
4.157309635456424957e+01 3.690667642167770879e+01
3.690667642167770879e+01 3.902972048223667656e+01
3.902972048223667656e+01 4.202488058519907810e+01
4.202488058519907810e+01 3.618762166341978315e+01
3.618762166341978315e+01 3.788155036650428542e+01
3.788155036650428542e+01 4.128056086920723544e+01
4.128056086920723544e+01 3.737466963874229720e+01
3.737466963874229720e+01 4.012469565261935145e+01
4.012469565261935145e+01 3.933844204513414411e+01
3.933844204513414411e+01 4.108747599808533835e+01
4.108747599808533835e+01 3.768489148376067988e+01
3.768489148376067988e+01 4.085366538190198327e+01
4.085366538190198327e+01 3.798292545753156446e+01
3.798292545753156446e+01 4.155846989218453302e+01
4.155846989218453302e+01 3.686723210175273380e+01
3.686723210175273380e+01 3.906434491978064472e+01
3.906434491978064472e+01 4.216994873372308206e+01
4.216994873372308206e+01 3.605561303477038848e+01
3.605561303477038848e+01 3.760958912548672828e+01
3.760958912548672828e+01 4.056006107129131522e+01
4.056006107129131522e+01 3.849355053626656797e+01
3.849355053626656797e+01 4.468903508722900142e+01
4.468903508722900142e+01 3.293353957182013403e+01
3.293353957182013403e+01 3.344684451891342292e+01
3.344684451891342292e+01 3.407847997411644059e+01
3.407847997411644059e+01 3.491029729002191573e+01
3.491029729002191573e+01 3.596722416536177036e+01
3.596722416536177036e+01 3.753687982736774131e+01
3.753687982736774131e+01 4.037548147610455374e+01
4.037548147610455374e+01 3.885380232906955200e+01
3.885380232906955200e+01 4.286739391815285671e+01
4.286739391815285671e+01 3.517962814796099025e+01
3.517962814796099025e+01 3.626825666199086839e+01
3.626825666199086839e+01 3.800107971984024857e+01
3.800107971984024857e+01 4.164199851114625517e+01
4.164199851114625517e+01 3.675055843991543725e+01
3.675055843991543725e+01 3.874006680865132779e+01
3.874006680865132779e+01 4.397227912737722733e+01
4.397227912737722733e+01 3.380500616386346024e+01
3.380500616386346024e+01 3.453895955946077123e+01
3.453895955946077123e+01 3.544843458678658266e+01
3.544843458678658266e+01 3.671458094791061200e+01
3.671458094791061200e+01 3.874088830717892051e+01
3.874088830717892051e+01 4.352083377270928821e+01
4.352083377270928821e+01 3.436252818540140197e+01
3.436252818540140197e+01 3.525608755188960686e+01
3.525608755188960686e+01 3.643822717411299550e+01
3.643822717411299550e+01 3.828046766799116085e+01
3.828046766799116085e+01 4.279286660660984154e+01
4.279286660660984154e+01 3.518331009767803863e+01
3.518331009767803863e+01 3.634377554317497072e+01
3.634377554317497072e+01 3.807037504988254284e+01
3.807037504988254284e+01 4.189178879626328467e+01
4.189178879626328467e+01 3.644302868208713164e+01
3.644302868208713164e+01 3.821319979166639058e+01
3.821319979166639058e+01 4.242686854916554040e+01
4.242686854916554040e+01 3.576017311102382479e+01
3.576017311102382479e+01 3.712063819701534584e+01
3.712063819701534584e+01 3.943764577408393990e+01
3.943764577408393990e+01 4.084477191532789675e+01
4.084477191532789675e+01 3.809563245021377043e+01
3.809563245021377043e+01 4.198691874407430902e+01
4.198691874407430902e+01 3.629420889986643317e+01
3.629420889986643317e+01 3.797485841118631100e+01
3.797485841118631100e+01 4.155401208654313194e+01
4.155401208654313194e+01 3.696277186355939648e+01
3.696277186355939648e+01 3.919281609724211535e+01
3.919281609724211535e+01 4.150776106485610484e+01
4.150776106485610484e+01 3.692896078913027225e+01
3.692896078913027225e+01 3.916163097918921920e+01
3.916163097918921920e+01 4.189174952620406600e+01
4.189174952620406600e+01 3.646908894222717379e+01
3.646908894222717379e+01 3.831830221141994031e+01
3.831830221141994031e+01 4.304570806319384246e+01
4.304570806319384246e+01 3.496145313214530148e+01
3.496145313214530148e+01 3.600692115424349993e+01
3.600692115424349993e+01 3.753056801470948756e+01
3.753056801470948756e+01 4.040011471312557489e+01
4.040011471312557489e+01 3.883271576073539677e+01
3.883271576073539677e+01 4.305089152709170008e+01
4.305089152709170008e+01 3.494975275432015138e+01
3.494975275432015138e+01 3.596651223822721732e+01
3.596651223822721732e+01 3.752010645951177992e+01
3.752010645951177992e+01 4.034625862400237395e+01
4.034625862400237395e+01 3.891094903983334063e+01
3.891094903983334063e+01 4.260250218921700593e+01
4.260250218921700593e+01 3.554020476563015762e+01
3.554020476563015762e+01 3.683779312956924201e+01
3.683779312956924201e+01 3.890427627181782100e+01
3.890427627181782100e+01 4.293600290578958578e+01
4.293600290578958578e+01 3.508225992065319332e+01
3.508225992065319332e+01 3.617441641716825984e+01
3.617441641716825984e+01 3.784379602036867851e+01
3.784379602036867851e+01 4.118021942979213890e+01
4.118021942979213890e+01 3.749779423454416616e+01
3.749779423454416616e+01 4.035638370999562596e+01
4.035638370999562596e+01 3.879606699977639295e+01
3.879606699977639295e+01 4.318227090149061809e+01
4.318227090149061809e+01 3.475346282321679325e+01
3.475346282321679325e+01 3.570593891920567842e+01
3.570593891920567842e+01 3.704979870462174318e+01
3.704979870462174318e+01 3.938881860407497015e+01
3.938881860407497015e+01 4.104263514187037032e+01
4.104263514187037032e+01 3.766908583362877749e+01
3.766908583362877749e+01 4.069752763621990255e+01
4.069752763621990255e+01 3.823220851769780637e+01
3.823220851769780637e+01 4.257854109589057146e+01
4.257854109589057146e+01 3.551159894150863749e+01
3.551159894150863749e+01 3.678089103252594327e+01
3.678089103252594327e+01 3.879857035619333772e+01
3.879857035619333772e+01 4.350635479117106286e+01
4.350635479117106286e+01 3.434956673440702701e+01
3.434956673440702701e+01 3.520897983398388931e+01
3.520897983398388931e+01 3.634098100520130004e+01
3.634098100520130004e+01 3.807328828125577758e+01
3.807328828125577758e+01 4.208606705821217275e+01
4.208606705821217275e+01 3.619341081244425595e+01
3.619341081244425595e+01 3.775578816102198942e+01
3.775578816102198942e+01 4.104881678505010001e+01
4.104881678505010001e+01 3.766596558472598844e+01
3.766596558472598844e+01 4.070567005257653648e+01
4.070567005257653648e+01 3.821581803635795893e+01
3.821581803635795893e+01 4.250799014856174551e+01
4.250799014856174551e+01 3.563298174294160958e+01
3.563298174294160958e+01 3.694526331018725074e+01
3.694526331018725074e+01 3.908869864549019013e+01
3.908869864549019013e+01 4.180086441315797430e+01
4.180086441315797430e+01 3.652638944649061159e+01
3.652638944649061159e+01 3.840276627401247822e+01
3.840276627401247822e+01 4.391423052401632532e+01
4.391423052401632532e+01 3.386270292114666347e+01
3.386270292114666347e+01 3.459969899817378547e+01
3.459969899817378547e+01 3.550942359414253247e+01
3.550942359414253247e+01 3.678122795727018257e+01
3.678122795727018257e+01 3.884398067047110459e+01
3.884398067047110459e+01 4.320050143132747422e+01
4.320050143132747422e+01 3.476615825909341595e+01
3.476615825909341595e+01 3.573630748832088244e+01
3.573630748832088244e+01 3.708301147237019535e+01
3.708301147237019535e+01 3.938411621986030298e+01
3.938411621986030298e+01 4.098551649027179877e+01
4.098551649027179877e+01 3.785521522908863545e+01
3.785521522908863545e+01 4.130054230756877587e+01
4.130054230756877587e+01 3.731001691576651780e+01
3.731001691576651780e+01 3.990768150929142166e+01
3.990768150929142166e+01 3.972493279165312430e+01
3.972493279165312430e+01 4.025404699416954912e+01
4.025404699416954912e+01 3.905017156784067112e+01
3.905017156784067112e+01 4.222196534872465179e+01
4.222196534872465179e+01 3.598411370710606150e+01
3.598411370710606150e+01 3.748561584288733428e+01
3.748561584288733428e+01 4.032594099426280110e+01
4.032594099426280110e+01 3.895284506299807248e+01
3.895284506299807248e+01 4.239513746311591547e+01
4.239513746311591547e+01 3.577737339632459168e+01
3.577737339632459168e+01 3.716058373080971933e+01
3.716058373080971933e+01 3.948599414535154040e+01
3.948599414535154040e+01 4.066387762978813925e+01
4.066387762978813925e+01 3.837145319115922604e+01
3.837145319115922604e+01 4.347107251909972092e+01
4.347107251909972092e+01 3.442344186385138016e+01
3.442344186385138016e+01 3.533775454481739331e+01
3.533775454481739331e+01 3.655710255239707607e+01
3.655710255239707607e+01 3.848291398330256641e+01
3.848291398330256641e+01 4.421013953617120507e+01
4.421013953617120507e+01 3.351372606138244947e+01
3.351372606138244947e+01 3.418202835523816674e+01
3.418202835523816674e+01 3.499090803838356578e+01
3.499090803838356578e+01 3.608045410624570337e+01
3.608045410624570337e+01 3.764709497346727574e+01
3.764709497346727574e+01 4.061932411305100032e+01
4.061932411305100032e+01 3.831183925572331361e+01
3.831183925572331361e+01 4.319661891322804337e+01
4.319661891322804337e+01 3.476957547288660777e+01
3.476957547288660777e+01 3.577860017546693427e+01
3.577860017546693427e+01 3.714779038715171566e+01
3.714779038715171566e+01 3.953147847032215623e+01
3.953147847032215623e+01 4.068496300949338718e+01
4.068496300949338718e+01 3.832471242423967794e+01
3.832471242423967794e+01 4.307879174795112220e+01
4.307879174795112220e+01 3.492395023956044753e+01
3.492395023956044753e+01 3.595448397270020280e+01
3.595448397270020280e+01 3.744050385350130483e+01
3.744050385350130483e+01 4.023908871647442709e+01
4.023908871647442709e+01 3.912713533713857572e+01
3.912713533713857572e+01 4.170161525549115566e+01
4.170161525549115566e+01 3.671439512581933684e+01
3.671439512581933684e+01 3.872672617618801638e+01
3.872672617618801638e+01 4.358536163557766940e+01
4.358536163557766940e+01 3.428192588145110165e+01
3.428192588145110165e+01 3.514820184742396236e+01
3.514820184742396236e+01 3.628731383895410545e+01
3.628731383895410545e+01 3.802470504246887373e+01
3.802470504246887373e+01 4.169127544984768718e+01
4.169127544984768718e+01 3.667505474030932078e+01
3.667505474030932078e+01 3.865814861136722413e+01
3.865814861136722413e+01 4.420186360795737812e+01
4.420186360795737812e+01 3.349667192753597078e+01
3.349667192753597078e+01 3.415769462467293494e+01
3.415769462467293494e+01 3.496041778881497919e+01
3.496041778881497919e+01 3.603703259606039921e+01
3.603703259606039921e+01 3.763686701495961984e+01
3.763686701495961984e+01 4.057304006233828630e+01
4.057304006233828630e+01 3.843751883335721686e+01
3.843751883335721686e+01 4.368465101235581471e+01
4.368465101235581471e+01 3.412845093761151105e+01
3.412845093761151105e+01 3.493289385671000957e+01
3.493289385671000957e+01 3.596772919330494744e+01
3.596772919330494744e+01 3.746326067040588725e+01
3.746326067040588725e+01 4.027898652328725859e+01
4.027898652328725859e+01 3.904736883639753842e+01
3.904736883639753842e+01 4.196220571985211478e+01
4.196220571985211478e+01 3.629827539356804778e+01
3.629827539356804778e+01 3.801028227809489834e+01
3.801028227809489834e+01 4.167308464476525387e+01
4.167308464476525387e+01 3.678657578628028091e+01
3.678657578628028091e+01 3.882165879218189275e+01
3.882165879218189275e+01 4.317849001006840837e+01
4.317849001006840837e+01 3.477117612254471624e+01
3.477117612254471624e+01 3.575825157798836074e+01
3.575825157798836074e+01 3.711823660440460770e+01
3.711823660440460770e+01 3.952394415337920464e+01
3.952394415337920464e+01 4.073286744276148141e+01
4.073286744276148141e+01 3.825303650940905698e+01
3.825303650940905698e+01 4.264688459454000480e+01
4.264688459454000480e+01 3.538666580775466741e+01
3.538666580775466741e+01 3.662082676405869108e+01
3.662082676405869108e+01 3.851234925207476323e+01
3.851234925207476323e+01 4.437890078027609064e+01
4.437890078027609064e+01 3.332740122672157668e+01
3.332740122672157668e+01 3.395938439426321764e+01
3.395938439426321764e+01 3.470900004888726897e+01
3.470900004888726897e+01 3.566769050670540508e+01
3.566769050670540508e+01 3.699260295090574147e+01
3.699260295090574147e+01 3.917603528902934329e+01
3.917603528902934329e+01 4.150401801918576439e+01
4.150401801918576439e+01 3.703077153016699441e+01
3.703077153016699441e+01 3.936065540651756578e+01
3.936065540651756578e+01 4.115960793116179417e+01
4.115960793116179417e+01 3.746996337112607023e+01
3.746996337112607023e+01 4.018725463769357731e+01
4.018725463769357731e+01 3.922863176420398190e+01
3.922863176420398190e+01 4.137889872937617497e+01
4.137889872937617497e+01 3.721560924968276396e+01
3.721560924968276396e+01 3.975317502974779416e+01
3.975317502974779416e+01 4.017615966439645092e+01
4.017615966439645092e+01 3.920768734009826062e+01
3.920768734009826062e+01 4.157698950596763154e+01
4.157698950596763154e+01 3.692709314440491397e+01
3.692709314440491397e+01 3.910822902535089440e+01
3.910822902535089440e+01 4.172890282763015080e+01
4.172890282763015080e+01 3.660722749806061671e+01
3.660722749806061671e+01 3.854314179751862213e+01
3.854314179751862213e+01 4.636766826654422147e+01
4.636766826654422147e+01 3.108120353336049391e+01
3.108120353336049391e+01 3.136108912893145018e+01
3.136108912893145018e+01 3.168940053021941239e+01
3.168940053021941239e+01 3.205388075364589184e+01
3.205388075364589184e+01 3.246663411409453204e+01
3.246663411409453204e+01 3.291788124828598683e+01
3.291788124828598683e+01 3.343160096890238009e+01
3.343160096890238009e+01 3.406005774943873377e+01
3.406005774943873377e+01 3.489077494173311322e+01
3.489077494173311322e+01 3.593874529839230547e+01
3.593874529839230547e+01 3.748151008332855838e+01
3.748151008332855838e+01 4.021698518756682006e+01
4.021698518756682006e+01 3.915205651553706900e+01
3.915205651553706900e+01 4.158599974223133700e+01
4.158599974223133700e+01 3.687702642868479330e+01
3.687702642868479330e+01 3.907744909142751055e+01
3.907744909142751055e+01 4.213630833579389900e+01
4.213630833579389900e+01 3.610105994200004886e+01
3.610105994200004886e+01 3.768720924111930515e+01
3.768720924111930515e+01 4.072519407355402876e+01
4.072519407355402876e+01 3.815471397425771016e+01
3.815471397425771016e+01 4.226735809944509015e+01
4.226735809944509015e+01 3.596264369314926057e+01
3.596264369314926057e+01 3.740438925543110571e+01
3.740438925543110571e+01 4.015700820054119191e+01
4.015700820054119191e+01 3.927825423336417288e+01
3.927825423336417288e+01 4.122776736484073012e+01
4.122776736484073012e+01 3.745629776787390597e+01
3.745629776787390597e+01 4.028025406137624742e+01
4.028025406137624742e+01 3.904622502639934822e+01
3.904622502639934822e+01 4.197187729517100507e+01
4.197187729517100507e+01 3.628631310712589908e+01
3.628631310712589908e+01 3.799059455043687450e+01
3.799059455043687450e+01 4.162578202126861271e+01
4.162578202126861271e+01 3.686009556868627612e+01
3.686009556868627612e+01 3.897727149321784879e+01
3.897727149321784879e+01 4.229492943181790565e+01
4.229492943181790565e+01 3.584886179594482769e+01
3.584886179594482769e+01 3.732632587606835983e+01
3.732632587606835983e+01 3.989359982781535763e+01
3.989359982781535763e+01 3.981786168643159840e+01
3.981786168643159840e+01 3.984523592806289116e+01
3.984523592806289116e+01 3.982489862373824252e+01
3.982489862373824252e+01 4.001973740128997292e+01
4.001973740128997292e+01 3.952487225392692238e+01
3.952487225392692238e+01 4.052212778055364595e+01
4.052212778055364595e+01 3.850789416922971498e+01
3.850789416922971498e+01 4.535865269291144131e+01
4.535865269291144131e+01 3.220660340330228166e+01
3.220660340330228166e+01 3.263331408789861854e+01
3.263331408789861854e+01 3.309919877121628673e+01
3.309919877121628673e+01 3.365655712150861234e+01
3.365655712150861234e+01 3.432778976245583635e+01
3.432778976245583635e+01 3.521237216151369864e+01
3.521237216151369864e+01 3.637810976744660252e+01
3.637810976744660252e+01 3.817616976030086562e+01
3.817616976030086562e+01 4.232606235633608804e+01
4.232606235633608804e+01 3.589376256139844656e+01
3.589376256139844656e+01 3.730600419092885289e+01
3.730600419092885289e+01 3.989171067237256807e+01
3.989171067237256807e+01 3.979951681629898275e+01
3.979951681629898275e+01 3.997789747464336330e+01
3.997789747464336330e+01 3.951584294735508252e+01
3.951584294735508252e+01 4.070524691366205872e+01
4.070524691366205872e+01 3.828814430485619624e+01
3.828814430485619624e+01 4.280276063798515906e+01
4.280276063798515906e+01 3.517453144697366696e+01
3.517453144697366696e+01 3.634295132472276890e+01
3.634295132472276890e+01 3.805337009223487144e+01
3.805337009223487144e+01 4.181742357927141995e+01
4.181742357927141995e+01 3.654753305463382418e+01
3.654753305463382418e+01 3.846466125914061962e+01
3.846466125914061962e+01 4.408328601281147030e+01
4.408328601281147030e+01 3.367877715612444689e+01
3.367877715612444689e+01 3.436830303910310391e+01
3.436830303910310391e+01 3.521735112193662331e+01
3.521735112193662331e+01 3.634345866031458883e+01
3.634345866031458883e+01 3.808282471933503643e+01
3.808282471933503643e+01 4.212319803179538980e+01
4.212319803179538980e+01 3.615031016212169135e+01
3.615031016212169135e+01 3.768733328197257748e+01
3.768733328197257748e+01 4.086142188083920956e+01
4.086142188083920956e+01 3.799513806457392917e+01
3.799513806457392917e+01 4.161530331561946383e+01
4.161530331561946383e+01 3.678541486720102682e+01
3.678541486720102682e+01 3.881753429265867084e+01
3.881753429265867084e+01 4.340955876199727470e+01
4.340955876199727470e+01 3.449738408865309935e+01
3.449738408865309935e+01 3.539890074489414928e+01
3.539890074489414928e+01 3.660788613578625217e+01
3.660788613578625217e+01 3.853825111320004027e+01
3.853825111320004027e+01 4.459573336640953301e+01
4.459573336640953301e+01 3.306295508574952180e+01
3.306295508574952180e+01 3.364889114758379662e+01
3.364889114758379662e+01 3.430719576598870901e+01
3.430719576598870901e+01 3.518987094789265058e+01
3.518987094789265058e+01 3.635607032843294917e+01
3.635607032843294917e+01 3.809087364844666723e+01
3.809087364844666723e+01 4.198355375478468687e+01
4.198355375478468687e+01 3.635049785933956912e+01
3.635049785933956912e+01 3.806468270785440211e+01
3.806468270785440211e+01 4.181783806550349425e+01
4.181783806550349425e+01 3.647819553138875648e+01
3.647819553138875648e+01 3.831665559560503453e+01
3.831665559560503453e+01 4.325972147862578510e+01
4.325972147862578510e+01 3.468416533338624674e+01
3.468416533338624674e+01 3.562026296142284565e+01
3.562026296142284565e+01 3.692748161156892195e+01
3.692748161156892195e+01 3.905474805735246235e+01
3.905474805735246235e+01 4.196720059728890817e+01
4.196720059728890817e+01 3.628966126143640736e+01
3.628966126143640736e+01 3.804203483882967163e+01
3.804203483882967163e+01 4.176140746855035957e+01
4.176140746855035957e+01 3.656621111618805742e+01
3.656621111618805742e+01 3.848177870534864553e+01
3.848177870534864553e+01 4.411440887238696718e+01
4.411440887238696718e+01 3.356152850312628289e+01
3.356152850312628289e+01 3.420389054615156965e+01
3.420389054615156965e+01 3.506733526735383322e+01
3.506733526735383322e+01 3.619089577797355872e+01
3.619089577797355872e+01 3.776079643213476089e+01
3.776079643213476089e+01 4.105633097767124440e+01
4.105633097767124440e+01 3.764689703686097744e+01
3.764689703686097744e+01 4.064695924505349467e+01
4.064695924505349467e+01 3.831771423346425820e+01
3.831771423346425820e+01 4.306776122895443137e+01
4.306776122895443137e+01 3.493724296055044931e+01
3.493724296055044931e+01 3.597228550439879768e+01
3.597228550439879768e+01 3.747110289421780038e+01
3.747110289421780038e+01 4.029253575648174746e+01
4.029253575648174746e+01 3.901972807977173119e+01
3.901972807977173119e+01 4.206770015182130606e+01
4.206770015182130606e+01 3.612818168478531078e+01
3.612818168478531078e+01 3.778627516080051407e+01
3.778627516080051407e+01 4.099512696445640358e+01
4.099512696445640358e+01 3.772755357888642180e+01
3.772755357888642180e+01 4.096092821008635809e+01
4.096092821008635809e+01 3.784084110289172287e+01
3.784084110289172287e+01 4.115249084555759396e+01
4.115249084555759396e+01 3.758035704639143404e+01
3.758035704639143404e+01 4.056745158023587550e+01
4.056745158023587550e+01 3.843406423510563030e+01
3.843406423510563030e+01 4.377441230166596142e+01
4.377441230166596142e+01 3.402029591908961947e+01
3.402029591908961947e+01 3.478843036562056312e+01
3.478843036562056312e+01 3.579695718777463753e+01
3.579695718777463753e+01 3.717374858841471053e+01
3.717374858841471053e+01 3.961670724770989693e+01
3.961670724770989693e+01 4.049396023839121739e+01
4.049396023839121739e+01 3.864872436305980585e+01
3.864872436305980585e+01 4.446076340867550414e+01
4.446076340867550414e+01 3.316293876619420899e+01
3.316293876619420899e+01 3.373259692026058332e+01
3.373259692026058332e+01 3.444553270070235840e+01
3.444553270070235840e+01 3.531812303243125228e+01
3.531812303243125228e+01 3.649844537936834143e+01
3.649844537936834143e+01 3.834360635902847037e+01
3.834360635902847037e+01 4.317459671158803758e+01
4.317459671158803758e+01 3.469698545805785983e+01
3.469698545805785983e+01 3.561421885219818506e+01
3.561421885219818506e+01 3.691876241892882859e+01
3.691876241892882859e+01 3.903965659320554948e+01
3.903965659320554948e+01 4.202726611108692367e+01
4.202726611108692367e+01 3.621507739986797247e+01
3.621507739986797247e+01 3.787266015081662829e+01
3.787266015081662829e+01 4.126580523747094276e+01
4.126580523747094276e+01 3.742051686414307454e+01
3.742051686414307454e+01 4.017894933370465793e+01
4.017894933370465793e+01 3.922426299985902176e+01
3.922426299985902176e+01 4.137453740186280271e+01
4.137453740186280271e+01 3.723907869107274138e+01
3.723907869107274138e+01 3.976633461598911623e+01
3.976633461598911623e+01 4.005858709015048191e+01
4.005858709015048191e+01 3.947935956577693162e+01
3.947935956577693162e+01 4.069604402815090083e+01
4.069604402815090083e+01 3.834412272570793334e+01
3.834412272570793334e+01 4.311542078034340619e+01
4.311542078034340619e+01 3.477869305256688648e+01
3.477869305256688648e+01 3.573325034723360716e+01
3.573325034723360716e+01 3.712400698897337037e+01
3.712400698897337037e+01 3.954303506494655807e+01
3.954303506494655807e+01 4.054835293036549615e+01
4.054835293036549615e+01 3.847430521090424094e+01
3.847430521090424094e+01 4.405783532710674422e+01
4.405783532710674422e+01 3.367777704376666037e+01
3.367777704376666037e+01 3.437335361355915353e+01
3.437335361355915353e+01 3.524314370744818348e+01
3.524314370744818348e+01 3.639295526437091155e+01
3.639295526437091155e+01 3.814447574734238344e+01
3.814447574734238344e+01 4.239656975262818150e+01
4.239656975262818150e+01 3.569136514976203500e+01
3.569136514976203500e+01 3.705449420711160258e+01
3.705449420711160258e+01 3.940316402833347809e+01
3.940316402833347809e+01 4.097829315325290622e+01
4.097829315325290622e+01 3.771724906253370335e+01
3.771724906253370335e+01 4.079759416024076302e+01
4.079759416024076302e+01 3.802499228260215602e+01
3.802499228260215602e+01 4.176865855370578373e+01
4.176865855370578373e+01 3.658668982718094753e+01
3.658668982718094753e+01 3.844891269687163771e+01
3.844891269687163771e+01 4.376254529258753223e+01
4.376254529258753223e+01 3.403803575451972563e+01
3.403803575451972563e+01 3.485480136812078911e+01
3.485480136812078911e+01 3.588918723687550738e+01
3.588918723687550738e+01 3.740757554971984433e+01
3.740757554971984433e+01 4.007260256741931670e+01
4.007260256741931670e+01 3.946157327725824615e+01
3.946157327725824615e+01 4.073961442055127691e+01
4.073961442055127691e+01 3.827196762780785377e+01
3.827196762780785377e+01 4.277945577037525737e+01
4.277945577037525737e+01 3.528392327236798565e+01
3.528392327236798565e+01 3.643910373379257805e+01
3.643910373379257805e+01 3.822872017910862041e+01
3.822872017910862041e+01 4.279340453617166418e+01
4.279340453617166418e+01 3.527867117108513639e+01
3.527867117108513639e+01 3.641434515676923667e+01
3.641434515676923667e+01 3.819909588156259872e+01
3.819909588156259872e+01 4.259627515625874139e+01
4.259627515625874139e+01 3.544497579240493934e+01
3.544497579240493934e+01 3.669057697555884090e+01
3.669057697555884090e+01 3.862350533877863512e+01
3.862350533877863512e+01 4.578548924422610611e+01
4.578548924422610611e+01 3.168595445937626565e+01
3.168595445937626565e+01 3.205308640790136110e+01
3.205308640790136110e+01 3.245519285872724424e+01
3.245519285872724424e+01 3.292937928986442131e+01
3.292937928986442131e+01 3.345877561465808014e+01
3.345877561465808014e+01 3.410205239453723891e+01
3.410205239453723891e+01 3.491059914054157787e+01
3.491059914054157787e+01 3.598139932511769956e+01
3.598139932511769956e+01 3.743987846045199319e+01
3.743987846045199319e+01 4.021273268874678308e+01
4.021273268874678308e+01 3.908021469518952529e+01
3.908021469518952529e+01 4.183104095653935417e+01
4.183104095653935417e+01 3.647905811170389256e+01
3.647905811170389256e+01 3.832561818736130022e+01
3.832561818736130022e+01 4.328250239846700964e+01
4.328250239846700964e+01 3.465739343251224369e+01
3.465739343251224369e+01 3.558966860658283338e+01
3.558966860658283338e+01 3.688698034438891682e+01
3.688698034438891682e+01 3.900456383674022476e+01
3.900456383674022476e+01 4.234661603699998267e+01
4.234661603699998267e+01 3.575897032269872966e+01
3.575897032269872966e+01 3.712595528144571233e+01
3.712595528144571233e+01 3.955405802012995764e+01
3.955405802012995764e+01 4.063895218696678313e+01
4.063895218696678313e+01 3.842038871633914709e+01
3.842038871633914709e+01 4.359282670318427932e+01
4.359282670318427932e+01 3.425492805262319251e+01
3.425492805262319251e+01 3.511671483071665989e+01
3.511671483071665989e+01 3.626050790444019611e+01
3.626050790444019611e+01 3.792921722087949377e+01
3.792921722087949377e+01 4.140665425298767133e+01
4.140665425298767133e+01 3.716934392933684705e+01
3.716934392933684705e+01 3.963003320474194169e+01
3.963003320474194169e+01 4.034840533310764954e+01
4.034840533310764954e+01 3.889484460515416941e+01
3.889484460515416941e+01 4.267271439502191299e+01
4.267271439502191299e+01 3.544676092174237425e+01
3.544676092174237425e+01 3.670491091894884050e+01
3.670491091894884050e+01 3.867538823380589008e+01
3.867538823380589008e+01 4.462141522784764902e+01
4.462141522784764902e+01 3.299509088021427061e+01
3.299509088021427061e+01 3.352318695493582368e+01
3.352318695493582368e+01 3.418485269341422139e+01
3.418485269341422139e+01 3.501469554572809528e+01
3.501469554572809528e+01 3.608079365785413017e+01
3.608079365785413017e+01 3.768934946246356077e+01
3.768934946246356077e+01 4.071370729685166623e+01
4.071370729685166623e+01 3.817036518121371813e+01
3.817036518121371813e+01 4.234850793225492538e+01
4.234850793225492538e+01 3.586513932170256425e+01
3.586513932170256425e+01 3.726287294751644197e+01
3.726287294751644197e+01 3.977562335635787605e+01
3.977562335635787605e+01 4.016550328379211976e+01
4.016550328379211976e+01 3.919910119025944084e+01
3.919910119025944084e+01 4.168952819453483016e+01
4.168952819453483016e+01 3.676437572631238737e+01
3.676437572631238737e+01 3.881066982113878794e+01
3.881066982113878794e+01 4.309627092291353989e+01
4.309627092291353989e+01 3.488552485403842951e+01
3.488552485403842951e+01 3.588261600901517312e+01
3.588261600901517312e+01 3.732155015761995998e+01
3.732155015761995998e+01 3.994796069908221625e+01
3.994796069908221625e+01 3.956933548935634803e+01
3.956933548935634803e+01 4.058949288193091576e+01
4.058949288193091576e+01 3.850607195063581401e+01
3.850607195063581401e+01 4.439519069150745878e+01
4.439519069150745878e+01 3.329213514412634112e+01
3.329213514412634112e+01 3.391853887697416781e+01
3.391853887697416781e+01 3.465048676407260331e+01
3.465048676407260331e+01 3.561111034421230670e+01
3.561111034421230670e+01 3.692493906342815535e+01
3.692493906342815535e+01 3.905470214616926228e+01
3.905470214616926228e+01 4.206880958965534489e+01
4.206880958965534489e+01 3.615419737218307716e+01
3.615419737218307716e+01 3.780962091255107538e+01
3.780962091255107538e+01 4.105033853078031569e+01
4.105033853078031569e+01 3.761303401005874747e+01
3.761303401005874747e+01 4.063997702748257979e+01
4.063997702748257979e+01 3.840509880576131962e+01
3.840509880576131962e+01 4.354232545238501473e+01
4.354232545238501473e+01 3.431587446404198261e+01
3.431587446404198261e+01 3.519368951226098829e+01
3.519368951226098829e+01 3.634784606538219265e+01
3.634784606538219265e+01 3.812919645338199359e+01
3.812919645338199359e+01 4.213180803834127630e+01
4.213180803834127630e+01 3.615658097881812694e+01
3.615658097881812694e+01 3.771455314013776672e+01
3.771455314013776672e+01 4.091591755388841989e+01
4.091591755388841989e+01 3.788209324313174164e+01
3.788209324313174164e+01 4.130176969542515053e+01
4.130176969542515053e+01 3.735483120351867115e+01
3.735483120351867115e+01 4.007029273014831716e+01
4.007029273014831716e+01 3.943366871392279904e+01
3.943366871392279904e+01 4.080066858884944025e+01
4.080066858884944025e+01 3.809814003869684740e+01
3.809814003869684740e+01 4.226374676738360137e+01
4.226374676738360137e+01 3.595653015602316316e+01
3.595653015602316316e+01 3.742845991810894901e+01
3.742845991810894901e+01 4.023969066680854212e+01
4.023969066680854212e+01 3.912606038252341989e+01
3.912606038252341989e+01 4.171621284277448183e+01
4.171621284277448183e+01 3.670669791967044659e+01
3.670669791967044659e+01 3.871319444932338882e+01
3.871319444932338882e+01 4.394245137701740589e+01
4.394245137701740589e+01 3.383595590451384538e+01
3.383595590451384538e+01 3.457701539703657545e+01
3.457701539703657545e+01 3.553666842742062215e+01
3.553666842742062215e+01 3.684531415886574024e+01
3.684531415886574024e+01 3.901050296034458142e+01
3.901050296034458142e+01 4.241788109011910990e+01
4.241788109011910990e+01 3.566477362741036217e+01
3.566477362741036217e+01 3.698909024487962682e+01
3.698909024487962682e+01 3.927804793127189242e+01
3.927804793127189242e+01 4.136942681226983609e+01
4.136942681226983609e+01 3.713657630779010788e+01
3.713657630779010788e+01 3.947221440061980502e+01
3.947221440061980502e+01 4.077661551304995413e+01
4.077661551304995413e+01 3.820046123347370326e+01
3.820046123347370326e+01 4.241746891378850393e+01
4.241746891378850393e+01 3.575333645085817125e+01
3.575333645085817125e+01 3.710600646975687056e+01
3.710600646975687056e+01 3.940012690396223860e+01
3.940012690396223860e+01 4.092490389096240477e+01
4.092490389096240477e+01 3.796247263039182940e+01
3.796247263039182940e+01 4.155973026444652163e+01
4.155973026444652163e+01 3.696874545784764621e+01
3.696874545784764621e+01 3.917011702980789778e+01
3.917011702980789778e+01 4.152935872741079493e+01
4.152935872741079493e+01 3.699751360502349229e+01
3.699751360502349229e+01 3.929070398572469003e+01
3.929070398572469003e+01 4.132363465932476743e+01
4.132363465932476743e+01 3.721447862359394065e+01
3.721447862359394065e+01 3.963029925426304345e+01
3.963029925426304345e+01 4.038568947411290821e+01
4.038568947411290821e+01 3.885087889945685191e+01
3.885087889945685191e+01 4.321434208456168591e+01
4.321434208456168591e+01 3.474878061974008148e+01
3.474878061974008148e+01 3.571746427069331276e+01
3.571746427069331276e+01 3.705893634210949728e+01
3.705893634210949728e+01 3.932661133769569517e+01
3.932661133769569517e+01 4.111069107112108867e+01
4.111069107112108867e+01 3.763930437653384331e+01
3.763930437653384331e+01 4.070065424161290935e+01
4.070065424161290935e+01 3.817955512218657077e+01
3.817955512218657077e+01 4.248027816746503760e+01
4.248027816746503760e+01 3.566903293269314190e+01
3.566903293269314190e+01 3.699708417975391228e+01
3.699708417975391228e+01 3.917712510694991579e+01
3.917712510694991579e+01 4.152002973926182250e+01
4.152002973926182250e+01 3.701808413301436218e+01
3.701808413301436218e+01 3.932640924471390065e+01
3.932640924471390065e+01 4.121041922612518249e+01
4.121041922612518249e+01 3.739381176653617445e+01
3.739381176653617445e+01 4.012977877986188702e+01
4.012977877986188702e+01 3.931182648691044790e+01
3.931182648691044790e+01 4.118062773073504701e+01
4.118062773073504701e+01 3.754329784847534057e+01
3.754329784847534057e+01 4.047238778891335187e+01
4.047238778891335187e+01 3.860104329936758916e+01
3.860104329936758916e+01 4.526766224798252836e+01
4.526766224798252836e+01 3.229854288585953270e+01
3.229854288585953270e+01 3.272377669055276783e+01
3.272377669055276783e+01 3.320828662992408198e+01
3.320828662992408198e+01 3.378559068229017015e+01
3.378559068229017015e+01 3.450824577365433043e+01
3.450824577365433043e+01 3.539103893968220405e+01
3.539103893968220405e+01 3.661396376714669287e+01
3.661396376714669287e+01 3.850879254954701736e+01
3.850879254954701736e+01 4.436540198197816665e+01
4.436540198197816665e+01 3.333142335654136446e+01
3.333142335654136446e+01 3.396352345626554836e+01
3.396352345626554836e+01 3.471325349057163834e+01
3.471325349057163834e+01 3.567300506850815367e+01
3.567300506850815367e+01 3.699971771339833992e+01
3.699971771339833992e+01 3.919130291683407563e+01
3.919130291683407563e+01 4.145671230230304616e+01
4.145671230230304616e+01 3.709862318434727513e+01
3.709862318434727513e+01 3.948316849562205988e+01
3.948316849562205988e+01 4.080351645064884991e+01
4.080351645064884991e+01 3.812465355232112785e+01
3.812465355232112785e+01 4.213093819665783712e+01
4.213093819665783712e+01 3.615527371057867612e+01
3.615527371057867612e+01 3.771024686431427142e+01
3.771024686431427142e+01 4.090514391440954967e+01
4.090514391440954967e+01 3.790092864035874953e+01
3.790092864035874953e+01 4.134810763473358008e+01
4.134810763473358008e+01 3.727155618209960153e+01
3.727155618209960153e+01 3.985622150111210260e+01
3.985622150111210260e+01 3.985066165373589087e+01
3.985066165373589087e+01 3.987097392990397537e+01
3.987097392990397537e+01 3.972386808725734397e+01
3.972386808725734397e+01 4.016000346308068458e+01
4.016000346308068458e+01 3.927096086726241708e+01
3.927096086726241708e+01 4.128782987910646796e+01
4.128782987910646796e+01 3.736930674806023944e+01
3.736930674806023944e+01 4.011001296533169835e+01
4.011001296533169835e+01 3.937172605781167078e+01
3.937172605781167078e+01 4.098242425680992085e+01
4.098242425680992085e+01 3.784725857222708356e+01
3.784725857222708356e+01 4.131430502298137242e+01
4.131430502298137242e+01 3.722606750002495346e+01
3.722606750002495346e+01 3.966692181012219010e+01
3.966692181012219010e+01 4.034088617533122800e+01
4.034088617533122800e+01 3.893007676696657171e+01
3.893007676696657171e+01 4.271532964921079412e+01
4.271532964921079412e+01 3.538601925059623454e+01
3.538601925059623454e+01 3.659642342134547732e+01
3.659642342134547732e+01 3.853428120238393007e+01
3.853428120238393007e+01 4.462295610674231483e+01
4.462295610674231483e+01 3.302304412428095048e+01
3.302304412428095048e+01 3.360047889754633843e+01
3.360047889754633843e+01 3.424925195510389386e+01
3.424925195510389386e+01 3.512162952517764580e+01
3.512162952517764580e+01 3.626339850021672362e+01
3.626339850021672362e+01 3.793057528435075199e+01
3.793057528435075199e+01 4.141573837907210986e+01
4.141573837907210986e+01 3.715452770687345208e+01
3.715452770687345208e+01 3.959692679996614828e+01
3.959692679996614828e+01 4.042833894956234531e+01
4.042833894956234531e+01 3.869428788552648513e+01
3.869428788552648513e+01 4.395081440066959289e+01
4.395081440066959289e+01 3.382702632605798243e+01
3.382702632605798243e+01 3.457050936112406703e+01
3.457050936112406703e+01 3.549139361326452047e+01
3.549139361326452047e+01 3.677696888718890023e+01
3.677696888718890023e+01 3.889305060951328841e+01
3.889305060951328841e+01 4.287509020016558736e+01
4.287509020016558736e+01 3.508246898073413433e+01
3.508246898073413433e+01 3.620994103124020569e+01
3.620994103124020569e+01 3.782538172854987124e+01
3.782538172854987124e+01 4.118408345399159742e+01
4.118408345399159742e+01 3.742456772756490579e+01
3.742456772756490579e+01 4.017719687857491806e+01
4.017719687857491806e+01 3.914021437820523630e+01
3.914021437820523630e+01 4.163529501273647071e+01
4.163529501273647071e+01 3.680657311687593136e+01
3.680657311687593136e+01 3.894400582272096045e+01
3.894400582272096045e+01 4.259333424392986700e+01
4.259333424392986700e+01 3.544190036169078439e+01
3.544190036169078439e+01 3.668346967872496123e+01
3.668346967872496123e+01 3.862481584354203790e+01
3.862481584354203790e+01 4.559973564668030122e+01
4.559973564668030122e+01 3.191115385052485109e+01
3.191115385052485109e+01 3.229796810074267199e+01
3.229796810074267199e+01 3.271175732389291113e+01
3.271175732389291113e+01 3.319939375008356564e+01
3.319939375008356564e+01 3.377597721378947426e+01
3.377597721378947426e+01 3.449759451632522911e+01
3.449759451632522911e+01 3.538132977120097422e+01
3.538132977120097422e+01 3.661292168659373658e+01
3.661292168659373658e+01 3.854745213116826363e+01
3.854745213116826363e+01 4.465916533977481606e+01
4.465916533977481606e+01 3.298023600059769933e+01
3.298023600059769933e+01 3.355106278254172736e+01
3.355106278254172736e+01 3.418986318582484074e+01
3.418986318582484074e+01 3.502233053491050896e+01
3.502233053491050896e+01 3.613289129614198458e+01
3.613289129614198458e+01 3.767807237112989327e+01
3.767807237112989327e+01 4.082687593527465708e+01
4.082687593527465708e+01 3.802713720225268901e+01
3.802713720225268901e+01 4.171448139330431104e+01
4.171448139330431104e+01 3.664623227824679930e+01
3.664623227824679930e+01 3.857708847206897218e+01
3.857708847206897218e+01 4.471760559295690740e+01
4.471760559295690740e+01 3.285673634499535467e+01
3.285673634499535467e+01 3.337078259655556423e+01
3.337078259655556423e+01 3.398729068260517039e+01
3.398729068260517039e+01 3.477018268654482114e+01
3.477018268654482114e+01 3.580493834783710838e+01
3.580493834783710838e+01 3.724734792105412140e+01
3.724734792105412140e+01 3.970246426918050275e+01
3.970246426918050275e+01 4.019536505564326490e+01
4.019536505564326490e+01 3.914790241847688179e+01
3.914790241847688179e+01 4.187842004210433089e+01
4.187842004210433089e+01 3.648799676253339186e+01
3.648799676253339186e+01 3.840199490558820372e+01
3.840199490558820372e+01 4.348099181981486083e+01
4.348099181981486083e+01 3.441191225002425824e+01
3.441191225002425824e+01 3.532343970807537659e+01
3.532343970807537659e+01 3.649195633618738555e+01
3.649195633618738555e+01 3.834393693769985134e+01
3.834393693769985134e+01 4.345269035818689218e+01
4.345269035818689218e+01 3.442616347987285508e+01
3.442616347987285508e+01 3.534376426843628849e+01
3.534376426843628849e+01 3.652324787312252852e+01
3.652324787312252852e+01 3.839456522718949572e+01
3.839456522718949572e+01 4.387823711408186966e+01
4.387823711408186966e+01 3.391055754926760102e+01
3.391055754926760102e+01 3.465380461899167841e+01
3.465380461899167841e+01 3.557513300085356889e+01
3.557513300085356889e+01 3.686240165040964456e+01
3.686240165040964456e+01 3.898685273832688836e+01
3.898685273832688836e+01 4.222333856184796019e+01
4.222333856184796019e+01 3.600428724988490359e+01
3.600428724988490359e+01 3.747506867057786906e+01
3.747506867057786906e+01 4.030310710097646876e+01
4.030310710097646876e+01 3.889156891061921328e+01
3.889156891061921328e+01 4.268746892101499668e+01
4.268746892101499668e+01 3.542651377971082383e+01
3.542651377971082383e+01 3.667561497951125915e+01
3.667561497951125915e+01 3.862702892322713666e+01
3.862702892322713666e+01 4.551980806583983252e+01
4.551980806583983252e+01 3.202013085601478082e+01
3.202013085601478082e+01 3.242612437612260834e+01
3.242612437612260834e+01 3.287350849409129694e+01
3.287350849409129694e+01 3.336939293531555961e+01
3.336939293531555961e+01 3.397406742438680283e+01
3.397406742438680283e+01 3.473065818498538704e+01
3.473065818498538704e+01 3.570361024002929184e+01
3.570361024002929184e+01 3.711125575685060340e+01
3.711125575685060340e+01 3.948414850334736315e+01
3.948414850334736315e+01 4.076609069491798465e+01
4.076609069491798465e+01 3.814825037868515523e+01
3.814825037868515523e+01 4.224944193201757514e+01
4.224944193201757514e+01 3.598905551521941248e+01
3.598905551521941248e+01 3.744438190789471577e+01
3.744438190789471577e+01 4.022506966712157350e+01
4.022506966712157350e+01 3.905536365634115725e+01
3.905536365634115725e+01 4.192213137597960326e+01
4.192213137597960326e+01 3.635317694424955448e+01
3.635317694424955448e+01 3.810017969297940255e+01
3.810017969297940255e+01 4.202809428762559918e+01
4.202809428762559918e+01 3.629378986887343217e+01
3.629378986887343217e+01 3.796655588164356487e+01
3.796655588164356487e+01 4.154927693272291833e+01
4.154927693272291833e+01 3.697934253167871788e+01
3.697934253167871788e+01 3.920451544493041496e+01
3.920451544493041496e+01 4.142778481997492435e+01
4.142778481997492435e+01 3.711944523764415038e+01
3.711944523764415038e+01 3.950032297424377248e+01
3.950032297424377248e+01 4.073804139103592092e+01
4.073804139103592092e+01 3.823021643854968232e+01
3.823021643854968232e+01 4.252114926447983123e+01
4.252114926447983123e+01 3.562434515349907826e+01
3.562434515349907826e+01 3.694606193773987712e+01
3.694606193773987712e+01 3.911911379599018090e+01
3.911911379599018090e+01 4.192680322326101816e+01
4.192680322326101816e+01 3.641598532589515003e+01
3.641598532589515003e+01 3.820232812722949944e+01
3.820232812722949944e+01 4.242183823373645168e+01
4.242183823373645168e+01 3.574836291712117742e+01
3.574836291712117742e+01 3.709941393731685366e+01
3.709941393731685366e+01 3.938218110615453327e+01
3.938218110615453327e+01 4.096609288892161516e+01
4.096609288892161516e+01 3.788991001496596311e+01
3.788991001496596311e+01 4.140736230672570173e+01
4.140736230672570173e+01 3.718358437049570142e+01
3.718358437049570142e+01 3.965068799137348776e+01
3.965068799137348776e+01 4.030873918090470909e+01
4.030873918090470909e+01 3.897559347208944303e+01
3.897559347208944303e+01 4.227696811654181630e+01
4.227696811654181630e+01 3.590143213965686897e+01
3.590143213965686897e+01 3.735620830509172663e+01
3.735620830509172663e+01 3.995200814813679102e+01
3.995200814813679102e+01 3.973227119266421425e+01
3.973227119266421425e+01 4.007724786719863630e+01
4.007724786719863630e+01 3.933127731989991815e+01
3.933127731989991815e+01 4.124672155237057325e+01
4.124672155237057325e+01 3.735231159340711571e+01
3.735231159340711571e+01 3.998817103211536050e+01
3.998817103211536050e+01 3.953576951933955996e+01
3.953576951933955996e+01 4.069333767979055239e+01
4.069333767979055239e+01 3.833960937101066691e+01
3.833960937101066691e+01 4.314050267791814264e+01
4.314050267791814264e+01 3.484964747728591306e+01
3.484964747728591306e+01 3.585342434247043997e+01
3.585342434247043997e+01 3.727102105539305654e+01
3.727102105539305654e+01 3.985125426839073270e+01
3.985125426839073270e+01 3.984920353427010298e+01
3.984920353427010298e+01 3.996170785782168622e+01
3.996170785782168622e+01 3.962037228742177319e+01
3.962037228742177319e+01 4.027479977109934595e+01
4.027479977109934595e+01 3.892755389108479847e+01
3.892755389108479847e+01 4.248459442025878019e+01
4.248459442025878019e+01 3.567908300489229134e+01
3.567908300489229134e+01 3.701046078969041275e+01
3.701046078969041275e+01 3.920594028368176254e+01
3.920594028368176254e+01 4.161556397706949895e+01
4.161556397706949895e+01 3.689843147925864741e+01
3.689843147925864741e+01 3.901192481699519732e+01
3.901192481699519732e+01 4.210505215758319508e+01
4.210505215758319508e+01 3.607909849734155472e+01
3.607909849734155472e+01 3.770664715623017571e+01
3.770664715623017571e+01 4.074963951488466307e+01
4.074963951488466307e+01 3.808684782603582875e+01
3.808684782603582875e+01 4.213351001399161078e+01
4.213351001399161078e+01 3.615429293914699826e+01
3.615429293914699826e+01 3.771029543021286656e+01
3.771029543021286656e+01 4.090558918396378374e+01
4.090558918396378374e+01 3.790031593097369722e+01
3.790031593097369722e+01 4.134672124981747032e+01
4.134672124981747032e+01 3.727398844986628745e+01
3.727398844986628745e+01 3.986070194234647346e+01
3.986070194234647346e+01 3.983968368311401065e+01
3.983968368311401065e+01 3.990302115264464078e+01
3.990302115264464078e+01 3.966466692747704315e+01
3.966466692747704315e+01 4.027049982001599204e+01
4.027049982001599204e+01 3.905017096665533671e+01
3.905017096665533671e+01 4.193886957915920988e+01
4.193886957915920988e+01 3.632646813043491107e+01
3.632646813043491107e+01 3.805652085883160396e+01
3.805652085883160396e+01 4.183663675870409548e+01
4.183663675870409548e+01 3.649630290705352564e+01
3.649630290705352564e+01 3.829622607673105961e+01
3.829622607673105961e+01 4.276659367306866955e+01
4.276659367306866955e+01 3.527499000470434964e+01
3.527499000470434964e+01 3.641478708756329752e+01
3.641478708756329752e+01 3.819542760116470959e+01
3.819542760116470959e+01 4.258358261382677057e+01
4.258358261382677057e+01 3.546044626483011797e+01
3.546044626483011797e+01 3.671053214771553286e+01
3.671053214771553286e+01 3.866795601990482822e+01
3.866795601990482822e+01 4.476854682699990207e+01
4.476854682699990207e+01 3.287824267662033151e+01
3.287824267662033151e+01 3.341109008761792865e+01
3.341109008761792865e+01 3.403424252105602932e+01
3.403424252105602932e+01 3.483049590246936589e+01
3.483049590246936589e+01 3.588778757556698196e+01
3.588778757556698196e+01 3.731125992176633588e+01
3.731125992176633588e+01 3.986608524235217033e+01
3.986608524235217033e+01 3.993136459344264466e+01
3.993136459344264466e+01 3.968833813395122689e+01
3.968833813395122689e+01 4.011231493579496998e+01
4.011231493579496998e+01 3.926052367365523565e+01
3.926052367365523565e+01 4.127150571999769824e+01
4.127150571999769824e+01 3.737228097194333287e+01
3.737228097194333287e+01 4.011873965569093770e+01
4.011873965569093770e+01 3.934780939144495449e+01
3.934780939144495449e+01 4.106251197157961741e+01
4.106251197157961741e+01 3.772326337220042802e+01
3.772326337220042802e+01 4.095745489608780332e+01
4.095745489608780332e+01 3.781647856428749321e+01
3.781647856428749321e+01 4.111596992667367090e+01
4.111596992667367090e+01 3.764537352315925034e+01
3.764537352315925034e+01 4.073530897156578590e+01
4.073530897156578590e+01 3.817247977896916922e+01
3.817247977896916922e+01 4.234402895613875728e+01
4.234402895613875728e+01 3.587071844637875984e+01
3.587071844637875984e+01 3.726999142791184738e+01
3.726999142791184738e+01 3.978972246040535765e+01
3.978972246040535765e+01 4.012963532809904876e+01
4.012963532809904876e+01 3.925520002819448706e+01
3.925520002819448706e+01 4.151800838003467220e+01
4.151800838003467220e+01 3.701111144907196859e+01
3.701111144907196859e+01 3.930443159652734408e+01
3.930443159652734408e+01 4.124238231002905053e+01
4.124238231002905053e+01 3.734780711228543026e+01
3.734780711228543026e+01 4.001386621594934923e+01
4.001386621594934923e+01 3.946699500492381674e+01
3.946699500492381674e+01 4.072547678078691291e+01
4.072547678078691291e+01 3.818892760458682289e+01
3.818892760458682289e+01 4.237987589934626698e+01
4.237987589934626698e+01 3.581272490712063927e+01
3.581272490712063927e+01 3.718906034551238804e+01
3.718906034551238804e+01 3.962269345280950006e+01
3.962269345280950006e+01 4.051051954038947400e+01
4.051051954038947400e+01 3.863231735893681673e+01
3.863231735893681673e+01 4.517634065468527638e+01
4.517634065468527638e+01 3.240183049111487179e+01
3.240183049111487179e+01 3.284609184080190403e+01
3.284609184080190403e+01 3.335961910873171377e+01
3.335961910873171377e+01 3.397446218677639962e+01
3.397446218677639962e+01 3.475444653799494432e+01
3.475444653799494432e+01 3.578249587441860768e+01
3.578249587441860768e+01 3.722797198694353682e+01
3.722797198694353682e+01 3.965221355373981993e+01
3.965221355373981993e+01 4.021093909998180749e+01
4.021093909998180749e+01 3.909403205690451699e+01
3.909403205690451699e+01 4.205908484561920346e+01
4.205908484561920346e+01 3.623726520694608411e+01
3.623726520694608411e+01 3.791076740663453393e+01
3.791076740663453393e+01 4.135823806124495405e+01
4.135823806124495405e+01 3.725315112093216641e+01
3.725315112093216641e+01 3.982118283808521397e+01
3.982118283808521397e+01 3.993626305502000662e+01
3.993626305502000662e+01 3.967296704445020339e+01
3.967296704445020339e+01 4.014886456975254703e+01
4.014886456975254703e+01 3.918296391979155402e+01
3.918296391979155402e+01 4.149060454531194608e+01
4.149060454531194608e+01 3.700023723490799910e+01
3.700023723490799910e+01 3.924398668420092662e+01
3.924398668420092662e+01 4.153702001265175880e+01
4.153702001265175880e+01 3.699024113178882800e+01
3.699024113178882800e+01 3.927803626741304299e+01
3.927803626741304299e+01 4.136383377268842310e+01
4.136383377268842310e+01 3.714743066967013618e+01
3.714743066967013618e+01 3.948681489981530746e+01
3.948681489981530746e+01 4.073711340229646538e+01
4.073711340229646538e+01 3.827731482558655074e+01
3.827731482558655074e+01 4.282303225420255899e+01
4.282303225420255899e+01 3.523017838485109365e+01
3.523017838485109365e+01 3.635120412510677568e+01
3.635120412510677568e+01 3.810017180801163761e+01
3.810017180801163761e+01 4.219549441785581223e+01
4.219549441785581223e+01 3.606638827405046044e+01
3.606638827405046044e+01 3.756056007490762738e+01
3.756056007490762738e+01 4.051316908528247041e+01
4.051316908528247041e+01 3.853622183410214319e+01
3.853622183410214319e+01 4.546757793746106557e+01
4.546757793746106557e+01 3.207964598662840672e+01
3.207964598662840672e+01 3.249231651607131965e+01
3.249231651607131965e+01 3.294631445110759671e+01
3.294631445110759671e+01 3.346543895016022674e+01
3.346543895016022674e+01 3.411119417274892385e+01
3.411119417274892385e+01 3.492070521676833295e+01
3.492070521676833295e+01 3.598856616207790893e+01
3.598856616207790893e+01 3.745712157458564207e+01
3.745712157458564207e+01 4.028171848625648721e+01
4.028171848625648721e+01 3.899998499202406776e+01
3.899998499202406776e+01 4.215134725886640155e+01
4.215134725886640155e+01 3.604218003912620816e+01
3.604218003912620816e+01 3.758362498386101436e+01
3.758362498386101436e+01 4.045617752503589060e+01
4.045617752503589060e+01 3.861729722822795452e+01
3.861729722822795452e+01 4.488705221222451769e+01
4.488705221222451769e+01 3.271713402354082234e+01
3.271713402354082234e+01 3.324675556936886522e+01
3.324675556936886522e+01 3.383736139274665788e+01
3.383736139274665788e+01 3.456549815532918046e+01
3.456549815532918046e+01 3.546379155577391629e+01
3.546379155577391629e+01 3.670753619940666823e+01
3.670753619940666823e+01 3.870407828733209499e+01
3.870407828733209499e+01 4.432952462296373142e+01
4.432952462296373142e+01 3.334374812397388865e+01
3.334374812397388865e+01 3.397706519870728670e+01
3.397706519870728670e+01 3.473743424465824603e+01
3.473743424465824603e+01 3.568572692679443037e+01
3.568572692679443037e+01 3.705277193937180868e+01
3.705277193937180868e+01 3.941019939841911679e+01
3.941019939841911679e+01 4.099549248613200803e+01
