x	y
5.439741019042790171e+00 7.306846184788721388e+00
7.306846184788721388e+00 2.876122021478654478e+00
2.876122021478654478e+00 5.376674255372860145e+00
5.376674255372860145e+00 7.384076605619113387e+00
7.384076605619113387e+00 2.675414295263591313e+00
2.675414295263591313e+00 5.075682985674660586e+00
5.075682985674660586e+00 7.627749133424559957e+00
7.627749133424559957e+00 2.074174103841146088e+00
2.074174103841146088e+00 4.231352877596302520e+00
4.231352877596302520e+00 7.298802754110649715e+00
7.298802754110649715e+00 2.893343730491247268e+00
2.893343730491247268e+00 5.396253206290079873e+00
5.396253206290079873e+00 7.360889490674168201e+00
7.360889490674168201e+00 2.734833077566089177e+00
2.734833077566089177e+00 5.163640903550748007e+00
5.163640903550748007e+00 7.578043104348955339e+00
7.578043104348955339e+00 2.195509275406137384e+00
2.195509275406137384e+00 4.420490823358091959e+00
4.420490823358091959e+00 7.479497555253251662e+00
7.479497555253251662e+00 2.437920869109950317e+00
2.437920869109950317e+00 4.721583721423018076e+00
4.721583721423018076e+00 7.655933658023690747e+00
7.655933658023690747e+00 2.003209302655882151e+00
2.003209302655882151e+00 4.153637205784349362e+00
4.153637205784349362e+00 7.212493347893121687e+00
7.212493347893121687e+00 3.107746593731192331e+00
3.107746593731192331e+00 5.725953144811434470e+00
5.725953144811434470e+00 6.817534638581368434e+00
6.817534638581368434e+00 4.167128106616943661e+00
4.167128106616943661e+00 7.222989966695136488e+00
7.222989966695136488e+00 3.080552482611609744e+00
3.080552482611609744e+00 5.688344072543722874e+00
5.688344072543722874e+00 6.887807741207619294e+00
6.887807741207619294e+00 3.980117108830139472e+00
3.980117108830139472e+00 6.997340631516155263e+00
6.997340631516155263e+00 3.673389262538416578e+00
3.673389262538416578e+00 6.579462495246594322e+00
6.579462495246594322e+00 4.772848212257659206e+00
4.772848212257659206e+00 7.667976183406753243e+00
7.667976183406753243e+00 1.970611029920242396e+00
1.970611029920242396e+00 4.120335742218926178e+00
4.120335742218926178e+00 7.173699320486427666e+00
7.173699320486427666e+00 3.206301666278256857e+00
3.206301666278256857e+00 5.879273121471745078e+00
5.879273121471745078e+00 6.519818754183134502e+00
6.519818754183134502e+00 4.967564669872306382e+00
4.967564669872306382e+00 7.672362768246079767e+00
7.672362768246079767e+00 1.961247033031027875e+00
1.961247033031027875e+00 4.109363123117722338e+00
4.109363123117722338e+00 7.160816567886609363e+00
7.160816567886609363e+00 3.241299443145959192e+00
3.241299443145959192e+00 5.930848423775633371e+00
5.930848423775633371e+00 6.410260763428827779e+00
6.410260763428827779e+00 5.258058208538998635e+00
5.258058208538998635e+00 7.518642219499548141e+00
7.518642219499548141e+00 2.339532410702239940e+00
2.339532410702239940e+00 4.595231459993906142e+00
4.595231459993906142e+00 7.601055276764601132e+00
7.601055276764601132e+00 2.136796096906139475e+00
2.136796096906139475e+00 4.324583270239076960e+00
4.324583270239076960e+00 7.394972391583450211e+00
7.394972391583450211e+00 2.641400362716046946e+00
2.641400362716046946e+00 5.020177417926964480e+00
5.020177417926964480e+00 7.655578491719369438e+00
7.655578491719369438e+00 2.003289524407788402e+00
2.003289524407788402e+00 4.159745508214730769e+00
4.159745508214730769e+00 7.219547820954006490e+00
7.219547820954006490e+00 3.090208880658110502e+00
3.090208880658110502e+00 5.698860014409840247e+00
5.698860014409840247e+00 6.866374220127100081e+00
6.866374220127100081e+00 4.035466557320718017e+00
4.035466557320718017e+00 7.066770594721051069e+00
7.066770594721051069e+00 3.489003863722785592e+00
3.489003863722785592e+00 6.308643102634526656e+00
6.308643102634526656e+00 5.497310774700457259e+00
5.497310774700457259e+00 7.228626440310855550e+00
7.228626440310855550e+00 3.079403909966739405e+00
3.079403909966739405e+00 5.686321840714985143e+00
5.686321840714985143e+00 6.890743327122953232e+00
6.890743327122953232e+00 3.970313428162815406e+00
3.970313428162815406e+00 6.984779152281608283e+00
6.984779152281608283e+00 3.704130930033569413e+00
3.704130930033569413e+00 6.623075454201138967e+00
6.623075454201138967e+00 4.662459991794629666e+00
4.662459991794629666e+00 7.627318535799466837e+00
7.627318535799466837e+00 2.071783000060499980e+00
2.071783000060499980e+00 4.232865682376197647e+00
4.232865682376197647e+00 7.300420418570877423e+00
7.300420418570877423e+00 2.889493287770257712e+00
2.889493287770257712e+00 5.390419798998824952e+00
5.390419798998824952e+00 7.368851450697692762e+00
7.368851450697692762e+00 2.714781630511969190e+00
2.714781630511969190e+00 5.133658526926650367e+00
5.133658526926650367e+00 7.597011126407049453e+00
7.597011126407049453e+00 2.154379000015772760e+00
2.154379000015772760e+00 4.336654997245032561e+00
4.336654997245032561e+00 7.406179427991719244e+00
7.406179427991719244e+00 2.621547052492876784e+00
2.621547052492876784e+00 4.987260314201003020e+00
4.987260314201003020e+00 7.665687357969596327e+00
7.665687357969596327e+00 1.980453660634489577e+00
1.980453660634489577e+00 4.116397590677649099e+00
4.116397590677649099e+00 7.169383091772044914e+00
7.169383091772044914e+00 3.217586119492056973e+00
3.217586119492056973e+00 5.898201966361039439e+00
5.898201966361039439e+00 6.483968829186478544e+00
6.483968829186478544e+00 5.062529125036287603e+00
5.062529125036287603e+00 7.641296895401914924e+00
7.641296895401914924e+00 2.038535279966797731e+00
2.038535279966797731e+00 4.201721791241087800e+00
4.201721791241087800e+00 7.266768811791100013e+00
7.266768811791100013e+00 2.976212017065524851e+00
2.976212017065524851e+00 5.523104817930627242e+00
5.523104817930627242e+00 7.187813783710788940e+00
7.187813783710788940e+00 3.187260020370711544e+00
3.187260020370711544e+00 5.850823873802961650e+00
5.850823873802961650e+00 6.574527608145720237e+00
6.574527608145720237e+00 4.824114022497314913e+00
4.824114022497314913e+00 7.673380723465787590e+00
7.673380723465787590e+00 1.958321043403654427e+00
1.958321043403654427e+00 4.092604895504042162e+00
4.092604895504042162e+00 7.141128169020825922e+00
7.141128169020825922e+00 3.297523805936626751e+00
3.297523805936626751e+00 6.019761772691794022e+00
6.019761772691794022e+00 6.211560204614706038e+00
6.211560204614706038e+00 5.774181282423408668e+00
5.774181282423408668e+00 6.761023578097591802e+00
6.761023578097591802e+00 4.319484178638647087e+00
4.319484178638647087e+00 7.381470600748318844e+00
7.381470600748318844e+00 2.680463599891821147e+00
2.680463599891821147e+00 5.081752572972946247e+00
5.081752572972946247e+00 7.629626035284052143e+00
7.629626035284052143e+00 2.066899006711713671e+00
2.066899006711713671e+00 4.236753580590069568e+00
4.236753580590069568e+00 7.304663494850458960e+00
7.304663494850458960e+00 2.873379877400828786e+00
2.873379877400828786e+00 5.377970780032335973e+00
5.377970780032335973e+00 7.382230977338731570e+00
7.382230977338731570e+00 2.679561904114491355e+00
2.679561904114491355e+00 5.082144772660189602e+00
5.082144772660189602e+00 7.624699945875862639e+00
7.624699945875862639e+00 2.078610165792694087e+00
2.078610165792694087e+00 4.257154039127388323e+00
4.257154039127388323e+00 7.326469437596583312e+00
7.326469437596583312e+00 2.820650142516846426e+00
2.820650142516846426e+00 5.292931440451845937e+00
5.292931440451845937e+00 7.472197377945671626e+00
7.472197377945671626e+00 2.461999835652839419e+00
2.461999835652839419e+00 4.759642037898670353e+00
4.759642037898670353e+00 7.665899751878992419e+00
7.665899751878992419e+00 1.979773252157231322e+00
1.979773252157231322e+00 4.131280871456407766e+00
4.131280871456407766e+00 7.186466349846663881e+00
7.186466349846663881e+00 3.163636207888565810e+00
3.163636207888565810e+00 5.816903112969899148e+00
5.816903112969899148e+00 6.652946663908239522e+00
6.652946663908239522e+00 4.609957261105770421e+00
4.609957261105770421e+00 7.603274504330073569e+00
7.603274504330073569e+00 2.131380546792553510e+00
2.131380546792553510e+00 4.317654178663924647e+00
4.317654178663924647e+00 7.388163796581936005e+00
7.388163796581936005e+00 2.665645134726836840e+00
2.665645134726836840e+00 5.052721449428948297e+00
5.052721449428948297e+00 7.642850027579703109e+00
7.642850027579703109e+00 2.034427605124096594e+00
2.034427605124096594e+00 4.196736319674967852e+00
4.196736319674967852e+00 7.261148238556964785e+00
7.261148238556964785e+00 2.987720201512872986e+00
2.987720201512872986e+00 5.540840819855264776e+00
5.540840819855264776e+00 7.159549304307192052e+00
7.159549304307192052e+00 3.260231137369594911e+00
3.260231137369594911e+00 5.962888827193090435e+00
5.962888827193090435e+00 6.305768046383859904e+00
6.305768046383859904e+00 5.532328439392332875e+00
5.532328439392332875e+00 7.177985735840815451e+00
7.177985735840815451e+00 3.210401467080647997e+00
3.210401467080647997e+00 5.883568411231610895e+00
5.883568411231610895e+00 6.511004429810484773e+00
6.511004429810484773e+00 4.991001005219361630e+00
4.991001005219361630e+00 7.663751295493788085e+00
7.663751295493788085e+00 1.985046855603438187e+00
1.985046855603438187e+00 4.124416571457059533e+00
4.124416571457059533e+00 7.178386070424502385e+00
7.178386070424502385e+00 3.193095651552784187e+00
3.193095651552784187e+00 5.860481348673599378e+00
5.860481348673599378e+00 6.563450865461724071e+00
6.563450865461724071e+00 4.850103829252272014e+00
4.850103829252272014e+00 7.679846806509897483e+00
7.679846806509897483e+00 1.944119138470353114e+00
1.944119138470353114e+00 4.077192647511050261e+00
4.077192647511050261e+00 7.122562010068329563e+00
7.122562010068329563e+00 3.342557384817689936e+00
3.342557384817689936e+00 6.088067509063916916e+00
6.088067509063916916e+00 6.037532441003447659e+00
6.037532441003447659e+00 6.188504587322884554e+00
6.188504587322884554e+00 5.830425310942307426e+00
5.830425310942307426e+00 6.649176764846352228e+00
6.649176764846352228e+00 4.621103986253313423e+00
4.621103986253313423e+00 7.609166148309968847e+00
7.609166148309968847e+00 2.117243539808673081e+00
2.117243539808673081e+00 4.299964915411466748e+00
4.299964915411466748e+00 7.369909922971212168e+00
7.369909922971212168e+00 2.711142179280139342e+00
2.711142179280139342e+00 5.128123960737140941e+00
5.128123960737140941e+00 7.600261960510096060e+00
7.600261960510096060e+00 2.139263592119676982e+00
2.139263592119676982e+00 4.327928414104390775e+00
4.327928414104390775e+00 7.396557143013576585e+00
7.396557143013576585e+00 2.643919695805940773e+00
2.643919695805940773e+00 5.028633952125812101e+00
5.028633952125812101e+00 7.652521878157590329e+00
7.652521878157590329e+00 2.010903870107161318e+00
2.010903870107161318e+00 4.168195703820324560e+00
4.168195703820324560e+00 7.229518011710300840e+00
7.229518011710300840e+00 3.071840255180128931e+00
3.071840255180128931e+00 5.669856880560883106e+00
5.669856880560883106e+00 6.936188020871468574e+00
6.936188020871468574e+00 3.851895933352142976e+00
3.851895933352142976e+00 6.828556333720849025e+00
6.828556333720849025e+00 4.125459272548654965e+00
4.125459272548654965e+00 7.173945104465167866e+00
7.173945104465167866e+00 3.204625609173940237e+00
3.204625609173940237e+00 5.877041267937756608e+00
5.877041267937756608e+00 6.524311681435258414e+00
6.524311681435258414e+00 4.955667608013191838e+00
4.955667608013191838e+00 7.674432827952833769e+00
7.674432827952833769e+00 1.956395978310499384e+00
1.956395978310499384e+00 4.103456887109859785e+00
4.103456887109859785e+00 7.153768869929121976e+00
7.153768869929121976e+00 3.262805077283901234e+00
3.262805077283901234e+00 5.963586377859942722e+00
5.963586377859942722e+00 6.338433672496750049e+00
6.338433672496750049e+00 5.444835361665687046e+00
5.444835361665687046e+00 7.312827957528005740e+00
7.312827957528005740e+00 2.863273320287480495e+00
2.863273320287480495e+00 5.356510599938576256e+00
5.356510599938576256e+00 7.407344108018135032e+00
7.407344108018135032e+00 2.615964511557142380e+00
2.615964511557142380e+00 4.988573578954907717e+00
4.988573578954907717e+00 7.665327894039791978e+00
7.665327894039791978e+00 1.981014227638815850e+00
1.981014227638815850e+00 4.118612627361200040e+00
4.118612627361200040e+00 7.172069451428084719e+00
7.172069451428084719e+00 3.215762222290289518e+00
3.215762222290289518e+00 5.893739060690132980e+00
5.893739060690132980e+00 6.489658323340425028e+00
6.489658323340425028e+00 5.047879128772414958e+00
5.047879128772414958e+00 7.646496513918616955e+00
7.646496513918616955e+00 2.025681902842881854e+00
2.025681902842881854e+00 4.186283960666491666e+00
4.186283960666491666e+00 7.249515924010327517e+00
7.249515924010327517e+00 3.015039324854600356e+00
3.015039324854600356e+00 5.583116525165246813e+00
5.583116525165246813e+00 7.087649161859982172e+00
7.087649161859982172e+00 3.445946756657950250e+00
3.445946756657950250e+00 6.244736640445485598e+00
6.244736640445485598e+00 5.650526431364494506e+00
5.650526431364494506e+00 6.983465665127988942e+00
6.983465665127988942e+00 3.718594433899581553e+00
3.718594433899581553e+00 6.643460315783944026e+00
6.643460315783944026e+00 4.612638982237880825e+00
4.612638982237880825e+00 7.603425264729103183e+00
7.603425264729103183e+00 2.130439814135716148e+00
2.130439814135716148e+00 4.312688734278694369e+00
4.312688734278694369e+00 7.382145482231798894e+00
7.382145482231798894e+00 2.678784441565389862e+00
2.678784441565389862e+00 5.079249596980621284e+00
5.079249596980621284e+00 7.630867460768882005e+00
7.630867460768882005e+00 2.063861753031125623e+00
2.063861753031125623e+00 4.232976428771541677e+00
4.232976428771541677e+00 7.300628531474367300e+00
7.300628531474367300e+00 2.887992932410972990e+00
2.887992932410972990e+00 5.391071424438502291e+00
5.391071424438502291e+00 7.366523820184277760e+00
7.366523820184277760e+00 2.719617651756800036e+00
2.719617651756800036e+00 5.141475063701876458e+00
5.141475063701876458e+00 7.592295789365499203e+00
7.592295789365499203e+00 2.166115205773651020e+00
2.166115205773651020e+00 4.349220276927139750e+00
4.349220276927139750e+00 7.418531151360176601e+00
7.418531151360176601e+00 2.588218535043243396e+00
2.588218535043243396e+00 4.945440126227917510e+00
4.945440126227917510e+00 7.674627016959177261e+00
7.674627016959177261e+00 1.953225941162040735e+00
1.953225941162040735e+00 4.102382042070617629e+00
4.102382042070617629e+00 7.152198900963784745e+00
7.152198900963784745e+00 3.266305001290154220e+00
3.266305001290154220e+00 5.972150961524183010e+00
5.972150961524183010e+00 6.319366173843050660e+00
6.319366173843050660e+00 5.492546325158043530e+00
5.492546325158043530e+00 7.239927317648222171e+00
7.239927317648222171e+00 3.051212122212413114e+00
3.051212122212413114e+00 5.638808604122488077e+00
5.638808604122488077e+00 6.979590075463421250e+00
6.979590075463421250e+00 3.735934132690131193e+00
3.735934132690131193e+00 6.668029167663810597e+00
6.668029167663810597e+00 4.550828491662432640e+00
4.550828491662432640e+00 7.568110553162946452e+00
7.568110553162946452e+00 2.216662424975131884e+00
2.216662424975131884e+00 4.425752879553343178e+00
4.425752879553343178e+00 7.484609421794566231e+00
7.484609421794566231e+00 2.424430641408281684e+00
2.424430641408281684e+00 4.712269824569440324e+00
4.712269824569440324e+00 7.651634741142904872e+00
7.651634741142904872e+00 2.014374341439086002e+00
2.014374341439086002e+00 4.171371086001531836e+00
4.171371086001531836e+00 7.232733733111586183e+00
7.232733733111586183e+00 3.057586541101597000e+00
3.057586541101597000e+00 5.648497694203643782e+00
5.648497694203643782e+00 6.962659759449786989e+00
6.962659759449786989e+00 3.779449431200496701e+00
3.779449431200496701e+00 6.729206036006537772e+00
6.729206036006537772e+00 4.371602782380559660e+00
4.371602782380559660e+00 7.429879888201931237e+00
7.429879888201931237e+00 2.559742725602167202e+00
2.559742725602167202e+00 4.903579903230870229e+00
4.903579903230870229e+00 7.679403254197614714e+00
7.679403254197614714e+00 1.946516817299987157e+00
1.946516817299987157e+00 4.081646956199783460e+00
4.081646956199783460e+00 7.127926111840277912e+00
7.127926111840277912e+00 3.330966551282064980e+00
3.330966551282064980e+00 6.070071144619367587e+00
6.070071144619367587e+00 6.094426280038694799e+00
6.094426280038694799e+00 6.060957531667179765e+00
6.060957531667179765e+00 6.140452307342066263e+00
6.140452307342066263e+00 5.949772346504649256e+00
5.949772346504649256e+00 6.394878389846098798e+00
6.394878389846098798e+00 5.298452235864602677e+00
5.298452235864602677e+00 7.482543623660530052e+00
7.482543623660530052e+00 2.422225085496096941e+00
2.422225085496096941e+00 4.714263416625986025e+00
4.714263416625986025e+00 7.652371288167717722e+00
7.652371288167717722e+00 2.012397905121920072e+00
2.012397905121920072e+00 4.169478534223793886e+00
4.169478534223793886e+00 7.230581368240851070e+00
7.230581368240851070e+00 3.061817425444175456e+00
3.061817425444175456e+00 5.655270738423350707e+00
5.655270738423350707e+00 6.951811786044277852e+00
6.951811786044277852e+00 3.804157221931070421e+00
3.804157221931070421e+00 6.763893602511219960e+00
6.763893602511219960e+00 4.296576814788203080e+00
4.296576814788203080e+00 7.359299790951893350e+00
7.359299790951893350e+00 2.737652376899712525e+00
2.737652376899712525e+00 5.161023677593070680e+00
5.161023677593070680e+00 7.579188805626354331e+00
7.579188805626354331e+00 2.198670586921871006e+00
2.198670586921871006e+00 4.393115552731434725e+00
4.393115552731434725e+00 7.457756867173910287e+00
7.457756867173910287e+00 2.483947312854121847e+00
2.483947312854121847e+00 4.797921595264248218e+00
4.797921595264248218e+00 7.673423786902519694e+00
7.673423786902519694e+00 1.960990261501903253e+00
1.960990261501903253e+00 4.105071662914816066e+00
4.105071662914816066e+00 7.156015257405513807e+00
7.156015257405513807e+00 3.257304415722320101e+00
3.257304415722320101e+00 5.958257183748678187e+00
5.958257183748678187e+00 6.349620465193826391e+00
6.349620465193826391e+00 5.415809644580752646e+00
5.415809644580752646e+00 7.349773211671295492e+00
7.349773211671295492e+00 2.770153605062759095e+00
2.770153605062759095e+00 5.215485513698745024e+00
5.215485513698745024e+00 7.543224094769047205e+00
7.543224094769047205e+00 2.279235319093593670e+00
2.279235319093593670e+00 4.513935626354203201e+00
4.513935626354203201e+00 7.550429350959316999e+00
7.550429350959316999e+00 2.258776907680428714e+00
2.258776907680428714e+00 4.478639342217840991e+00
4.478639342217840991e+00 7.524929128034115955e+00
7.524929128034115955e+00 2.321905955262264953e+00
2.321905955262264953e+00 4.575972095584621258e+00
4.575972095584621258e+00 7.588929141913849818e+00
7.588929141913849818e+00 2.165769387583617700e+00
2.165769387583617700e+00 4.358559694985299160e+00
4.358559694985299160e+00 7.426556995140104256e+00
7.426556995140104256e+00 2.567193203952070846e+00
2.567193203952070846e+00 4.912277254122716208e+00
4.912277254122716208e+00 7.678754948179884465e+00
7.678754948179884465e+00 1.946565411084359321e+00
1.946565411084359321e+00 4.087754221214899175e+00
4.087754221214899175e+00 7.135297301725156416e+00
7.135297301725156416e+00 3.310319060961353976e+00
3.310319060961353976e+00 6.041309386973103379e+00
6.041309386973103379e+00 6.160965550287738068e+00
6.160965550287738068e+00 5.888715879179357238e+00
5.888715879179357238e+00 6.523466347536893473e+00
6.523466347536893473e+00 4.957930870465191653e+00
4.957930870465191653e+00 7.674057450247973478e+00
7.674057450247973478e+00 1.957283459884445076e+00
1.957283459884445076e+00 4.104531728253030032e+00
4.104531728253030032e+00 7.155028540625334443e+00
7.155028540625334443e+00 3.254770597989959935e+00
3.254770597989959935e+00 5.953358344929331913e+00
5.953358344929331913e+00 6.361072822624413980e+00
6.361072822624413980e+00 5.386584605601856701e+00
5.386584605601856701e+00 7.387455507402617805e+00
7.387455507402617805e+00 2.667045013472247206e+00
2.667045013472247206e+00 5.063190033917496891e+00
5.063190033917496891e+00 7.638176972922678054e+00
7.638176972922678054e+00 2.045759562320420333e+00
2.045759562320420333e+00 4.210732290678883771e+00
4.210732290678883771e+00 7.276531854023020607e+00
7.276531854023020607e+00 2.949335073674169472e+00
2.949335073674169472e+00 5.481864204197971269e+00
5.481864204197971269e+00 7.248689811118174120e+00
7.248689811118174120e+00 3.031825659579866272e+00
3.031825659579866272e+00 5.611656161981919411e+00
5.611656161981919411e+00 7.045896990625045930e+00
7.045896990625045930e+00 3.560719279760724998e+00
3.560719279760724998e+00 6.415003600878016243e+00
6.415003600878016243e+00 5.214935667864335045e+00
5.214935667864335045e+00 7.555546795414935346e+00
7.555546795414935346e+00 2.251279488120995875e+00
2.251279488120995875e+00 4.471050618204384541e+00
4.471050618204384541e+00 7.520293215522150021e+00
7.520293215522150021e+00 2.336767878448184454e+00
2.336767878448184454e+00 4.590100569348493309e+00
4.590100569348493309e+00 7.597786463151687819e+00
7.597786463151687819e+00 2.143950209074946933e+00
2.143950209074946933e+00 4.324822990507357190e+00
4.324822990507357190e+00 7.394043550561676170e+00
7.394043550561676170e+00 2.650281136075937738e+00
2.650281136075937738e+00 5.037414579501349188e+00
5.037414579501349188e+00 7.649158520565261909e+00
7.649158520565261909e+00 2.019121911745728415e+00
2.019121911745728415e+00 4.177990767010671291e+00
4.177990767010671291e+00 7.240314125476739804e+00
7.240314125476739804e+00 3.042477452520730541e+00
3.042477452520730541e+00 5.624636630090351197e+00
5.624636630090351197e+00 7.023254909228592524e+00
7.023254909228592524e+00 3.620571249855654372e+00
3.620571249855654372e+00 6.502477712352929373e+00
6.502477712352929373e+00 4.986873298872133375e+00
4.986873298872133375e+00 7.665880472277735613e+00
7.665880472277735613e+00 1.982027806408984905e+00
1.982027806408984905e+00 4.132549925472059904e+00
4.132549925472059904e+00 7.188588441033347820e+00
7.188588441033347820e+00 3.173884044528983317e+00
3.173884044528983317e+00 5.829647918836250220e+00
5.829647918836250220e+00 6.621467880358641089e+00
6.621467880358641089e+00 4.693335994282750612e+00
4.693335994282750612e+00 7.642310854311590518e+00
7.642310854311590518e+00 2.036340146695485132e+00
2.036340146695485132e+00 4.190022990170229278e+00
4.190022990170229278e+00 7.253689725659387300e+00
7.253689725659387300e+00 3.005620804872384699e+00
3.005620804872384699e+00 5.568479546625029641e+00
5.568479546625029641e+00 7.113662949144151426e+00
7.113662949144151426e+00 3.378314051359438075e+00
3.378314051359438075e+00 6.142671817216362129e+00
6.142671817216362129e+00 5.906127053126191129e+00
5.906127053126191129e+00 6.485294915962622753e+00
6.485294915962622753e+00 5.065157224434615912e+00
5.065157224434615912e+00 7.642907922070163451e+00
7.642907922070163451e+00 2.036189620516131171e+00
2.036189620516131171e+00 4.193749893826073993e+00
4.193749893826073993e+00 7.257838022032897740e+00
7.257838022032897740e+00 2.995980013350459270e+00
2.995980013350459270e+00 5.553542728795232364e+00
5.553542728795232364e+00 7.138872611166774185e+00
7.138872611166774185e+00 3.313192212464548536e+00
3.313192212464548536e+00 6.043768344969608464e+00
6.043768344969608464e+00 6.156475175109387798e+00
6.156475175109387798e+00 5.903062006443447807e+00
5.903062006443447807e+00 6.487372399221015939e+00
6.487372399221015939e+00 5.058305813494860637e+00
5.058305813494860637e+00 7.644975338654652397e+00
7.644975338654652397e+00 2.030364172893170061e+00
2.030364172893170061e+00 4.186870433440899042e+00
4.186870433440899042e+00 7.250174109720983751e+00
7.250174109720983751e+00 3.014477477975944897e+00
3.014477477975944897e+00 5.582085242581584339e+00
5.582085242581584339e+00 7.090085075304351392e+00
7.090085075304351392e+00 3.439928449216829165e+00
3.439928449216829165e+00 6.235603530432340946e+00
6.235603530432340946e+00 5.673497006867425085e+00
5.673497006867425085e+00 6.942643354700622105e+00
6.942643354700622105e+00 3.834091102570636345e+00
3.834091102570636345e+00 6.804307104767921111e+00
6.804307104767921111e+00 4.189240928366674055e+00
4.189240928366674055e+00 7.246420325049454547e+00
7.246420325049454547e+00 3.028171925214245608e+00
3.028171925214245608e+00 5.602807762428247962e+00
5.602807762428247962e+00 7.054021313403744387e+00
7.054021313403744387e+00 3.535425050203134134e+00
3.535425050203134134e+00 6.377966585169129843e+00
6.377966585169129843e+00 5.311081457755640223e+00
5.311081457755640223e+00 7.470616977716144191e+00
7.470616977716144191e+00 2.468655275200243082e+00
2.468655275200243082e+00 4.765330005182667250e+00
4.765330005182667250e+00 7.667700752786442919e+00
7.667700752786442919e+00 1.971025775668029389e+00
1.971025775668029389e+00 4.120768602651619261e+00
4.120768602651619261e+00 7.174447683790962316e+00
7.174447683790962316e+00 3.214323717907336952e+00
3.214323717907336952e+00 5.888786182062267116e+00
5.888786182062267116e+00 6.500042898142559977e+00
6.500042898142559977e+00 5.020231062748858442e+00
5.020231062748858442e+00 7.655799880314952510e+00
7.655799880314952510e+00 1.999428093971526099e+00
1.999428093971526099e+00 4.190297925453307037e+00
4.190297925453307037e+00 7.253992544476904669e+00
7.253992544476904669e+00 3.004406138092314382e+00
3.004406138092314382e+00 5.566679158991277632e+00
5.566679158991277632e+00 7.116573163379648292e+00
7.116573163379648292e+00 3.370580190726220504e+00
3.370580190726220504e+00 6.130985725331131064e+00
6.130985725331131064e+00 5.934911947365780094e+00
5.934911947365780094e+00 6.422662493272520479e+00
6.422662493272520479e+00 5.230495188958468766e+00
5.230495188958468766e+00 7.543844493584344058e+00
7.543844493584344058e+00 2.283355373195265603e+00
2.283355373195265603e+00 4.513844072913649086e+00
4.513844072913649086e+00 7.549890122923431868e+00
7.549890122923431868e+00 2.262214321997773503e+00
2.262214321997773503e+00 4.488620648734396923e+00
4.488620648734396923e+00 7.533006452678480791e+00
7.533006452678480791e+00 2.306107630254955687e+00
2.306107630254955687e+00 4.548103934238318935e+00
4.548103934238318935e+00 7.572850387677821260e+00
7.572850387677821260e+00 2.205561403406092857e+00
2.205561403406092857e+00 4.409773022799478248e+00
4.409773022799478248e+00 7.471406442135210213e+00
7.471406442135210213e+00 2.450270874018266820e+00
2.450270874018266820e+00 4.750181720996127233e+00
4.750181720996127233e+00 7.662424046931179511e+00
7.662424046931179511e+00 1.983297808654916450e+00
1.983297808654916450e+00 4.122605878058358542e+00
4.122605878058358542e+00 7.176245810728685726e+00
7.176245810728685726e+00 3.198558186555894522e+00
3.198558186555894522e+00 5.868824312454646197e+00
5.868824312454646197e+00 6.545871584990076819e+00
6.545871584990076819e+00 4.897104290779872748e+00
4.897104290779872748e+00 7.681346177544082110e+00
7.681346177544082110e+00 1.936629994462172100e+00
1.936629994462172100e+00 4.089740433819071264e+00
4.089740433819071264e+00 7.137688392645001656e+00
7.137688392645001656e+00 3.305999857013023124e+00
3.305999857013023124e+00 6.032914778666579991e+00
6.032914778666579991e+00 6.181176951068370506e+00
6.181176951068370506e+00 5.849721709478530762e+00
5.849721709478530762e+00 6.609387153147213034e+00
6.609387153147213034e+00 4.727113840982602788e+00
4.727113840982602788e+00 7.654432700988678562e+00
7.654432700988678562e+00 2.004234947919541820e+00
2.004234947919541820e+00 4.155512748754794927e+00
4.155512748754794927e+00 7.214634416005078599e+00
7.214634416005078599e+00 3.102684242742427045e+00
3.102684242742427045e+00 5.718062074216970991e+00
5.718062074216970991e+00 6.831954738705761088e+00
6.831954738705761088e+00 4.129216674961022626e+00
4.129216674961022626e+00 7.179217001902760131e+00
7.179217001902760131e+00 3.194972125431308374e+00
3.194972125431308374e+00 5.859584200345337557e+00
5.859584200345337557e+00 6.560693979108511265e+00
6.560693979108511265e+00 4.858546282816654127e+00
4.858546282816654127e+00 7.679971854958377975e+00
7.679971854958377975e+00 1.944416904397459733e+00
1.944416904397459733e+00 4.075690982842119503e+00
4.075690982842119503e+00 7.120540179601848152e+00
7.120540179601848152e+00 3.347011916983629209e+00
3.347011916983629209e+00 6.097285836031646866e+00
6.097285836031646866e+00 6.028779477006216858e+00
6.028779477006216858e+00 6.215678016054133614e+00
6.215678016054133614e+00 5.763891256184006551e+00
5.763891256184006551e+00 6.780935877726293803e+00
6.780935877726293803e+00 4.265552604813774629e+00
4.265552604813774629e+00 7.328591255348574585e+00
7.328591255348574585e+00 2.815107150381788603e+00
2.815107150381788603e+00 5.284802596901736926e+00
5.284802596901736926e+00 7.480100092554326174e+00
7.480100092554326174e+00 2.442572025632355981e+00
2.442572025632355981e+00 4.732507606035269987e+00
4.732507606035269987e+00 7.658438310329227505e+00
7.658438310329227505e+00 1.997665650899967504e+00
1.997665650899967504e+00 4.152482100970788181e+00
4.152482100970788181e+00 7.211137050246477997e+00
7.211137050246477997e+00 3.108425039392169520e+00
3.108425039392169520e+00 5.729801322831413302e+00
5.729801322831413302e+00 6.820887683363134890e+00
6.820887683363134890e+00 4.157784309292274827e+00
4.157784309292274827e+00 7.211662024050454534e+00
7.211662024050454534e+00 3.109284914285519896e+00
3.109284914285519896e+00 5.728483546318188679e+00
5.728483546318188679e+00 6.821368190668144038e+00
6.821368190668144038e+00 4.155966585515180611e+00
4.155966585515180611e+00 7.210621630484023825e+00
7.210621630484023825e+00 3.113342931805208380e+00
3.113342931805208380e+00 5.738270816398010510e+00
5.738270816398010510e+00 6.813355280542672254e+00
6.813355280542672254e+00 4.177921653696507143e+00
4.177921653696507143e+00 7.234368587233826808e+00
7.234368587233826808e+00 3.057910591601591843e+00
3.057910591601591843e+00 5.648329666872525578e+00
5.648329666872525578e+00 6.979177135824103040e+00
6.979177135824103040e+00 3.736046243656228949e+00
3.736046243656228949e+00 6.668214847963254144e+00
6.668214847963254144e+00 4.546484979624908718e+00
4.546484979624908718e+00 7.565850990713781421e+00
7.565850990713781421e+00 2.225388665216624151e+00
2.225388665216624151e+00 4.429499751924666384e+00
4.429499751924666384e+00 7.486801807752685001e+00
7.486801807752685001e+00 2.411492624394956596e+00
2.411492624394956596e+00 4.695015628193997870e+00
4.695015628193997870e+00 7.647722183058847989e+00
7.647722183058847989e+00 2.022161662458757281e+00
2.022161662458757281e+00 4.171755843837097188e+00
4.171755843837097188e+00 7.233336660760075532e+00
7.233336660760075532e+00 3.060685591584964449e+00
3.060685591584964449e+00 5.652584098313305105e+00
5.652584098313305105e+00 6.970919166266338785e+00
6.970919166266338785e+00 3.759986870943405890e+00
3.759986870943405890e+00 6.701846109310980459e+00
6.701846109310980459e+00 4.462901683801306696e+00
4.462901683801306696e+00 7.507067518024472363e+00
7.507067518024472363e+00 2.368090182537875066e+00
2.368090182537875066e+00 4.632640880168334085e+00
4.632640880168334085e+00 7.618942370761994987e+00
7.618942370761994987e+00 2.079981170201014695e+00
2.079981170201014695e+00 4.260974600423690362e+00
4.260974600423690362e+00 7.330488839575603599e+00
7.330488839575603599e+00 2.810362176097345621e+00
2.810362176097345621e+00 5.277552702127461970e+00
5.277552702127461970e+00 7.486899782003085591e+00
7.486899782003085591e+00 2.425762379460132401e+00
2.425762379460132401e+00 4.709205692509066843e+00
4.709205692509066843e+00 7.650937002518272578e+00
7.650937002518272578e+00 2.011899089020001696e+00
2.011899089020001696e+00 4.169332656399015846e+00
4.169332656399015846e+00 7.230481751433790016e+00
7.230481751433790016e+00 3.064513850367500236e+00
3.064513850367500236e+00 5.658963808203979262e+00
5.658963808203979262e+00 6.958673094610865917e+00
6.958673094610865917e+00 3.792417619747334268e+00
3.792417619747334268e+00 6.747030899443288376e+00
6.747030899443288376e+00 4.343083709108690904e+00
4.343083709108690904e+00 7.404580789220803538e+00
7.404580789220803538e+00 2.619529748345506892e+00
2.619529748345506892e+00 4.987081410720872299e+00
4.987081410720872299e+00 7.665757285500727214e+00
7.665757285500727214e+00 1.980384932330595316e+00
1.980384932330595316e+00 4.116754852587475533e+00
4.116754852587475533e+00 7.169342353056937789e+00
7.169342353056937789e+00 3.214855125845548667e+00
3.214855125845548667e+00 5.893212091232584271e+00
5.893212091232584271e+00 6.490248500737218151e+00
6.490248500737218151e+00 5.046472773074174079e+00
5.046472773074174079e+00 7.646853814690801165e+00
7.646853814690801165e+00 2.024787535731833010e+00
2.024787535731833010e+00 4.185270634570273707e+00
4.185270634570273707e+00 7.248404140877824808e+00
7.248404140877824808e+00 3.023353332746128164e+00
3.023353332746128164e+00 5.595366034210750961e+00
5.595366034210750961e+00 7.067528982999993659e+00
7.067528982999993659e+00 3.499840571967201885e+00
3.499840571967201885e+00 6.325118132954234085e+00
6.325118132954234085e+00 5.446260621575903293e+00
5.446260621575903293e+00 7.313466458943318926e+00
7.313466458943318926e+00 2.858221380039763559e+00
2.858221380039763559e+00 5.349520118097689902e+00
5.349520118097689902e+00 7.414321709087261070e+00
7.414321709087261070e+00 2.595490363936883149e+00
2.595490363936883149e+00 4.960451783384888458e+00
4.960451783384888458e+00 7.671901384407250113e+00
7.671901384407250113e+00 1.963366082799211876e+00
1.963366082799211876e+00 4.098519674959309356e+00
4.098519674959309356e+00 7.147786857493321655e+00
7.147786857493321655e+00 3.269982524678654912e+00
3.269982524678654912e+00 5.977590688043806999e+00
5.977590688043806999e+00 6.307152914144523059e+00
6.307152914144523059e+00 5.524324568411253189e+00
5.524324568411253189e+00 7.197964087709703307e+00
7.197964087709703307e+00 3.161879389258740236e+00
3.161879389258740236e+00 5.811994654295657092e+00
5.811994654295657092e+00 6.655942633278114862e+00
6.655942633278114862e+00 4.602567877376142036e+00
4.602567877376142036e+00 7.599159367964865019e+00
7.599159367964865019e+00 2.141767604701216854e+00
2.141767604701216854e+00 4.329939983977973306e+00
4.329939983977973306e+00 7.398564098310142612e+00
7.398564098310142612e+00 2.638911585272844640e+00
2.638911585272844640e+00 5.020632194234785572e+00
5.020632194234785572e+00 7.655395716154636432e+00
7.655395716154636432e+00 2.003775629151895554e+00
2.003775629151895554e+00 4.160094023209144787e+00
4.160094023209144787e+00 7.219950389218569242e+00
7.219950389218569242e+00 3.089785980037048407e+00
3.089785980037048407e+00 5.701943702004775183e+00
5.701943702004775183e+00 6.862365625560713944e+00
6.862365625560713944e+00 4.048142506421008591e+00
4.048142506421008591e+00 7.082901921308507376e+00
7.082901921308507376e+00 3.443416252791222654e+00
3.443416252791222654e+00 6.240832843994574830e+00
6.240832843994574830e+00 5.660330384699885364e+00
5.660330384699885364e+00 6.967126429041761604e+00
6.967126429041761604e+00 3.761496004001704030e+00
3.761496004001704030e+00 6.703937716044787720e+00
6.703937716044787720e+00 4.455549198496736807e+00
4.455549198496736807e+00 7.501234537548113757e+00
7.501234537548113757e+00 2.382404528170599445e+00
2.382404528170599445e+00 4.653317530618188869e+00
4.653317530618188869e+00 7.628465352399276256e+00
7.628465352399276256e+00 2.056801542547246786e+00
2.056801542547246786e+00 4.232644586329699088e+00
4.232644586329699088e+00 7.300381107062729136e+00
7.300381107062729136e+00 2.883861841837176865e+00
2.883861841837176865e+00 5.392403439150230682e+00
5.392403439150230682e+00 7.366069941537340071e+00
7.366069941537340071e+00 2.724535134357962018e+00
2.724535134357962018e+00 5.148874309680262940e+00
5.148874309680262940e+00 7.587699803452990999e+00
7.587699803452990999e+00 2.175758769277368998e+00
2.175758769277368998e+00 4.369415730286648980e+00
4.369415730286648980e+00 7.435554062633198846e+00
7.435554062633198846e+00 2.545929182422911996e+00
2.545929182422911996e+00 4.886041228808791992e+00
4.886041228808791992e+00 7.680189215444314321e+00
7.680189215444314321e+00 1.944866859069585452e+00
1.944866859069585452e+00 4.078532786323059156e+00
4.078532786323059156e+00 7.124086979597008096e+00
7.124086979597008096e+00 3.344593633245378062e+00
3.344593633245378062e+00 6.088031088706516769e+00
6.088031088706516769e+00 6.051663071305203090e+00
6.051663071305203090e+00 6.162283818690040604e+00
6.162283818690040604e+00 5.896318342061766415e+00
5.896318342061766415e+00 6.511322910673012387e+00
6.511322910673012387e+00 4.989444754096124868e+00
4.989444754096124868e+00 7.664414117259714665e+00
7.664414117259714665e+00 1.983400102171563040e+00
1.983400102171563040e+00 4.122566813029721722e+00
4.122566813029721722e+00 7.176207832586571911e+00
7.176207832586571911e+00 3.203738233882392095e+00
3.203738233882392095e+00 5.872893192652092864e+00
5.872893192652092864e+00 6.533242708778871588e+00
6.533242708778871588e+00 4.931681358692269868e+00
4.931681358692269868e+00 7.678729572762068578e+00
7.678729572762068578e+00 1.946064671997081552e+00
1.946064671997081552e+00 4.091279415227873528e+00
4.091279415227873528e+00 7.139589453196014013e+00
7.139589453196014013e+00 3.298696628294382371e+00
3.298696628294382371e+00 6.021248126617535057e+00
6.021248126617535057e+00 6.206644571715407288e+00
6.206644571715407288e+00 5.786348981780029987e+00
5.786348981780029987e+00 6.737209423920639040e+00
6.737209423920639040e+00 4.381652956861000092e+00
4.381652956861000092e+00 7.440131168893370450e+00
7.440131168893370450e+00 2.528072199544052268e+00
2.528072199544052268e+00 4.861061718261845854e+00
4.861061718261845854e+00 7.680190554187102947e+00
7.680190554187102947e+00 1.942328862273330792e+00
1.942328862273330792e+00 4.083937620560716297e+00
4.083937620560716297e+00 7.130807288837118563e+00
7.130807288837118563e+00 3.321540261684022166e+00
3.321540261684022166e+00 6.056080774994783589e+00
6.056080774994783589e+00 6.126148352285157195e+00
6.126148352285157195e+00 5.984561827852378890e+00
5.984561827852378890e+00 6.316960940022536164e+00
6.316960940022536164e+00 5.499462046216289757e+00
5.499462046216289757e+00 7.227810573375372805e+00
7.227810573375372805e+00 3.085669567650963785e+00
3.085669567650963785e+00 5.691291958133608553e+00
5.691291958133608553e+00 6.880485770378212962e+00
6.880485770378212962e+00 3.997675498242670322e+00
3.997675498242670322e+00 7.019587560795745418e+00
7.019587560795745418e+00 3.613746596321956162e+00
3.613746596321956162e+00 6.492660488153051190e+00
6.492660488153051190e+00 5.007951294306878687e+00
5.007951294306878687e+00 7.661453743951485151e+00
7.661453743951485151e+00 1.991470586728047554e+00
1.991470586728047554e+00 4.134291341114615825e+00
4.134291341114615825e+00 7.189999697837021309e+00
7.189999697837021309e+00 3.169828770655130690e+00
3.169828770655130690e+00 5.820647303705153597e+00
5.820647303705153597e+00 6.639174442463706249e+00
6.639174442463706249e+00 4.646062115958490502e+00
4.646062115958490502e+00 7.621677237000572092e+00
7.621677237000572092e+00 2.085883234930864027e+00
2.085883234930864027e+00 4.256742091956513541e+00
4.256742091956513541e+00 7.325801104566169286e+00
7.325801104566169286e+00 2.822644698972842203e+00
2.822644698972842203e+00 5.295534348754157072e+00
5.295534348754157072e+00 7.469522506773805581e+00
7.469522506773805581e+00 2.468445702094753891e+00
2.468445702094753891e+00 4.768660826738077674e+00
4.768660826738077674e+00 7.667793185086511976e+00
7.667793185086511976e+00 1.976306735860067443e+00
1.976306735860067443e+00 4.127348911019122824e+00
4.127348911019122824e+00 7.181886752092402126e+00
7.181886752092402126e+00 3.182613994763073162e+00
3.182613994763073162e+00 5.843837308846795864e+00
5.843837308846795864e+00 6.591634722133241198e+00
6.591634722133241198e+00 4.773804315855104896e+00
4.773804315855104896e+00 7.667676430127613685e+00
7.667676430127613685e+00 1.970791043341617588e+00
1.970791043341617588e+00 4.121893805092981644e+00
4.121893805092981644e+00 7.175510354222461196e+00
7.175510354222461196e+00 3.200785989209308458e+00
3.200785989209308458e+00 5.871098715335737239e+00
5.871098715335737239e+00 6.536628530201240572e+00
6.536628530201240572e+00 4.922874340098396750e+00
4.922874340098396750e+00 7.679294644783453805e+00
7.679294644783453805e+00 1.944622323302796385e+00
1.944622323302796385e+00 4.089708696513714159e+00
4.089708696513714159e+00 7.137426171414725573e+00
7.137426171414725573e+00 3.296758511866861863e+00
3.296758511866861863e+00 6.018409086635529093e+00
6.018409086635529093e+00 6.214653746441238802e+00
6.214653746441238802e+00 5.766449778112766822e+00
5.766449778112766822e+00 6.776001076544106994e+00
6.776001076544106994e+00 4.278762263225766027e+00
4.278762263225766027e+00 7.341344063459540159e+00
7.341344063459540159e+00 2.783376161939453031e+00
2.783376161939453031e+00 5.236210194547430419e+00
5.236210194547430419e+00 7.523373041791960425e+00
7.523373041791960425e+00 2.334055450483683014e+00
2.334055450483683014e+00 4.583255647637810348e+00
4.583255647637810348e+00 7.592969979788312784e+00
7.592969979788312784e+00 2.155761678406634463e+00
2.155761678406634463e+00 4.346539325135951870e+00
4.346539325135951870e+00 7.414681647604353110e+00
7.414681647604353110e+00 2.598290789817786273e+00
2.598290789817786273e+00 4.961934527244383553e+00
4.961934527244383553e+00 7.671622840963244983e+00
7.671622840963244983e+00 1.963836935753357604e+00
1.963836935753357604e+00 4.099138022186951780e+00
4.099138022186951780e+00 7.149085037651989438e+00
7.149085037651989438e+00 3.275580955327312527e+00
3.275580955327312527e+00 5.985299539447375139e+00
5.985299539447375139e+00 6.292735374753273270e+00
6.292735374753273270e+00 5.560650988650103876e+00
5.560650988650103876e+00 7.148356733147783082e+00
7.148356733147783082e+00 3.292281758401695679e+00
3.292281758401695679e+00 6.010952079820912175e+00
6.010952079820912175e+00 6.229894386995046496e+00
6.229894386995046496e+00 5.728048870797365133e+00
5.728048870797365133e+00 6.848736057839234448e+00
6.848736057839234448e+00 4.084398906765711601e+00
4.084398906765711601e+00 7.126485501697351843e+00
7.126485501697351843e+00 3.319974348204618675e+00
3.319974348204618675e+00 6.055004807913896947e+00
6.055004807913896947e+00 6.129780721812377209e+00
6.129780721812377209e+00 5.975731490762369980e+00
5.975731490762369980e+00 6.336892153854210008e+00
6.336892153854210008e+00 5.449209164242386549e+00
5.449209164242386549e+00 7.309297636641213458e+00
7.309297636641213458e+00 2.866000703531729865e+00
2.866000703531729865e+00 5.361171998240226166e+00
5.361171998240226166e+00 7.401032335076333624e+00
7.401032335076333624e+00 2.629064197190755792e+00
2.629064197190755792e+00 5.009462572214665954e+00
5.009462572214665954e+00 7.659143291544049603e+00
7.659143291544049603e+00 1.993992720525349593e+00
1.993992720525349593e+00 4.151269262377061509e+00
4.151269262377061509e+00 7.210626040894961619e+00
7.210626040894961619e+00 3.114331980859445625e+00
3.114331980859445625e+00 5.739206308172364324e+00
5.739206308172364324e+00 6.791406021682204752e+00
6.791406021682204752e+00 4.237423017922868240e+00
4.237423017922868240e+00 7.299464329513386751e+00
7.299464329513386751e+00 2.885868101020215626e+00
2.885868101020215626e+00 5.393481886479057685e+00
5.393481886479057685e+00 7.366289072288801698e+00
7.366289072288801698e+00 2.732181104397951810e+00
2.732181104397951810e+00 5.152367224049534400e+00
5.152367224049534400e+00 7.584880847393280057e+00
7.584880847393280057e+00 2.177249018666132852e+00
2.177249018666132852e+00 4.376932595081497013e+00
4.376932595081497013e+00 7.442339894758346119e+00
7.442339894758346119e+00 2.526614780441565067e+00
2.526614780441565067e+00 4.864910430207279646e+00
4.864910430207279646e+00 7.680262544959171045e+00
7.680262544959171045e+00 1.942513138547831142e+00
1.942513138547831142e+00 4.084935805408209220e+00
4.084935805408209220e+00 7.132003184060082823e+00
7.132003184060082823e+00 3.318609920020900717e+00
3.318609920020900717e+00 6.051674296013539234e+00
6.051674296013539234e+00 6.138184011873319967e+00
6.138184011873319967e+00 5.955285079195391518e+00
5.955285079195391518e+00 6.382641670914731336e+00
6.382641670914731336e+00 5.330541837023091922e+00
5.330541837023091922e+00 7.450429518429449338e+00
7.450429518429449338e+00 2.510183727464422532e+00
2.510183727464422532e+00 4.834601449478465263e+00
4.834601449478465263e+00 7.678658358030852504e+00
7.678658358030852504e+00 1.948913425125845089e+00
1.948913425125845089e+00 4.088793431027789360e+00
4.088793431027789360e+00 7.136550372132707487e+00
7.136550372132707487e+00 3.308488205674388727e+00
3.308488205674388727e+00 6.036973249194798719e+00
6.036973249194798719e+00 6.171643648126870829e+00
6.171643648126870829e+00 5.873271783862025863e+00
5.873271783862025863e+00 6.560237359318756845e+00
6.560237359318756845e+00 4.858632407634560835e+00
4.858632407634560835e+00 7.680471632101085966e+00
7.680471632101085966e+00 1.943050282017759534e+00
1.943050282017759534e+00 4.075330514900737278e+00
4.075330514900737278e+00 7.120236610408385403e+00
7.120236610408385403e+00 3.350798650603038720e+00
3.350798650603038720e+00 6.100128369097273406e+00
6.100128369097273406e+00 6.022089041216806216e+00
6.022089041216806216e+00 6.231152234488021691e+00
6.231152234488021691e+00 5.725108476536775903e+00
5.725108476536775903e+00 6.854322017549610457e+00
6.854322017549610457e+00 4.069471050385686794e+00
4.069471050385686794e+00 7.108491195714949029e+00
7.108491195714949029e+00 3.375348813211667576e+00
3.375348813211667576e+00 6.138047158923759739e+00
6.138047158923759739e+00 5.926560777429545013e+00
5.926560777429545013e+00 6.450470240636537511e+00
6.450470240636537511e+00 5.151651834313362599e+00
5.151651834313362599e+00 7.596245337518473306e+00
7.596245337518473306e+00 2.151707191269948360e+00
2.151707191269948360e+00 4.336947450641893909e+00
4.336947450641893909e+00 7.405803538184316359e+00
7.405803538184316359e+00 2.617107480915896289e+00
2.617107480915896289e+00 4.988249079958049670e+00
4.988249079958049670e+00 7.664849228996117425e+00
7.664849228996117425e+00 1.980439706334463867e+00
1.980439706334463867e+00 4.131641500778593823e+00
4.131641500778593823e+00 7.187039465740058475e+00
7.187039465740058475e+00 3.175933063644595489e+00
3.175933063644595489e+00 5.833821562408544104e+00
5.833821562408544104e+00 6.612903318485882309e+00
6.612903318485882309e+00 4.716431280428039052e+00
4.716431280428039052e+00 7.650870670642261118e+00
7.650870670642261118e+00 2.013739663672609481e+00
2.013739663672609481e+00 4.163644598662163965e+00
4.163644598662163965e+00 7.224137055110878336e+00
7.224137055110878336e+00 3.083907367015011225e+00
3.083907367015011225e+00 5.688318999789917285e+00
5.688318999789917285e+00 6.885813965643063916e+00
6.885813965643063916e+00 3.983666487984116600e+00
3.983666487984116600e+00 7.001850406817869299e+00
7.001850406817869299e+00 3.659328787780233849e+00
3.659328787780233849e+00 6.558907611835880225e+00
6.558907611835880225e+00 4.834628026571188286e+00
4.834628026571188286e+00 7.677515511779436252e+00
7.677515511779436252e+00 1.947217476945329651e+00
1.947217476945329651e+00 4.094662011403637614e+00
4.094662011403637614e+00 7.142875656436966203e+00
7.142875656436966203e+00 3.281032046731873209e+00
3.281032046731873209e+00 5.994831286935844439e+00
5.994831286935844439e+00 6.268285082080155668e+00
6.268285082080155668e+00 5.631331436395763390e+00
5.631331436395763390e+00 7.020449247236472345e+00
7.020449247236472345e+00 3.630548481084824530e+00
3.630548481084824530e+00 6.517484170936273635e+00
6.517484170936273635e+00 4.943903861011984091e+00
4.943903861011984091e+00 7.676279953978381698e+00
7.676279953978381698e+00 1.951855558756046216e+00
1.951855558756046216e+00 4.098198357378689316e+00
4.098198357378689316e+00 7.147984579298515939e+00
7.147984579298515939e+00 3.271504997981263152e+00
3.271504997981263152e+00 5.979337821542679343e+00
5.979337821542679343e+00 6.303330441578452792e+00
6.303330441578452792e+00 5.535632847749972996e+00
5.535632847749972996e+00 7.177692393184292641e+00
7.177692393184292641e+00 3.215143415894054613e+00
3.215143415894054613e+00 5.893905893337096913e+00
5.893905893337096913e+00 6.489274437367204662e+00
6.489274437367204662e+00 5.048911400290655216e+00
5.048911400290655216e+00 7.646106170635096788e+00
7.646106170635096788e+00 2.026649357018854403e+00
2.026649357018854403e+00 4.187410974449997880e+00
4.187410974449997880e+00 7.250775992128651204e+00
7.250775992128651204e+00 3.012564822646496054e+00
3.012564822646496054e+00 5.579203707125222067e+00
5.579203707125222067e+00 7.094971557986803568e+00
7.094971557986803568e+00 3.427009399124955724e+00
3.427009399124955724e+00 6.216196838822215298e+00
6.216196838822215298e+00 5.722899709785276734e+00
5.722899709785276734e+00 6.855334557162899856e+00
6.855334557162899856e+00 4.064690012072495584e+00
4.064690012072495584e+00 7.102516224377028564e+00
7.102516224377028564e+00 3.396472692572990226e+00
3.396472692572990226e+00 6.169532489987406443e+00
6.169532489987406443e+00 5.853367292474232819e+00
5.853367292474232819e+00 6.601840768235357260e+00
6.601840768235357260e+00 4.747296136489601359e+00
4.747296136489601359e+00 7.660671082358725847e+00
7.660671082358725847e+00 1.991212420881807610e+00
1.991212420881807610e+00 4.135620713173538299e+00
4.135620713173538299e+00 7.191735670237664912e+00
7.191735670237664912e+00 3.164189577553278898e+00
3.164189577553278898e+00 5.812115557651408970e+00
5.812115557651408970e+00 6.655982819382367133e+00
6.655982819382367133e+00 4.601867953168842007e+00
4.601867953168842007e+00 7.598797244515451688e+00
7.598797244515451688e+00 2.142585867372123865e+00
2.142585867372123865e+00 4.331142700703169091e+00
4.331142700703169091e+00 7.399615516645984492e+00
7.399615516645984492e+00 2.636255439879811924e+00
2.636255439879811924e+00 5.017296880510273560e+00
5.017296880510273560e+00 7.656561945229923616e+00
7.656561945229923616e+00 2.000806276742787659e+00
2.000806276742787659e+00 4.157110265669981430e+00
4.157110265669981430e+00 7.216563011398761773e+00
7.216563011398761773e+00 3.100285237044059450e+00
3.100285237044059450e+00 5.717410260350279216e+00
5.717410260350279216e+00 6.834084931566397181e+00
6.834084931566397181e+00 4.124454677092195709e+00
4.124454677092195709e+00 7.173739167178278642e+00
7.173739167178278642e+00 3.209000386270314031e+00
3.209000386270314031e+00 5.881127461376597587e+00
5.881127461376597587e+00 6.516124685979011844e+00
6.516124685979011844e+00 4.977336546160427311e+00
4.977336546160427311e+00 7.666807149300572277e+00
7.666807149300572277e+00 1.976557261969407842e+00
1.976557261969407842e+00 4.114494468475566435e+00
4.114494468475566435e+00 7.166665606768668262e+00
7.166665606768668262e+00 3.230146518278440571e+00
3.230146518278440571e+00 5.915974521771222072e+00
5.915974521771222072e+00 6.439339266078581758e+00
6.439339266078581758e+00 5.186382497976050665e+00
5.186382497976050665e+00 7.577141257377918215e+00
7.577141257377918215e+00 2.200575158143532661e+00
2.200575158143532661e+00 4.399521806579238969e+00
4.399521806579238969e+00 7.462649895533285616e+00
7.462649895533285616e+00 2.462700428404190678e+00
2.462700428404190678e+00 4.771699895437055083e+00
4.771699895437055083e+00 7.668566229574084403e+00
7.668566229574084403e+00 1.974501496495730146e+00
1.974501496495730146e+00 4.125212460818674209e+00
4.125212460818674209e+00 7.179426363918265608e+00
7.179426363918265608e+00 3.196073450051077902e+00
3.196073450051077902e+00 5.864002639958727947e+00
5.864002639958727947e+00 6.551509959047847609e+00
6.551509959047847609e+00 4.883084550852538008e+00
4.883084550852538008e+00 7.680793345919306958e+00
7.680793345919306958e+00 1.937841773455455607e+00
1.937841773455455607e+00 4.120449109598697923e+00
4.120449109598697923e+00 7.173725718894912617e+00
7.173725718894912617e+00 3.204478060343720625e+00
3.204478060343720625e+00 5.877045627175366604e+00
5.877045627175366604e+00 6.524159420669345621e+00
6.524159420669345621e+00 4.956152857014021862e+00
4.956152857014021862e+00 7.674333742644805056e+00
7.674333742644805056e+00 1.956663415735336642e+00
1.956663415735336642e+00 4.103752973342242427e+00
4.103752973342242427e+00 7.154127860621883883e+00
7.154127860621883883e+00 3.262327405798747026e+00
3.262327405798747026e+00 5.962792743392564709e+00
5.962792743392564709e+00 6.340188769571097005e+00
6.340188769571097005e+00 5.440351838840787657e+00
5.440351838840787657e+00 7.319831474043607678e+00
7.319831474043607678e+00 2.837697048138156042e+00
2.837697048138156042e+00 5.318963528011971142e+00
5.318963528011971142e+00 7.446074062814160399e+00
7.446074062814160399e+00 2.526819456670908792e+00
2.526819456670908792e+00 4.853682375248010494e+00
4.853682375248010494e+00 7.679330173790550162e+00
7.679330173790550162e+00 1.943943682242582849e+00
1.943943682242582849e+00 4.088752640075870026e+00
4.088752640075870026e+00 7.136234349529538612e+00
7.136234349529538612e+00 3.308858987059307033e+00
3.308858987059307033e+00 6.036218299927940123e+00
6.036218299927940123e+00 6.171802937111393383e+00
6.171802937111393383e+00 5.872809781294953346e+00
5.872809781294953346e+00 6.561204783349297465e+00
6.561204783349297465e+00 4.856039392128207233e+00
4.856039392128207233e+00 7.680300574514969725e+00
7.680300574514969725e+00 1.943329844457404310e+00
1.943329844457404310e+00 4.076140571349270658e+00
4.076140571349270658e+00 7.121271748419787606e+00
7.121271748419787606e+00 3.348065998702205004e+00
3.348065998702205004e+00 6.095733109534029914e+00
6.095733109534029914e+00 6.032550474046869837e+00
6.032550474046869837e+00 6.194428860346770982e+00
6.194428860346770982e+00 5.815334941409926905e+00
5.815334941409926905e+00 6.679872622472053045e+00
6.679872622472053045e+00 4.534915617017924561e+00
4.534915617017924561e+00 7.558669616744823294e+00
7.558669616744823294e+00 2.241062066942858255e+00
2.241062066942858255e+00 4.460797221441160865e+00
4.460797221441160865e+00 7.512270162715061872e+00
7.512270162715061872e+00 2.355143448190189392e+00
2.355143448190189392e+00 4.614860534094249012e+00
4.614860534094249012e+00 7.610219410231153780e+00
7.610219410231153780e+00 2.113373678534411493e+00
2.113373678534411493e+00 4.285521679389911576e+00
4.285521679389911576e+00 7.355192047366864827e+00
7.355192047366864827e+00 2.748354420172629098e+00
2.748354420172629098e+00 5.183701566831934393e+00
5.183701566831934393e+00 7.564132968156645376e+00
7.564132968156645376e+00 2.232750069928022274e+00
2.232750069928022274e+00 4.451994470356754441e+00
4.451994470356754441e+00 7.504405574079040520e+00
7.504405574079040520e+00 2.374204177232272173e+00
2.374204177232272173e+00 4.638731285593353348e+00
4.638731285593353348e+00 7.621718567556293067e+00
7.621718567556293067e+00 2.085779750043910141e+00
2.085779750043910141e+00 4.250543699142100174e+00
4.250543699142100174e+00 7.319331893717426318e+00
7.319331893717426318e+00 2.838898918782076120e+00
2.838898918782076120e+00 5.320313961286170290e+00
5.320313961286170290e+00 7.444658977989018211e+00
7.444658977989018211e+00 2.530306994286910527e+00
2.530306994286910527e+00 4.858892815873093518e+00
4.858892815873093518e+00 7.679746311527621216e+00
7.679746311527621216e+00 1.943439316678817752e+00
1.943439316678817752e+00 4.075133483824488145e+00
4.075133483824488145e+00 7.119424824334461555e+00
7.119424824334461555e+00 3.352348646709679247e+00
3.352348646709679247e+00 6.102589581993203005e+00
6.102589581993203005e+00 6.014703888591942160e+00
6.014703888591942160e+00 6.248252177682322994e+00
6.248252177682322994e+00 5.682065559846996905e+00
5.682065559846996905e+00 6.932617356401300057e+00
6.932617356401300057e+00 3.860189693168966762e+00
3.860189693168966762e+00 6.839701931291391368e+00
6.839701931291391368e+00 4.089096993230805666e+00
4.089096993230805666e+00 7.133152898275324283e+00
7.133152898275324283e+00 3.306484257758479206e+00
3.306484257758479206e+00 6.033536507715293595e+00
6.033536507715293595e+00 6.179744386320804139e+00
6.179744386320804139e+00 5.853265190333788226e+00
5.853265190333788226e+00 6.602046100204655765e+00
6.602046100204655765e+00 4.746739787623015516e+00
4.746739787623015516e+00 7.660510098888315689e+00
7.660510098888315689e+00 1.991672489846698868e+00
1.991672489846698868e+00 4.135990744178513978e+00
4.135990744178513978e+00 7.192080047768032003e+00
7.192080047768032003e+00 3.161181247947085104e+00
3.161181247947085104e+00 5.807821069404209169e+00
5.807821069404209169e+00 6.664222247345401584e+00
6.664222247345401584e+00 4.584815664078437436e+00
4.584815664078437436e+00 7.589317160220780956e+00
7.589317160220780956e+00 2.165732250435398853e+00
2.165732250435398853e+00 4.360952423020576951e+00
4.360952423020576951e+00 7.427610269209927729e+00
7.427610269209927729e+00 2.565500414546959096e+00
2.565500414546959096e+00 4.911998462109441022e+00
4.911998462109441022e+00 7.678778683506949143e+00
7.678778683506949143e+00 1.946097668810743864e+00
1.946097668810743864e+00 4.088741467416213915e+00
4.088741467416213915e+00 7.136653426892757501e+00
7.136653426892757501e+00 3.308368094406758608e+00
3.308368094406758608e+00 6.035898402107732430e+00
6.035898402107732430e+00 6.167627451326852750e+00
6.167627451326852750e+00 5.882197262746664101e+00
5.882197262746664101e+00 6.541533726099580726e+00
6.541533726099580726e+00 4.908768819385347371e+00
4.908768819385347371e+00 7.676300987788543750e+00
7.676300987788543750e+00 1.951702479001979906e+00
1.951702479001979906e+00 4.097795684296221097e+00
4.097795684296221097e+00 7.146937498372383679e+00
7.146937498372383679e+00 3.267075348629393972e+00
3.267075348629393972e+00 5.974541278581011028e+00
5.974541278581011028e+00 6.313921620951795433e+00
6.313921620951795433e+00 5.504588312390070293e+00
5.504588312390070293e+00 7.225630341325854467e+00
7.225630341325854467e+00 3.090496238384445871e+00
3.090496238384445871e+00 5.701520343777668032e+00
5.701520343777668032e+00 6.859502896828641560e+00
6.859502896828641560e+00 4.060787887374138094e+00
4.060787887374138094e+00 7.096945060775961878e+00
7.096945060775961878e+00 3.408125079626413978e+00
3.408125079626413978e+00 6.187540742684494610e+00
6.187540742684494610e+00 5.793576748784293962e+00
5.793576748784293962e+00 6.723572992199868814e+00
6.723572992199868814e+00 4.418261470333031404e+00
4.418261470333031404e+00 7.471754364304231011e+00
7.471754364304231011e+00 2.451841407308030796e+00
2.451841407308030796e+00 4.750823668034707126e+00
4.750823668034707126e+00 7.664033358308961041e+00
7.664033358308961041e+00 1.980008798123163771e+00
1.980008798123163771e+00 4.131266100401883357e+00
4.131266100401883357e+00 7.186917447008676518e+00
7.186917447008676518e+00 3.177128881777352643e+00
3.177128881777352643e+00 5.831928527266999396e+00
5.831928527266999396e+00 6.616715449637213808e+00
6.616715449637213808e+00 4.706137599735080279e+00
4.706137599735080279e+00 7.647177783247699701e+00
7.647177783247699701e+00 2.023550036169865951e+00
2.023550036169865951e+00 4.173362753891141530e+00
4.173362753891141530e+00 7.235130458579476453e+00
7.235130458579476453e+00 3.055967309303709634e+00
3.055967309303709634e+00 5.645342417757542641e+00
5.645342417757542641e+00 6.984903283020280185e+00
6.984903283020280185e+00 3.720984019149254696e+00
3.720984019149254696e+00 6.646892258988136959e+00
6.646892258988136959e+00 4.604037450642379348e+00
4.604037450642379348e+00 7.600493583189694924e+00
7.600493583189694924e+00 2.138381449372821042e+00
2.138381449372821042e+00 4.326851720955676939e+00
4.326851720955676939e+00 7.397063490974389310e+00
7.397063490974389310e+00 2.636566547095369639e+00
2.636566547095369639e+00 5.012850157738998114e+00
5.012850157738998114e+00 7.658071712263256892e+00
7.658071712263256892e+00 1.996760665451558836e+00
1.996760665451558836e+00 4.153958136380746069e+00
4.153958136380746069e+00 7.212911945326816010e+00
7.212911945326816010e+00 3.109905704065170085e+00
3.109905704065170085e+00 5.728675885977644988e+00
5.728675885977644988e+00 6.813407398759491862e+00
6.813407398759491862e+00 4.178774592588424319e+00
4.178774592588424319e+00 7.235554640368063062e+00
7.235554640368063062e+00 3.055650687215102135e+00
3.055650687215102135e+00 5.644885505935299364e+00
5.644885505935299364e+00 6.985677768983357794e+00
6.985677768983357794e+00 3.718889975608872245e+00
3.718889975608872245e+00 6.643926872070808898e+00
6.643926872070808898e+00 4.611665674386800085e+00
4.611665674386800085e+00 7.604676171828753439e+00
7.604676171828753439e+00 2.128629906120640403e+00
2.128629906120640403e+00 4.314504693479210395e+00
4.314504693479210395e+00 7.385025867416972645e+00
7.385025867416972645e+00 2.672263022535717347e+00
2.672263022535717347e+00 5.062978816793787473e+00
5.062978816793787473e+00 7.638278663282925152e+00
7.638278663282925152e+00 2.045516679321114140e+00
2.045516679321114140e+00 4.210429203581515623e+00
4.210429203581515623e+00 7.276200983747202145e+00
7.276200983747202145e+00 2.950163766888429517e+00
2.950163766888429517e+00 5.483135338363966937e+00
5.483135338363966937e+00 7.246883614363090587e+00
7.246883614363090587e+00 3.036246288091193790e+00
3.036246288091193790e+00 5.618272324171911691e+00
5.618272324171911691e+00 7.033963261568182190e+00
7.033963261568182190e+00 3.592063564390055141e+00
3.592063564390055141e+00 6.460809679025382835e+00
6.460809679025382835e+00 5.088123876372126375e+00
5.088123876372126375e+00 7.631236361938699808e+00
7.631236361938699808e+00 2.066657947318519817e+00
2.066657947318519817e+00 4.226863628378923821e+00
4.226863628378923821e+00 7.293994559980087722e+00
7.293994559980087722e+00 2.905460236111655270e+00
2.905460236111655270e+00 5.414730256132892272e+00
5.414730256132892272e+00 7.338805275199526079e+00
7.338805275199526079e+00 2.796338931036487008e+00
2.796338931036487008e+00 5.255699653071112643e+00
5.255699653071112643e+00 7.506967939878481211e+00
7.506967939878481211e+00 2.375907696225975752e+00
2.375907696225975752e+00 4.641931504657979879e+00
4.641931504657979879e+00 7.623306096491583972e+00
7.623306096491583972e+00 2.081614370086521948e+00
2.081614370086521948e+00 4.245320858434253886e+00
4.245320858434253886e+00 7.313691773370997851e+00
7.313691773370997851e+00 2.851024525531324016e+00
2.851024525531324016e+00 5.343054024273652836e+00
5.343054024273652836e+00 7.421399379288437181e+00
7.421399379288437181e+00 2.576860214267208793e+00
2.576860214267208793e+00 4.933833961798526957e+00
4.933833961798526957e+00 7.676355845986110538e+00
7.676355845986110538e+00 1.949568515345262432e+00
1.949568515345262432e+00 4.098895391655219100e+00
4.098895391655219100e+00 7.147995625661770269e+00
7.147995625661770269e+00 3.278549586216212397e+00
3.278549586216212397e+00 5.989996584999333962e+00
5.989996584999333962e+00 6.279220675126472528e+00
6.279220675126472528e+00 5.603548383787942733e+00
5.603548383787942733e+00 7.066453426543534810e+00
7.066453426543534810e+00 3.504853320727350674e+00
3.504853320727350674e+00 6.330155491333004036e+00
6.330155491333004036e+00 5.433389396055078535e+00
5.433389396055078535e+00 7.331101778191482232e+00
7.331101778191482232e+00 2.819374262442381429e+00
2.819374262442381429e+00 5.287441833027724414e+00
5.287441833027724414e+00 7.476887357206670970e+00
7.476887357206670970e+00 2.450184734053333369e+00
2.450184734053333369e+00 4.742704083987122843e+00
4.742704083987122843e+00 7.661398881297021290e+00
7.661398881297021290e+00 1.990905484099954492e+00
1.990905484099954492e+00 4.144638552110128771e+00
4.144638552110128771e+00 7.202071450922287177e+00
7.202071450922287177e+00 3.131801015518458353e+00
3.131801015518458353e+00 5.765609255988464632e+00
5.765609255988464632e+00 6.752790248879305679e+00
6.752790248879305679e+00 4.340115582004330008e+00
4.340115582004330008e+00 7.401349260556322918e+00
7.401349260556322918e+00 2.634465940546686369e+00
2.634465940546686369e+00 5.006823744398355203e+00
5.006823744398355203e+00 7.660006943370784249e+00
7.660006943370784249e+00 1.990816558683194959e+00
1.990816558683194959e+00 4.154841885054158190e+00
4.154841885054158190e+00 7.214175729071605758e+00
7.214175729071605758e+00 3.109374451623834190e+00
3.109374451623834190e+00 5.727491599240098097e+00
5.727491599240098097e+00 6.815681264869390965e+00
6.815681264869390965e+00 4.172698945140038695e+00
4.172698945140038695e+00 7.228770450634739220e+00
7.228770450634739220e+00 3.072698257948926148e+00
3.072698257948926148e+00 5.671038129096698022e+00
5.671038129096698022e+00 6.933948459556177113e+00
6.933948459556177113e+00 3.857878915039640422e+00
3.857878915039640422e+00 6.836650042440974850e+00
6.836650042440974850e+00 4.101619320506833866e+00
4.101619320506833866e+00 7.145966412832774672e+00
7.145966412832774672e+00 3.280818583757602713e+00
3.280818583757602713e+00 5.994391364160442492e+00
5.994391364160442492e+00 6.258172343412614858e+00
6.258172343412614858e+00 5.655407189245790001e+00
5.655407189245790001e+00 6.979034189623459561e+00
6.979034189623459561e+00 3.735717761076732923e+00
3.735717761076732923e+00 6.667848440369613883e+00
6.667848440369613883e+00 4.548999991192141046e+00
4.548999991192141046e+00 7.567473600639116782e+00
7.567473600639116782e+00 2.221732982103014731e+00
2.221732982103014731e+00 4.424767038886289860e+00
4.424767038886289860e+00 7.484574365578319011e+00
7.484574365578319011e+00 2.424660192176385287e+00
2.424660192176385287e+00 4.712584482282379916e+00
4.712584482282379916e+00 7.651710318476730777e+00
7.651710318476730777e+00 2.014249671164288547e+00
2.014249671164288547e+00 4.171072022532445800e+00
4.171072022532445800e+00 7.232399866133829569e+00
7.232399866133829569e+00 3.059554077202754296e+00
3.059554077202754296e+00 5.651351374085026968e+00
5.651351374085026968e+00 6.973593733179320964e+00
6.973593733179320964e+00 3.750885271627006023e+00
3.750885271627006023e+00 6.689110249490097360e+00
6.689110249490097360e+00 4.483191547973063074e+00
4.483191547973063074e+00 7.521998552786514303e+00
7.521998552786514303e+00 2.331268173007404076e+00
2.331268173007404076e+00 4.582568580280754311e+00
4.582568580280754311e+00 7.594417795309983177e+00
7.594417795309983177e+00 2.152995321795078798e+00
2.152995321795078798e+00 4.345292256413875620e+00
4.345292256413875620e+00 7.414247799854086551e+00
7.414247799854086551e+00 2.601768834866664992e+00
2.601768834866664992e+00 4.958460485309863053e+00
4.958460485309863053e+00 7.672321601452194884e+00
7.672321601452194884e+00 1.961382176300318081e+00
1.961382176300318081e+00 4.096553212678161415e+00
4.096553212678161415e+00 7.145793536954103686e+00
7.145793536954103686e+00 3.286417384661546759e+00
3.286417384661546759e+00 6.002862307723932922e+00
6.002862307723932922e+00 6.250201890510972191e+00
6.250201890510972191e+00 5.677119554093560616e+00
5.677119554093560616e+00 6.941379224787196378e+00
6.941379224787196378e+00 3.837111106146339434e+00
3.837111106146339434e+00 6.808445586365205138e+00
6.808445586365205138e+00 4.177076398465897178e+00
4.177076398465897178e+00 7.233191095868761522e+00
7.233191095868761522e+00 3.060937200733055974e+00
3.060937200733055974e+00 5.652980361637452766e+00
5.652980361637452766e+00 6.970159712991009116e+00
6.970159712991009116e+00 3.761994688768365513e+00
3.761994688768365513e+00 6.704657670495038246e+00
6.704657670495038246e+00 4.455486932862029015e+00
4.455486932862029015e+00 7.501313979102193663e+00
7.501313979102193663e+00 2.382250589539671726e+00
2.382250589539671726e+00 4.653230479460032321e+00
4.653230479460032321e+00 7.628431313864137309e+00
7.628431313864137309e+00 2.070817685936978236e+00
2.070817685936978236e+00 4.238566696925206045e+00
4.238566696925206045e+00 7.306707764722918164e+00
7.306707764722918164e+00 2.869359618186968497e+00
2.869359618186968497e+00 5.369265409079020834e+00
5.369265409079020834e+00 7.392434457907258505e+00
7.392434457907258505e+00 2.653501528323766401e+00
2.653501528323766401e+00 5.043802163159477381e+00
5.043802163159477381e+00 7.646597694027830627e+00
7.646597694027830627e+00 2.025341278687967428e+00
2.025341278687967428e+00 4.185569730984825654e+00
4.185569730984825654e+00 7.248732388208740218e+00
7.248732388208740218e+00 3.020460882533145153e+00
3.020460882533145153e+00 5.590891669206702552e+00
5.590891669206702552e+00 7.074888605835786493e+00
7.074888605835786493e+00 3.480090424127634030e+00
3.480090424127634030e+00 6.295733230190876384e+00
6.295733230190876384e+00 5.525242489944991675e+00
5.525242489944991675e+00 7.202789883957875006e+00
7.202789883957875006e+00 3.149559800429399203e+00
3.149559800429399203e+00 5.792951923433006911e+00
5.792951923433006911e+00 6.693078174309061268e+00
6.693078174309061268e+00 4.502004773782250169e+00
4.502004773782250169e+00 7.534964151292674828e+00
7.534964151292674828e+00 2.299257789903234261e+00
2.299257789903234261e+00 4.537897651393155485e+00
4.537897651393155485e+00 7.565606907626436062e+00
7.565606907626436062e+00 2.223746360392465871e+00
2.223746360392465871e+00 4.436997410726613467e+00
4.436997410726613467e+00 7.493675033403400576e+00
7.493675033403400576e+00 2.400057957340273607e+00
2.400057957340273607e+00 4.667616612164920298e+00
4.667616612164920298e+00 7.635193991569390271e+00
7.635193991569390271e+00 2.049613057353571577e+00
2.049613057353571577e+00 4.217584898217801914e+00
4.217584898217801914e+00 7.283996890953370773e+00
7.283996890953370773e+00 2.924471133048542892e+00
2.924471133048542892e+00 5.452255190179123190e+00
5.452255190179123190e+00 7.291208972106703712e+00
7.291208972106703712e+00 2.923744517570711743e+00
2.923744517570711743e+00 5.442760835413360532e+00
5.442760835413360532e+00 7.303897915122633755e+00
7.303897915122633755e+00 2.890702779348239382e+00
2.890702779348239382e+00 5.392432544285013840e+00
5.392432544285013840e+00 7.367499110313574739e+00
7.367499110313574739e+00 2.727918770428940043e+00
2.727918770428940043e+00 5.151542224198883524e+00
5.151542224198883524e+00 7.590557139528643305e+00
7.590557139528643305e+00 2.161432480428998826e+00
2.161432480428998826e+00 4.358626161847386271e+00
4.358626161847386271e+00 7.425334897989985805e+00
7.425334897989985805e+00 2.571077504494564625e+00
2.571077504494564625e+00 4.920214333968152332e+00
4.920214333968152332e+00 7.678006879207337043e+00
7.678006879207337043e+00 1.949957203818959428e+00
1.949957203818959428e+00 4.088472236442942886e+00
4.088472236442942886e+00 7.136219274604052920e+00
7.136219274604052920e+00 3.313666448699160050e+00
3.313666448699160050e+00 6.040607502559787179e+00
6.040607502559787179e+00 6.163001998628846678e+00
6.163001998628846678e+00 5.894553556727506916e+00
5.894553556727506916e+00 6.515096767327030136e+00
6.515096767327030136e+00 4.979362204129236247e+00
4.979362204129236247e+00 7.666656235907948869e+00
7.666656235907948869e+00 1.977254170095685382e+00
1.977254170095685382e+00 4.115871460063033282e+00
4.115871460063033282e+00 7.168375531005175993e+00
7.168375531005175993e+00 3.226819566583376542e+00
3.226819566583376542e+00 5.911906662108988186e+00
5.911906662108988186e+00 6.450712092932571196e+00
6.450712092932571196e+00 5.151403239165369463e+00
5.151403239165369463e+00 7.595564788606422368e+00
7.595564788606422368e+00 2.151447689578218192e+00
2.151447689578218192e+00 4.353276893437591610e+00
4.353276893437591610e+00 7.421016418651601221e+00
7.421016418651601221e+00 2.585471123022141882e+00
2.585471123022141882e+00 4.934755597043533726e+00
4.934755597043533726e+00 7.676257727629450578e+00
7.676257727629450578e+00 1.951200892902752004e+00
1.951200892902752004e+00 4.099446541961153656e+00
4.099446541961153656e+00 7.148649738110781193e+00
7.148649738110781193e+00 3.264523022837505284e+00
3.264523022837505284e+00 5.970208798147868201e+00
5.970208798147868201e+00 6.323717345861672889e+00
6.323717345861672889e+00 5.481881609168002711e+00
5.481881609168002711e+00 7.252292658493178834e+00
7.252292658493178834e+00 3.018195900315908009e+00
3.018195900315908009e+00 5.588469165884158762e+00
5.588469165884158762e+00 7.065024667106660772e+00
7.065024667106660772e+00 3.509687112790783825e+00
3.509687112790783825e+00 6.339670939836064001e+00
6.339670939836064001e+00 5.412269598318908415e+00
5.412269598318908415e+00 7.358284223892120224e+00
7.358284223892120224e+00 2.748984334285442532e+00
2.748984334285442532e+00 5.182014618498578251e+00
5.182014618498578251e+00 7.563239312248178692e+00
7.563239312248178692e+00 2.229314723364169026e+00
2.229314723364169026e+00 4.449332354082138785e+00
4.449332354082138785e+00 7.503504132173490326e+00
7.503504132173490326e+00 2.376940686846218842e+00
2.376940686846218842e+00 4.645957196330549266e+00
4.645957196330549266e+00 7.625258242210981585e+00
7.625258242210981585e+00 2.073213053667402939e+00
2.073213053667402939e+00 4.246258193303391160e+00
4.246258193303391160e+00 7.315352417046206313e+00
7.315352417046206313e+00 2.844996372933710660e+00
2.844996372933710660e+00 5.331633624044277653e+00
5.331633624044277653e+00 7.436356005203878183e+00
7.436356005203878183e+00 2.538514375106062815e+00
2.538514375106062815e+00 4.878880197853629141e+00
4.878880197853629141e+00 7.680345002082568762e+00
7.680345002082568762e+00 1.943680903656055170e+00
1.943680903656055170e+00 4.079326948107834028e+00
4.079326948107834028e+00 7.124189168486195101e+00
7.124189168486195101e+00 3.338205601598091654e+00
3.338205601598091654e+00 6.081588970400829908e+00
6.081588970400829908e+00 6.064284826726859201e+00
6.064284826726859201e+00 6.132585786052736410e+00
6.132585786052736410e+00 5.968926255988613150e+00
5.968926255988613150e+00 6.352180413488714983e+00
6.352180413488714983e+00 5.409849465505249810e+00
5.409849465505249810e+00 7.359959991240288879e+00
7.359959991240288879e+00 2.736733241252724103e+00
2.736733241252724103e+00 5.166747557683289749e+00
5.166747557683289749e+00 7.575971811694835800e+00
7.575971811694835800e+00 2.200526780556798734e+00
2.200526780556798734e+00 4.418161031674441297e+00
4.418161031674441297e+00 7.478330902973560512e+00
7.478330902973560512e+00 2.431611631765933534e+00
2.431611631765933534e+00 4.717795501172235006e+00
4.717795501172235006e+00 7.654945530473828974e+00
7.654945530473828974e+00 2.001583640637568884e+00
2.001583640637568884e+00 4.157213588138434446e+00
4.157213588138434446e+00 7.216596397146643582e+00
7.216596397146643582e+00 3.100375269916466614e+00
3.100375269916466614e+00 5.714038130725522358e+00
5.714038130725522358e+00 6.839826796054178537e+00
6.839826796054178537e+00 4.108088115859835021e+00
4.108088115859835021e+00 7.154903273301581379e+00
7.154903273301581379e+00 3.255239063528030385e+00
3.255239063528030385e+00 5.954031304725899254e+00
5.954031304725899254e+00 6.359589356979407526e+00
6.359589356979407526e+00 5.390426641781100869e+00
5.390426641781100869e+00 7.382903038768725779e+00
7.382903038768725779e+00 2.678660471557179346e+00
2.678660471557179346e+00 5.080314939259972462e+00
5.080314939259972462e+00 7.625569961796946572e+00
7.625569961796946572e+00 2.078356773637837662e+00
2.078356773637837662e+00 4.242309471206199056e+00
4.242309471206199056e+00 7.310651257450698992e+00
7.310651257450698992e+00 2.860095122987287741e+00
2.860095122987287741e+00 5.354235350644492186e+00
5.354235350644492186e+00 7.409021493426508620e+00
7.409021493426508620e+00 2.609053177834906645e+00
2.609053177834906645e+00 4.980113246028505358e+00
4.980113246028505358e+00 7.667501770555024798e+00
7.667501770555024798e+00 1.975981823706834950e+00
1.975981823706834950e+00 4.112942743518325450e+00
4.112942743518325450e+00 7.164823274947427656e+00
7.164823274947427656e+00 3.235575109799415205e+00
3.235575109799415205e+00 5.924194415408003067e+00
5.924194415408003067e+00 6.424536530645681864e+00
6.424536530645681864e+00 5.220464626456118751e+00
5.220464626456118751e+00 7.549391000978419086e+00
7.549391000978419086e+00 2.264134356395962389e+00
2.264134356395962389e+00 4.493572541937671971e+00
4.493572541937671971e+00 7.535630594638144331e+00
7.535630594638144331e+00 2.295725950041380692e+00
2.295725950041380692e+00 4.523385480368239620e+00
4.523385480368239620e+00 7.556321907817992845e+00
7.556321907817992845e+00 2.245611171319999322e+00
2.245611171319999322e+00 4.464278284051130363e+00
4.464278284051130363e+00 7.515227714469859599e+00
7.515227714469859599e+00 2.347844412806519898e+00
2.347844412806519898e+00 4.605284785001658499e+00
4.605284785001658499e+00 7.606110704896245522e+00
7.606110704896245522e+00 2.123651568217572727e+00
2.123651568217572727e+00 4.298682819745741845e+00
4.298682819745741845e+00 7.368389163234352779e+00
7.368389163234352779e+00 2.716767461701666164e+00
2.716767461701666164e+00 5.136192091856995212e+00
5.136192091856995212e+00 7.595524451704877222e+00
7.595524451704877222e+00 2.158203735142841584e+00
2.158203735142841584e+00 4.340317718770761779e+00
4.340317718770761779e+00 7.408825437469694464e+00
7.408825437469694464e+00 2.613105170497121321e+00
2.613105170497121321e+00 4.982790654210877968e+00
4.982790654210877968e+00 7.666837042762984389e+00
7.666837042762984389e+00 1.977702467439198752e+00
1.977702467439198752e+00 4.113940514191767761e+00
4.113940514191767761e+00 7.166008453781088861e+00
7.166008453781088861e+00 3.232118773827810543e+00
3.232118773827810543e+00 5.918889776305490180e+00
5.918889776305490180e+00 6.436046695771634241e+00
6.436046695771634241e+00 5.190155579437218947e+00
5.190155579437218947e+00 7.570183443333945661e+00
7.570183443333945661e+00 2.218124130390986437e+00
2.218124130390986437e+00 4.431208371906340204e+00
4.431208371906340204e+00 7.488035511018909851e+00
7.488035511018909851e+00 2.414306542473440675e+00
2.414306542473440675e+00 4.691661817521600497e+00
4.691661817521600497e+00 7.644282091577006000e+00
7.644282091577006000e+00 2.031302152640410696e+00
2.031302152640410696e+00 4.197488098113135280e+00
4.197488098113135280e+00 7.262219303147034566e+00
7.262219303147034566e+00 2.976812656412867852e+00
2.976812656412867852e+00 5.528510204541852602e+00
5.528510204541852602e+00 7.179069355951510190e+00
7.179069355951510190e+00 3.197999872022907031e+00
3.197999872022907031e+00 5.869089560173753384e+00
5.869089560173753384e+00 6.540162499648745076e+00
6.540162499648745076e+00 4.919023963560686497e+00
4.919023963560686497e+00 7.676572666219672492e+00
7.676572666219672492e+00 1.951028363240123964e+00
1.951028363240123964e+00 4.097046804625557037e+00
4.097046804625557037e+00 7.146453273296125452e+00
7.146453273296125452e+00 3.280659152674441081e+00
3.280659152674441081e+00 5.993798888940467862e+00
5.993798888940467862e+00 6.269666917184391508e+00
6.269666917184391508e+00 5.627659173169779372e+00
5.627659173169779372e+00 7.026491031282819044e+00
7.026491031282819044e+00 3.610155869060078793e+00
3.610155869060078793e+00 6.487999703204904378e+00
6.487999703204904378e+00 5.018275128930619999e+00
5.018275128930619999e+00 7.657894545150356613e+00
7.657894545150356613e+00 2.000710146575018999e+00
2.000710146575018999e+00 4.151861125770114569e+00
4.151861125770114569e+00 7.210415537593686253e+00
7.210415537593686253e+00 3.108543617337202303e+00
3.108543617337202303e+00 5.730536406056201848e+00
5.730536406056201848e+00 6.820048461396580386e+00
6.820048461396580386e+00 4.160487601435309379e+00
4.160487601435309379e+00 7.215530104406321144e+00
7.215530104406321144e+00 3.101612234327779216e+00
3.101612234327779216e+00 5.719741498153879888e+00
5.719741498153879888e+00 6.827274748397477389e+00
6.827274748397477389e+00 4.139927460162866169e+00
4.139927460162866169e+00 7.191316024277783825e+00
7.191316024277783825e+00 3.158680703337663154e+00
3.158680703337663154e+00 5.807070395174786626e+00
5.807070395174786626e+00 6.671713420375237291e+00
6.671713420375237291e+00 4.558056292059561088e+00
4.558056292059561088e+00 7.573008916949268254e+00
7.573008916949268254e+00 2.204101456523948066e+00
2.204101456523948066e+00 4.398903312251776221e+00
4.398903312251776221e+00 7.461332463211369337e+00
7.461332463211369337e+00 2.478212500074751912e+00
2.478212500074751912e+00 4.788165298261394476e+00
4.788165298261394476e+00 7.672589144830105568e+00
7.672589144830105568e+00 1.961937190932114827e+00
1.961937190932114827e+00 4.094978525118705193e+00
4.094978525118705193e+00 7.144023990953435543e+00
7.144023990953435543e+00 3.289880689369754752e+00
3.289880689369754752e+00 6.008181354891410919e+00
6.008181354891410919e+00 6.238060638865068341e+00
6.238060638865068341e+00 5.707727526905205906e+00
5.707727526905205906e+00 6.886334680445234113e+00
6.886334680445234113e+00 3.984098911505125518e+00
3.984098911505125518e+00 7.002711564022498614e+00
7.002711564022498614e+00 3.658313863173356495e+00
3.658313863173356495e+00 6.557380686129718583e+00
6.557380686129718583e+00 4.830413348058228529e+00
4.830413348058228529e+00 7.678115097087821361e+00
