2.485700047729574591e-01 0.000000000000000000e+00
2.497661808992828469e-01 1.218032713363687014e-02
2.485779369550229490e-01 2.436102411585867877e-02
2.449940006524215508e-01 3.642483791967423418e-02
2.390266561025911896e-01 4.825529013179149368e-02
2.307130069158455365e-01 5.973800086107997759e-02
2.201170019528048416e-01 7.076371376258426549e-02
2.073141054061078958e-01 8.121735161329307617e-02
1.923999343942394136e-01 9.099002838691057360e-02
1.754920093054427588e-01 9.998099045611362479e-02
1.567297537977199451e-01 1.080976165925516125e-01
1.362744947988314970e-01 1.152554179668465739e-01
1.143094625062966441e-01 1.213780381485930482e-01
9.103979038739307139e-02 1.263972531063582705e-01
6.668335591299712206e-02 1.302571253161246001e-01
4.144888931532772491e-02 1.329166321726076017e-01
1.557321954019137873e-02 1.343302926547697562e-01
-1.070196181420601279e-02 1.344657549632374549e-01
-3.713238895034393777e-02 1.333051238233608216e-01
-6.347122187138716509e-02 1.308449604852137127e-01
-8.946904638118612085e-02 1.270962827235938286e-01
-1.148738740842763367e-01 1.220845648380226023e-01
-1.394311423858790866e-01 1.158497376527452133e-01
-1.628837144919008939e-01 1.084461885167306294e-01
-1.849779261773139560e-01 9.994159737388903786e-02
-2.055195475738378075e-01 9.040268272571923280e-02
-2.242897858873277861e-01 7.990765468935653870e-02
-2.410781057042425679e-01 6.854559921509829901e-02
-2.556983490918749435e-01 5.641405954106506332e-02
-2.679887355983519570e-01 4.361903619320068454e-02
-2.778118622526349335e-01 3.027498698527211415e-02
-2.850547035645192295e-01 1.650482701886976308e-02
-2.896286115246348158e-01 2.439928683407072314e-03
-2.914693156044453892e-01 -1.177987834387927285e-02
-2.905395150802643212e-01 -2.601011934326658004e-02
-2.868391108396731726e-01 -4.013022576548942733e-02
-2.803669724361573246e-01 -5.400142082429530005e-02
-2.711455639091677750e-01 -6.748409350754905334e-02
-2.592269669379403396e-01 -8.044461530457051868e-02
-2.446928808414954859e-01 -9.275534020613450392e-02
-2.276546225786385547e-01 -1.042946047044708974e-01
-2.082531267479598991e-01 -1.149467277932643555e-01
-1.866589455878344406e-01 -1.246020109676548721e-01
-1.630722489764219740e-01 -1.331567382242371533e-01
-1.377226943485687638e-01 -1.405132514008927969e-01
-1.108281246111688240e-01 -1.465998133705182782e-01
-8.261345454984844738e-02 -1.513487413938695014e-01
-5.333589573740368101e-02 -1.546918474750265948e-01
-2.326091935596280233e-02 -1.565773530656466017e-01
7.337743803013872280e-03 -1.569698890649634249e-01
3.817810333873294937e-02 -1.558504958197879375e-01
6.896990924106963239e-02 -1.532166231245079280e-01
9.941465189056648832e-02 -1.490821302210880717e-01
1.292055620584338649e-01 -1.434772857990699590e-01
1.580276109065497370e-01 -1.364487679955720678e-01
1.855977377200281053e-01 -1.280542690514968052e-01
2.116639885841272717e-01 -1.183558052471035821e-01
2.359424131157739912e-01 -1.074304267154763959e-01
2.581728866195078242e-01 -9.536728433496581558e-02
2.781196595309481379e-01 -8.226757790643085544e-02
2.955713574167931346e-01 -6.824455615323936353e-02
3.103409809748215453e-01 -5.342351672126725848e-02
3.222659060338911585e-01 -3.794180617889911233e-02
3.312078835539394306e-01 -2.194882001702793545e-02
3.370532031559080322e-01 -5.605866621589828368e-03
3.397390920338681508e-01 1.094094254178021308e-02
3.392127920576351596e-01 2.754148756962664091e-02
3.354320763553800266e-01 4.403190297899665928e-02
3.283903940017989798e-01 6.025220600559355599e-02
3.181168700181133957e-01 7.604629660377670852e-02
3.046763053720697445e-01 9.126195744656168118e-02
2.881691769779400891e-01 1.057508539256198227e-01
2.687316376965211973e-01 1.193685341512789322e-01
2.465355163351354573e-01 1.319744289525226766e-01
2.217883176476301843e-01 1.434318518769909512e-01
1.947178574491676417e-01 1.536192648540210814e-01
1.655341782531155603e-01 1.624446859087742556e-01
1.344903088628026377e-01 1.697999612446743078e-01
1.018578161408905669e-01 1.755925673588946134e-01
6.792425715630671934e-02 1.797479373196987085e-01
3.299317918424384682e-02 1.822094607664404287e-01
-2.615880293838807567e-03 1.829384839095637150e-01
-3.856739359021713748e-02 1.819143095306026969e-01
-7.450984281090107519e-02 1.791341969821818036e-01
-1.100757198556348015e-01 1.746133621880155695e-01
-1.449045089711765988e-01 1.683846486647819773e-01
-1.786949332825545911e-01 1.604912180644222086e-01
-2.110933344396410394e-01 1.509863009402163669e-01
-2.417611758041822712e-01 1.399393595284873781e-01
-2.703823943502576821e-01 1.274363007347728560e-01
-2.966634006642795418e-01 1.135794761338251718e-01
-3.203330789449930771e-01 9.848768196961144028e-02
-3.411427870034763887e-01 8.229615915531345027e-02
-3.588663562631407844e-01 6.515659327332767869e-02
-3.733000917597301682e-01 4.723711457526542923e-02
-3.842726779176450780e-01 2.871580155225866848e-02
-3.916842670490244260e-01 9.746132046137036264e-03
-3.954173277980615464e-01 -9.492175254801884718e-03
-3.953857282612379120e-01 -2.881484142035861673e-02
-3.915450677338407348e-01 -4.803892148535541390e-02
-3.838926767099621329e-01 -6.698280444963486402e-02
-3.724676168825000744e-01 -8.546621327806017132e-02
-3.573506811431573782e-01 -1.033102049005154288e-01
-3.386643935824426022e-01 -1.203371702119050562e-01
-3.165730094896694879e-01 -1.363708340721544454e-01
-2.912820337276716964e-01 -1.512368431170447169e-01
-2.629989231061482524e-01 -1.647992653554373466e-01
-2.319463485433846395e-01 -1.769197706850924867e-01
-1.983840776141321816e-01 -1.874573755023695998e-01
-1.625962702181313890e-01 -1.962902114832487110e-01
-1.248914785801116256e-01 -2.033155255833302144e-01
-8.560264724979151085e-02 -2.084496800378349834e-01
-4.508711310187862864e-02 -2.116281523616041493e-01
-3.726605336069565427e-03 -2.128055353490993784e-01
3.807275452295002388e-02 -2.119555370744028722e-01
7.988321912964603533e-02 -2.090712692769368386e-01
1.213378648673682364e-01 -2.041692949524964440e-01
1.620371513602954505e-01 -1.972713495158662789e-01
2.015631418617878090e-01 -1.884146520366667410e-01
2.395165844153801238e-01 -1.776575556223072005e-01
2.755169118547861062e-01 -1.650795474179852784e-01
3.092022418038954945e-01 -1.507812486066872903e-01
3.402293766767749417e-01 -1.348844144091881914e-01
3.682738036776675439e-01 -1.175319340840514787e-01
3.930296948009935343e-01 -9.888783092762934435e-02
4.142099068313495058e-01 -7.913726227406248093e-02
4.315916703398962606e-01 -5.846317487114327527e-02
4.450081789038145552e-01 -3.703834737724462367e-02
4.542716720999901980e-01 -1.506569656136635439e-02
4.592415687554446402e-01 7.249498439331174791e-03
4.598251918008796624e-01 2.969992698559734134e-02
4.559777682706773194e-01 5.207624693609154420e-02
4.477024293028999402e-01 7.416708464738284989e-02
4.350502101392901277e-01 9.575903497395024666e-02
4.181200501252708146e-01 1.166366612681826176e-01
3.970587927099453185e-01 1.365824953803785324e-01
3.720542093499370484e-01 1.553891442935123324e-01
3.432947761216004756e-01 1.728943204069734729e-01
3.110039829363882014e-01 1.889085676879911357e-01
2.754410126650247981e-01 2.032561948403208418e-01
2.368986939753066345e-01 2.157811522359767697e-01
1.957035013320987116e-01 2.263470319152330046e-01
1.522155549973368271e-01 2.348370675866228441e-01
1.068286210300271322e-01 2.411541346269388819e-01
5.997011128624599174e-02 2.452207500812329799e-01
1.210108341913995224e-02 2.469790726628163235e-01
-3.632574160851959749e-02 2.463982353802081637e-01
-8.489154187681484387e-02 2.434667605062567630e-01
-1.331104228687027546e-01 2.381759695088130346e-01
-1.805059010127300079e-01 2.305427341589077195e-01
-2.266132828255518206e-01 2.206100306819880896e-01
-2.709796649119319834e-01 2.084469397579180594e-01
-3.131639339647427911e-01 1.941486465209783518e-01
-3.527367667649652372e-01 1.778364405598661102e-01
-3.892806301816886805e-01 1.596577159176953420e-01
-4.223897811721112339e-01 1.397859710919966414e-01
-4.516841214382045222e-01 1.184158870269939740e-01
-4.769072909141461869e-01 9.572245119574666894e-02
-4.977695481838869118e-01 7.190991350294367868e-02
-5.140109428190748897e-01 4.719704624551262356e-02
-5.254254191319818190e-01 2.180943486604541848e-02
-5.318608161755017383e-01 -4.020522047199678525e-03
-5.332188677431528578e-01 -3.005361276030085391e-02
-5.294552023690761722e-01 -5.604381239367119821e-02
-5.205793433280360150e-01 -8.173828292205867485e-02
-5.066547086354199481e-01 -1.068773731745465416e-01
-4.877984267876858127e-01 -1.311963618796759823e-01
-4.641623081334279033e-01 -1.544803986369762405e-01
-4.359141902587669870e-01 -1.765022822410399483e-01
-4.032630898175667555e-01 -1.970290704435454232e-01
-3.664618933010206914e-01 -2.158469065394564845e-01
-3.258073570376519568e-01 -2.327610193670226479e-01
-2.816401071933137823e-01 -2.475957233077786812e-01
-2.343446397711890228e-01 -2.601944182865452704e-01
-1.843493206117902128e-01 -2.704195897714283814e-01
-1.321263853929597609e-01 -2.781528087738197041e-01
-7.817739615603569447e-02 -2.832992608239578991e-01
-2.295083209316330086e-02 -2.858027712134512122e-01
3.303273845993649760e-02 -2.855992482415751765e-01
8.923733472226429153e-02 -2.826493251718932842e-01
1.451277158300011139e-01 -2.769446655501901500e-01
2.001693808365084537e-01 -2.685079632044711784e-01
2.538285687123281176e-01 -2.573929422449626192e-01
3.055722583451823682e-01 -2.436843570641119283e-01
3.548681685399738828e-01 -2.274979923365872680e-01
4.011847580187855589e-01 -2.089806630192777848e-01
4.439930316202953531e-01 -1.883097833704174551e-01
4.828880931696200585e-01 -1.656606784310125646e-01
5.174745483315388306e-01 -1.412249224592986574e-01
5.473501790240794529e-01 -1.152212373952377772e-01
5.721716039574017421e-01 -8.788168685960776050e-02
5.916542786337976034e-01 -5.945167615400245159e-02
6.055724953476910866e-01 -3.018995226083141456e-02
6.137593831856381632e-01 -3.686038433191340426e-04
6.161069080263262832e-01 2.972693875449103004e-02
6.125658725405760396e-01 5.979790350774286112e-02
6.031459429549917983e-01 8.953223292438887426e-02
5.879300959867521659e-01 1.186586002918268712e-01
5.670208011241767432e-01 1.469114179861083225e-01
5.405468697413171597e-01 1.739996928352265937e-01
5.086921962198646119e-01 1.996497754408477210e-01
4.716957579491499186e-01 2.236053601783100919e-01
4.298516153261441319e-01 2.456274851966247508e-01
3.835089117554574267e-01 2.654945324184749822e-01
3.330718736493401555e-01 2.830022275402170329e-01
2.789998104276820712e-01 2.979636400318791400e-01
2.218071145180130765e-01 3.102091831371624475e-01
1.620054035198930653e-01 3.196084997512974590e-01
1.000808334880978617e-01 3.260577492049393511e-01
3.660499338382171980e-02 3.294451548092091064e-01
-2.783743921228833476e-02 3.296939325044748736e-01
-9.264980111164895782e-02 3.267628109584636009e-01
-1.572234435177398970e-01 3.206460315662608140e-01
-2.209377320261046163e-01 3.113733484503107829e-01
-2.831600466243497927e-01 2.990100284604164660e-01
-3.432457816921457017e-01 2.836568511737396769e-01
-4.005383460012262864e-01 2.654501088948005849e-01
-4.544107612686792974e-01 2.445543786251235252e-01
-5.043804067952958325e-01 2.211349200526402659e-01
-5.498912676712082170e-01 1.953924422118213655e-01
-5.904344547006999955e-01 1.675504501793908807e-01
-6.255638100112209665e-01 1.378529508646747503e-01
-6.548959070533870719e-01 1.065644530096008236e-01
-6.781100506009809514e-01 7.396996718869874865e-02
-6.949482767509511660e-01 4.037500580910032000e-02
-7.052153529234130858e-01 6.105583110538988917e-03
-7.087787778616481127e-01 -2.849178483464965758e-02
-7.055863263675369312e-01 -6.307126876903225432e-02
-6.956804398424896174e-01 -9.734159253500551667e-02
-6.790899501491263202e-01 -1.309611922634436598e-01
-6.559023850620000484e-01 -1.635963464982309323e-01
-6.262709531934584906e-01 -1.949280766233924822e-01
-5.904145439936439033e-01 -2.246521468630942597e-01
-5.486177277504923344e-01 -2.524790642816431840e-01
-5.012307555897351774e-01 -2.781340787834868933e-01
-4.486695594748954519e-01 -3.013571831132147993e-01
-3.914157522072970186e-01 -3.219031128555544519e-01
-3.300108829814688560e-01 -3.395446901480594359e-01
-2.649431289563533021e-01 -3.541216535949961997e-01
-1.967536368479898268e-01 -3.654571736210844857e-01
-1.260409026477671279e-01 -3.733910317077783758e-01
-5.343108862984139590e-02 -3.778022904059110676e-01
2.042197664886415825e-02 -3.786092933356947077e-01
9.483679834865875458e-02 -3.757696651867202253e-01
1.691042153470843634e-01 -3.692803117179578321e-01
2.424874002389157956e-01 -3.591774197577564109e-01
3.142218593361604806e-01 -3.455364572038439608e-01
3.835173353943793773e-01 -3.284719986053013518e-01
4.497115433528299233e-01 -3.081194347844798953e-01
5.121354935346362769e-01 -2.846377091191242270e-01
5.700955074097232567e-01 -2.582205391858582999e-01
6.229612887583527714e-01 -2.290907476483706740e-01
6.701659236711217105e-01 -1.975002622574140720e-01
7.112058805489640534e-01 -1.637301158508059629e-01
7.456410101031494264e-01 -1.280904463534280058e-01
7.730945453552836577e-01 -9.092049677722635614e-02
7.932531016373088883e-01 -5.258861522121179716e-02
8.058733862443649976e-01 -1.348752866236214293e-02
8.108769971646307972e-01 2.604339294455271236e-02
8.081868089002153255e-01 6.563008712316527327e-02
7.977648512698073402e-01 1.048844756824913876e-01
7.796499223602554318e-01 1.434289899158248671e-01
7.539575885265674682e-01 1.808965706007373830e-01
7.208801843919108165e-01 2.169306679990788689e-01
6.806868128476121216e-01 2.511852418569767709e-01
6.337233450531577494e-01 2.833247614048367002e-01
5.804124204361935657e-01 3.130242053573423222e-01
5.212534466925247134e-01 3.399690619134553282e-01
4.567647006394343068e-01 3.638954963620683603e-01
3.874249018428385649e-01 3.845789361821895791e-01
3.138014035779294608e-01 4.017670852183973795e-01
2.365080277173825518e-01 4.152483267065331107e-01
1.562042087952584535e-01 4.248525598261990166e-01
7.359499400700340865e-02 4.304511997007577362e-01
-1.056895679055171698e-02 4.319571773973326367e-01
-9.549137107919061784e-02 4.293249399268079247e-01
-1.803303636793117670e-01 4.225504502438279797e-01
-2.641984367499285447e-01 4.116711872467981315e-01
-3.462594023230308737e-01 3.967647161090249175e-01
-4.257428888892204610e-01 3.779340356769571030e-01
-5.017760461912667003e-01 3.553135892802427587e-01
-5.735401736632548264e-01 3.290772060271808797e-01
-6.402731893865922785e-01 2.994381450357181951e-01
-7.012696300900077562e-01 2.666490954334485020e-01
-7.558806511495517189e-01 2.310021763576134701e-01
-8.035140265885963862e-01 1.928289369551019483e-01
-8.436341490778354046e-01 1.525003563824504638e-01
-8.757620299352844029e-01 1.104268438058428753e-01
-8.995393699655455100e-01 6.702693466998799199e-02
-9.148263962216159895e-01 2.266942524925999458e-02
-9.214324643217521871e-01 -2.221353516372591777e-02
-9.192451199300198939e-01 -6.719081375378728460e-02
-9.082402993178694262e-01 -1.118371925401277223e-01
-8.884823293641359587e-01 -1.557333683763375276e-01
-8.601239275550396357e-01 -1.984659529503930431e-01
-8.234062019841851265e-01 -2.396274727846570973e-01
-7.786586513525620701e-01 -2.788163692358786028e-01
-7.262991649685445195e-01 -3.156369984951930552e-01
-6.668309579712198287e-01 -3.497034652808866939e-01
-6.007342449733227285e-01 -3.807220833160137041e-01
-5.284962186502000225e-01 -4.083749344500819389e-01
-4.506791712666859961e-01 -4.323492006818928646e-01
-3.679061976551559199e-01 -4.523747077098455582e-01
-2.808611952155270486e-01 -4.682239249319365415e-01
-1.902888639152582051e-01 -4.797119654457598914e-01
-9.699470628934966920e-02 -4.866965860485075734e-01
-1.845027440343390392e-03 -4.890781872369685535e-01
9.423306496167746515e-02 -4.867998132075299078e-01
1.902710887824648200e-01 -4.798488755593813271e-01
2.854177719934462565e-01 -4.682614955818122371e-01
3.786863840752002774e-01 -4.520902011641617646e-01
4.690841317211223993e-01 -4.314311041206546626e-01
5.556612331699017915e-01 -4.064300629477906601e-01
6.375109182055198609e-01 -3.772826828243433517e-01
7.137694281572520838e-01 -3.442343156113614744e-01
7.836160158996661185e-01 -3.075800598521680751e-01
8.462729458526233595e-01 -2.676647607723608435e-01
9.010054939812779384e-01 -2.248830102798118624e-01
9.471229839884267587e-01 -1.796787809821325799e-01
9.842028802206833626e-01 -1.324676374214458496e-01
1.011956292627665066e+00 -8.367708205449286840e-02
1.030075407031866064e+00 -3.378023908347196902e-02
1.038354213151493344e+00 1.674983359388314622e-02
1.036688504600464134e+00 6.744014438429594971e-02
1.025075878888404901e+00 1.178177679989491911e-01
1.003615737420652909e+00 1.674098454534848068e-01
9.725092854982563262e-01 2.157435840680036188e-01
9.320595323179733382e-01 2.623462574670656910e-01
8.826712909722718159e-01 3.067452055796903720e-01
8.248339423658530567e-01 3.484963500351224708e-01
7.589959910370325247e-01 3.872536147874401924e-01
6.856369226934221350e-01 4.226110592272689925e-01
6.053102953099007699e-01 4.541937800110384393e-01
5.186417270676808577e-01 4.816692088214153400e-01
4.263288963542623544e-01 5.047471123673211713e-01
3.291415417634829255e-01 5.231795923839168694e-01
2.279214620954639614e-01 5.367610856326161528e-01
1.235825163566671991e-01 5.453283639010743089e-01
1.711062375983653933e-02 5.487605340031964651e-01
-9.054343400297101829e-02 5.469962668981576126e-01
-1.983948932271387966e-01 5.400009552897467868e-01
-3.053340206349778319e-01 5.277634970504467837e-01
-4.102691832122914439e-01 5.103325029927638923e-01
-5.121271130547765393e-01 4.878163524221436620e-01
-6.098529073680482027e-01 4.603831931369704589e-01
-7.024100284676593198e-01 4.282609414285589167e-01
-7.887803037790520611e-01 3.917372820811692580e-01
-8.679639258376120603e-01 3.511596683719886980e-01
-9.389794522886174555e-01 3.069353220711523722e-01
-1.000942706363329826e+00 2.595113169222659777e-01
-1.053378126126079728e+00 2.093015585214549334e-01
-1.095755856862698163e+00 1.567907192445921749e-01
-1.127632760157773584e+00 1.024804924394478456e-01
-1.148683666982798224e+00 4.688095842537060021e-02
-1.158701377696148116e+00 -9.489415506681321208e-03
-1.157596662043096192e+00 -6.610377509417167396e-02
-1.145398259155805842e+00 -1.224268791029543280e-01
-1.122252877553330697e+00 -1.779150993273052317e-01
-1.088425195141622170e+00 -2.320164205898905818e-01
-1.044297959782836127e+00 -2.841725622475450019e-01
-9.903292634889707680e-01 -3.339340820213350658e-01
-9.269364748769353124e-01 -3.808431207106717231e-01
-8.545891158335389148e-01 -4.244228575582191243e-01
-7.738348100992405998e-01 -4.642368643225462388e-01
-6.852992832681922275e-01 -4.998891052781018196e-01
-5.896863627881911984e-01 -5.310239372152373294e-01
-4.877779779607315791e-01 -5.573261094401864568e-01
-3.804341599409492014e-01 -5.785207637750826581e-01
-2.685930417376798940e-01 -5.943734345579445577e-01
-1.532290690054682047e-01 -6.047029730519305479e-01
-3.528316044736559687e-02 -6.093812093977885036e-01
8.413382936844321369e-02 -6.082716934930695318e-01
2.038788781924491533e-01 -6.013007880839835728e-01
3.227898276767522390e-01 -5.884628232032100836e-01
4.396853833749916340e-01 -5.698200961699009248e-01
5.533651147424145655e-01 -5.455028715896738101e-01
6.626094551358090445e-01 -5.157093813546229644e-01
7.661797018135687587e-01 -4.807058246433047466e-01
8.628180159356314549e-01 -4.408263679207547470e-01
9.512679760406004270e-01 -3.964693592749584661e-01
1.030670009493600325e+00 -3.480319727545743147e-01
1.100231453382999547e+00 -2.959723877420714633e-01
1.159202472833336772e+00 -2.407897357562380214e-01
1.206968939552601539e+00 -1.830040125605325585e-01
1.243052431832201599e+00 -1.231560781631158424e-01
1.267110234546988901e+00 -6.180765681681730378e-02
1.278935339155240714e+00 4.586629808349166845e-04
1.278456443698671174e+00 6.303942848762608686e-02
1.265737952802425514e+00 1.253103227166699196e-01
1.240979977675085388e+00 1.866261644363758632e-01
1.204577205205364709e+00 2.464264753356711080e-01
1.156937982527356690e+00 3.041984561202882853e-01
1.098435599893527792e+00 3.593683864596189936e-01
1.029526353983550191e+00 4.114001500726459093e-01
9.507495893971226186e-01 4.597952810387497258e-01
8.627276986540104442e-01 5.040929637976790945e-01
7.661661221939992661e-01 5.438700331495791573e-01
6.618533483769458714e-01 5.787409742549652902e-01
5.506609134827238350e-01 6.083579226347459734e-01
4.335432881395349658e-01 6.324107196627102301e-01
3.114200036740706334e-01 6.506668589721157359e-01
1.852492967229439069e-01 6.628949262975337708e-01
5.612896375339183896e-02 6.688789337838584315e-01
-7.478655165144726391e-02 6.684759942118707610e-01
-2.062861587926078655e-01 6.616163209982428572e-01
-3.371021198552215936e-01 6.483032281955377618e-01
-4.659100499085941927e-01 6.286131304922054630e-01
-5.913289169061284323e-01 6.026955432125910006e-01
-7.119210416853996026e-01 5.707730823169224754e-01
-8.261920979680829058e-01 5.331414644013264814e-01
-9.327432467371122859e-01 4.901507098663171469e-01
-1.030542737112070784e+00 4.421828409987170194e-01
-1.118481840996959908e+00 3.896976405930703824e-01
-1.195589205326811566e+00 3.331912533653872965e-01
-1.261043513904465341e+00 2.731943414618043242e-01
-1.314173487400525753e+00 2.102720844586173365e-01
-1.354457883353397563e+00 1.450241793622466246e-01
-1.381525496169257350e+00 7.808484060927368964e-02
-1.395155157122075940e+00 1.012280006640301801e-02
-1.395275734353601971e+00 -5.815869296949888190e-02
-1.382025614505376643e+00 -1.260621158970791633e-01
-1.355852706919448369e+00 -1.930289058042843897e-01
-1.317054265945028391e+00 -2.584103417666502867e-01
-1.265985606081709403e+00 -3.215752923978153488e-01
-1.203089578506061574e+00 -3.819274039087131589e-01
-1.128896571071659860e+00 -4.389051001075356395e-01
-1.044024508309049137e+00 -4.919815823997681359e-01
-9.491788514257794018e-01 -5.406648297881599952e-01
-8.451525983063926661e-01 -5.844975988727375560e-01
-7.328262835123977581e-01 -6.230574238508139739e-01
-6.131534832408520597e-01 -6.559643161524995048e-01
-4.869766341763165363e-01 -6.829261322536600565e-01
-3.552193721629380851e-01 -7.036052421092755527e-01
-2.189247903103290205e-01 -7.177117604295679687e-01
-7.922749416675144152e-02 -7.250306762961259421e-01
6.264639828096171814e-02 -7.254218531619135435e-01
2.053792566073260051e-01 -7.188200288512660574e-01
3.475619379482871030e-01 -7.052348155598898716e-01
4.876937870011389675e-01 -6.847506998548666957e-01
6.241826360246049976e-01 -6.575270426746453456e-01
7.553555786380050652e-01 -6.237971252861791438e-01
8.798078279432137716e-01 -5.838428174575450713e-01
9.961438189304187008e-01 -5.380256449163643984e-01
1.102995539248720291e+00 -4.867715217759948088e-01
1.199149754402302870e+00 -4.305570587877430300e-01
1.283548007750494824e+00 -3.699095633408353567e-01
1.355286620507714979e+00 -3.054070394624499585e-01
1.413616691743519782e+00 -2.376781878176819907e-01
1.457944098382562892e+00 -1.674024057095804818e-01
1.487829495204628705e+00 -9.530978707910982284e-02
1.503005816313397025e+00 -2.217380967900932018e-02
1.503741379877475692e+00 5.135420308597063443e-02
1.490297685060882671e+00 1.245832977398621394e-01
1.462902489312502219e+00 1.967985029407712527e-01
1.421880788749944724e+00 2.673155877766642541e-01
1.367654818159529162e+00 3.354810617654098159e-01
1.300744050996307299e+00 4.006721748547376061e-01
1.221765199384032829e+00 4.622969174222783528e-01
1.131432214115199342e+00 5.197940202755255701e-01
1.030556284650994581e+00 5.726329546518719171e-01
9.200458391213540699e-01 6.203139322185748927e-01
8.008221682163738642e-01 6.624063148172002480e-01
6.736151257733280495e-01 6.985318184100824945e-01
5.392834267663897396e-01 7.282634429423190392e-01
3.988059949259666337e-01 7.512432049651286414e-01
2.532778617812349031e-01 7.671859885611950203e-01
1.039101666602228191e-01 7.758795453446538648e-01
-4.796984331027608767e-02 7.771844944611014938e-01
-2.009188132046144659e-01 7.710343225875905260e-01
-3.533772802983802253e-01 7.574353839326301019e-01
-5.036696740683183071e-01 7.364669002361878825e-01
-6.501404787188609369e-01 7.082776847854530544e-01
-7.912438583065579678e-01 6.730877071709755466e-01
-9.252805869632179103e-01 6.311949468075177538e-01
-1.050677484968718378e+00 5.829662010169682773e-01
-1.165995516755863104e+00 5.288368510109912046e-01
-1.269929790910453882e+00 4.693108618909972440e-01
-1.361309560171224176e+00 4.049607826481760875e-01
-1.439098221429898405e+00 3.364277461634612720e-01
-1.502393315731140433e+00 2.644214692075673168e-01
-1.550426528272597526e+00 1.897202524409505597e-01
-1.582755721958684747e+00 1.131171804918537083e-01
-1.599694148318574261e+00 3.528956198781586784e-02
-1.601323736491012451e+00 -4.298582086274171932e-02
-1.587799805093466965e+00 -1.209471147209821851e-01
-1.559389834333556824e+00 -1.978587721034912594e-01
-1.516473466009045090e+00 -2.730115513823225815e-01
-1.459542503507855082e+00 -3.457225167849530822e-01
-1.389200911808045280e+00 -4.153350383943266166e-01
-1.306164817477842410e+00 -4.812187921488115250e-01
-1.211262508675601257e+00 -5.427697598422411840e-01
-1.105434435149851513e+00 -5.994102291238759816e-01
-9.895819551178289819e-01 -6.506545212027233793e-01
-8.643528611442989895e-01 -6.960544264063092124e-01
-7.305351552170561424e-01 -7.351140699598935901e-01
-5.890426139487114909e-01 -7.674064463402122671e-01
-4.409138800534173619e-01 -7.925742178835292195e-01
-2.873124623469482386e-01 -8.103297147856192151e-01
-1.295267357466161062e-01 -8.204549351017806913e-01
3.103005872864172607e-02 -8.228015447468277621e-01
1.928198139583524873e-01 -8.172908774950936595e-01
3.541828335544452422e-01 -8.039140357398686376e-01
5.135451928866454629e-01 -7.827373261293890661e-01
6.691380519951163341e-01 -7.538942977958318359e-01
8.191209380545757535e-01 -7.175957988877296190e-01
9.617525712311266739e-01 -6.741362247014364151e-01
1.095390864682343812e+00 -6.238935176811061245e-01
1.218492924557191381e+00 -5.673291674187176392e-01
1.329615049996100584e+00 -5.049882106540461990e-01
1.427412733130897449e+00 -4.374992312746955880e-01
1.510640659084868886e+00 -3.655743603160628852e-01
1.578152705972704073e+00 -2.900092759613760451e-01
1.629333296532429198e+00 -2.115907413204672904e-01
1.664318095060408398e+00 -1.310528241481098422e-01
1.683024104631706264e+00 -4.921758175096684756e-02
1.685505406581688570e+00 3.311222043500245543e-02
1.671958154943665953e+00 1.151542839964769527e-01
1.642720576448895686e+00 1.961467775428215321e-01
1.598272970526590342e+00 2.753483367060399756e-01
1.539237709303900026e+00 3.520380641408209499e-01
1.466379237605937913e+00 4.255155295244930080e-01
1.380593542549315877e+00 4.951084122520613140e-01
1.282628178984229539e+00 5.602538781753902963e-01
1.173106710896000271e+00 6.203441921870337383e-01
1.052756034486952652e+00 6.747954769881933101e-01
9.224014396782485026e-01 7.230827660136561752e-01
7.829666101099570508e-01 7.647400034317635154e-01
6.354736231409799929e-01 7.993600441444378424e-01
4.810429498491310962e-01 8.265946537871595723e-01
3.208934550310513778e-01 8.461545087289868983e-01
1.563414398583576614e-01 8.578094285488020443e-01
-1.130334701455388939e-02 8.614090797349930329e-01
-1.804781054284632646e-01 8.568173097076696720e-01
-3.494552986482508672e-01 8.439585160727159918e-01
-5.164834178499417838e-01 8.228566075873320340e-01
-6.797869821208025742e-01 7.936350041600260807e-01
-8.375665384592456686e-01 7.565166368506273109e-01
-9.879986617749234590e-01 7.118239478702684808e-01
-1.129235954888637039e+00 6.599788905814076845e-01
-1.259407048532423135e+00 6.015029294978019303e-01
-1.376616601349472058e+00 5.370170402845380053e-01
-1.479276708125543127e+00 4.671957947502090036e-01
-1.566711906164410140e+00 3.927232801886338387e-01
-1.638146158400683117e+00 3.143893008084115426e-01
-1.692996624250121984e+00 2.329931603594934675e-01
-1.730892324295983942e+00 1.493402385338367944e-01
-1.751674140288992376e+00 6.424199096545164800e-02
-1.755394815147358623e+00 -2.148405076964691324e-02
-1.742318952956769529e+00 -1.070142791533904986e-01
-1.712923018970390121e+00 -1.915190107257060681e-01
-1.667894856685165239e+00 -2.741715469834282715e-01
-1.607994823194441869e+00 -3.542885541400307980e-01
-1.533837843876574736e+00 -4.311485457639838148e-01
-1.446076658399721548e+00 -5.040346814939676845e-01
-1.345431582578897167e+00 -5.722816273380173513e-01
-1.232690508375921423e+00 -6.352755556735647513e-01
-1.108708903899469300e+00 -6.924541452474034520e-01
-9.744098134050520610e-01 -7.433065811757046948e-01
-8.307838572949841627e-01 -7.873735549440269432e-01
-6.788892321184536449e-01 -8.242472644072921240e-01
-5.198144885929781855e-01 -8.535937172737398937e-01
-3.546767520146107966e-01 -8.750776739911974023e-01
-1.847495358432036661e-01 -8.883659749497855307e-01
-1.143677465563002274e-02 -8.932214063548142846e-01
1.637277508555993188e-01 -8.895034732293939372e-01
3.390804138822354208e-01 -8.771683994144314767e-01
5.128277415003928974e-01 -8.562691275686288295e-01
6.830464146704475770e-01 -8.269553191684897442e-01
8.476832682371384653e-01 -7.894733545083081339e-01
1.004555290929467271e+00 -7.441663327001841743e-01
1.151499838334896664e+00 -6.914615531435938101e-01
1.286931999056780684e+00 -6.318653076483268238e-01
1.409311304507420592e+00 -5.659974386837542948e-01
1.517289658330491120e+00 -4.945248264664569571e-01
1.609736700980991975e+00 -4.181574229765389061e-01
1.685739809725185001e+00 -3.376482519576688990e-01
1.744604098640650580e+00 -2.537934089170356122e-01
1.785852418616239445e+00 -1.674320611253953817e-01
1.809225357352110208e+00 -7.944644761702211733e-02
1.814681239359703824e+00 9.238120810240920203e-03
1.802467933937737410e+00 9.768116715217142754e-02
1.773550414433920697e+00 1.851503111747333508e-01
1.728563714730269929e+00 2.708319739766310574e-01
1.668088017185115790e+00 3.539172840327160507e-01
1.592774253934471362e+00 4.336457913429861977e-01
1.503344106892066545e+00 5.093054674325376840e-01
1.400590007749304977e+00 5.802327053516105337e-01
1.285375137975314441e+00 6.458123196755458650e-01
1.158633428816890243e+00 7.054775465048260807e-01
1.021369561298558937e+00 7.587100434650368985e-01
8.746546507930653691e-01 8.050425344867822020e-01
7.194489197626428023e-01 8.440852586804077351e-01
5.566825202067428036e-01 8.753889903639748837e-01
3.874594732955577991e-01 8.985512975951875925e-01
2.130455658832136334e-01 9.132605951212283690e-01
3.486835050786754597e-02 9.192961443787430742e-01
-1.454828546083925256e-01 9.165280534938499146e-01
-3.262569655594449447e-01 9.049172772821364452e-01
-5.055411327552392642e-01 8.845156172486579038e-01
-6.812607409217030785e-01 8.554657215879405419e-01
-8.511869364532972382e-01 8.180004997074663553e-01
-1.013319419616162120e+00 7.724316896851048941e-01
-1.165726118154572832e+00 7.191979344559178422e-01
-1.306537098408533382e+00 6.588242636669269237e-01
-1.434092353272293341e+00 5.919017985012254846e-01
-1.546941802194429449e+00 5.190877516779431877e-01
-1.643845291177771673e+00 4.411054274522839269e-01
-1.723772592779468482e+00 3.587442216154853591e-01
-1.785903406110930014e+00 2.728596214948628140e-01
-1.829627356837876251e+00 1.843732059537616097e-01
-1.854552773132662757e+00 9.427029048247513587e-02
-1.861213339251884813e+00 3.399368196391850967e-03
-1.850302937066343745e+00 -8.739959902971369821e-02
-1.822257343971152910e+00 -1.772352214649862978e-01
-1.777600748735811198e+00 -2.652601798567773561e-01
-1.716945751504187045e+00 -3.506712254306972310e-01
-1.640993363794544413e+00 -4.327091798905641773e-01
-1.550533008499506593e+00 -5.106589354184534191e-01
-1.446442519886102396e+00 -5.838494546746502145e-01
-1.329688143595710637e+00 -6.516537707976947091e-01
-1.201324536644123864e+00 -7.134889874043397473e-01
-1.062453891607092471e+00 -7.688297835335299313e-01
-9.138475079842401927e-01 -8.172244997713369319e-01
-7.562962184426378354e-01 -8.581484691973644274e-01
-5.907781578061231942e-01 -8.911392517929818125e-01
-4.184394408104097907e-01 -9.158173550928974116e-01
-2.405941621031817135e-01 -9.318862341851388287e-01
-5.872439624399402452e-02 -9.391322917110681567e-01
1.255198022956241222e-01 -9.374248778653714309e-01
3.103203991322740496e-01 -9.267162903960636244e-01
4.936913799705828776e-01 -9.070417746044890928e-01
6.735631649582348723e-01 -8.785182623134119018e-01
8.479574781183094601e-01 -8.413597976218893937e-01
1.014688745170807982e+00 -7.958903229419308500e-01
1.171707091649328847e+00 -7.425213720981640453e-01
1.317127816699694920e+00 -6.817508287791821386e-01
1.449231393079862373e+00 -6.141629265375735391e-01
1.566463467160004397e+00 -5.404282487898873777e-01
1.667434858922435703e+00 -4.613037288166725314e-01
1.750921561961679807e+00 -3.776326497624341583e-01
1.815864743484414179e+00 -2.903446446356744426e-01
1.861508576073854337e+00 -2.004276268001360384e-01
1.888398518313529673e+00 -1.087211712164453947e-01
1.896909283713333894e+00 -1.614632866742728157e-02
1.887377843347849415e+00 7.637988896861030996e-02
1.860257418896903214e+00 1.679787167986317165e-01
1.816117482645563053e+00 2.578096369149273648e-01
1.755643757484153245e+00 3.450703783950605508e-01
1.679638216908228232e+00 4.289969173019195225e-01
1.589019085018608113e+00 5.088634766836671597e-01
1.484820836521334675e+00 5.839825265737893512e-01
1.368081774485417235e+00 6.537382122181286670e-01
1.239471872056778112e+00 7.175520113961252333e-01
1.099709383563186815e+00 7.748016222921001450e-01
9.496440325910514568e-01 8.249299642477720962e-01
7.902541209296825020e-01 8.674481180646828049e-01
6.226465285712650122e-01 9.019353260042120013e-01
4.480567137108318332e-01 9.280389917875802031e-01
2.678487127462990114e-01 9.454746805958403888e-01
8.351514027842754651e-02 9.540261190698818838e-01
-1.033482545808547398e-01 9.535476971017349257e-01
-2.911100390305309538e-01 9.439686255931889480e-01
-4.777133148465740331e-01 9.252652385272703839e-01
-6.610504852850290769e-01 8.975148067655759343e-01
-8.390400217963109863e-01 8.609042893978222644e-01
-1.009626464025364490e+00 8.157303337418223554e-01
-1.170780419811557227e+00 7.623992753435006042e-01
-1.320498565188726436e+00 7.014271379768793890e-01
-1.456803644385096019e+00 6.334396336441160402e-01
-1.577744469823404216e+00 5.591721625754494385e-01
-1.681408975985387855e+00 4.794678202728472893e-01
-1.766939270540991425e+00 3.951477226017683919e-01
-1.834078852933203274e+00 3.070945208506349888e-01
-1.882476374083190684e+00 2.162435215340274275e-01
-1.911994409085153723e+00 1.235156792416566840e-01
-1.922709457206339012e+00 2.981759663833849494e-02
-1.914911941887034841e+00 -6.395847553595124246e-02
-1.889106210740582936e+00 -1.569346384661592098e-01
-1.846010535553366472e+00 -2.482473452620998777e-01
-1.786557112284805626e+00 -3.370474009584817909e-01
-1.711699037809187196e+00 -4.225811079240398560e-01
-1.622127796675057576e+00 -5.041304621029991662e-01
-1.518589189601596834e+00 -5.809515112728295128e-01
-1.401887130494805733e+00 -6.523572956493428610e-01
-1.272883645188136015e+00 -7.177178490241709063e-01
-1.132498871442386479e+00 -7.764601987648266368e-01
-9.817110589457482828e-01 -8.280683658146691384e-01
-8.215565693138776604e-01 -8.720833646928849436e-01
-6.531298756084481516e-01 -9.081032063537152199e-01
-4.775825369638053708e-01 -9.358038986762269307e-01
-2.961820186723086445e-01 -9.548330650511612783e-01
-1.103520509482597833e-01 -9.648710791069727843e-01
7.833406735410883281e-02 -9.657050380137968126e-01
2.681534687405298656e-01 -9.572287624834364683e-01
4.572337170767544756e-01 -9.394427967693638193e-01
6.435528075884423549e-01 -9.124544086667303322e-01
8.249391668613261785e-01 -8.764775895123524396e-01
9.990716528411032193e-01 -8.318330541847196447e-01
1.163479554833483975e+00 -7.789482411039854171e-01
1.315819224906102258e+00 -7.183379693694634804e-01
1.454474120539438919e+00 -6.506241190758910165e-01
1.577934031679850246e+00 -5.765375822580314225e-01
1.684920820684759235e+00 -4.968478360090657353e-01
1.774395461816074215e+00 -4.123618164589967217e-01
1.845558041240281222e+00 -3.239239187745795445e-01
1.897847757028380489e+00 -2.324159971593671437e-01
1.930942919155905102e+00 -1.387573648536855331e-01
1.944760949502906566e+00 -4.390479413468872938e-02
1.939458381853982338e+00 5.114748368372373788e-02
1.915526365035129741e+00 1.454038264448360152e-01
1.874214522503750313e+00 2.381060699137978742e-01
1.816305706517218788e+00 3.284052055763747591e-01
1.742509409183434554e+00 4.154652273979787536e-01
1.653590038182424449e+00 4.985048846919377108e-01
1.550366916766322101e+00 5.767976821195192061e-01
1.433714283759430996e+00 6.496718796898861559e-01
1.304561293558131441e+00 7.165104927601650964e-01
1.163892016130941842e+00 7.767512920354001649e-01
1.012745437018480743e+00 8.298868035685714739e-01
8.522066545177399144e-01 8.754699370616711995e-01
6.832676192242248536e-01 9.130973734248027940e-01
5.069491508688773740e-01 9.423049773178405752e-01
3.244561739268798095e-01 9.627047461157860475e-01
1.371776074078397689e-01 9.740066303405993109e-01
-5.331363514436998630e-02 9.760185336612173801e-01
-2.452606456515054323e-01 9.686463128935409728e-01
-4.367225215010067108e-01 9.518937780004346205e-01
-6.255743655458838592e-01 9.258626920917379932e-01
-8.095072861048874246e-01 8.907527714242517991e-01
-9.860627256306693234e-01 8.468590822727475320e-01
-1.153124633047827974e+00 7.945695917445643186e-01
-1.308651978781916636e+00 7.344205329632488288e-01
-1.450754916246021153e+00 6.670266790455280370e-01
-1.577781976788080964e+00 5.930668663819397279e-01
-1.688320069690817160e+00 5.132839946368763506e-01
-1.781194482171843285e+00 4.284850267485203479e-01
-1.855468879383589842e+00 3.395409889288867333e-01
-1.910445304413329159e+00 2.473869706637984167e-01
-1.945664178283148305e+00 1.530221247129408546e-01
-1.960964353643734004e+00 5.749386003885183227e-02
-1.957311140887642464e+00 -3.834614308065704275e-02
-1.935459819128084735e+00 -1.335916691711735438e-01
-1.895992971392110649e+00 -2.273227781364190181e-01
-1.839567769242110185e+00 -3.186700230263075917e-01
-1.766915972775825683e+00 -4.068144500368905403e-01
-1.678843930626334302e+00 -4.909875985103822060e-01
-1.576232579962103086e+00 -5.704715009351117860e-01
-1.460037446486910584e+00 -6.445986829455960798e-01
-1.331288644439896141e+00 -7.127521633224912501e-01
-1.191090876595528369e+00 -7.743654539926120295e-01
-1.040517285437230433e+00 -8.289437667464505388e-01
-8.803011131484806961e-01 -8.759978981305893697e-01
-7.113085852120774044e-01 -9.149992589611046778e-01
-5.345969098746168324e-01 -9.455030434025887276e-01
-3.514096761501515620e-01 -9.671516706528999752e-01
-1.631768538200376040e-01 -9.796747849431901578e-01
2.848520656696592462e-02 -9.828892555378847540e-01
2.217737736947485161e-01 -9.766991767346873132e-01
4.146997354797364310e-01 -9.610958678645838971e-01
6.050875990710614660e-01 -9.361578732918376389e-01
7.907553947756621460e-01 -9.020492598875677892e-01
9.695236767888529839e-01 -8.590553631863081518e-01
1.139115197680290903e+00 -8.075735988201505622e-01
1.297437387234832373e+00 -7.480890779262322487e-01
1.442584041703722786e+00 -6.811745168419259810e-01
1.572835323804642416e+00 -6.074902371048229721e-01
1.686657762721630593e+00 -5.277841654527769544e-01
1.782704254105202724e+00 -4.428918338238393981e-01
1.859814060072269237e+00 -3.537363793563019221e-01
1.917012809206163571e+00 -2.613285443886718129e-01
1.953938037461414368e+00 -1.666840528623379780e-01
1.971488822543091324e+00 -7.067456107931006926e-02
1.970082065430073692e+00 2.572497678206813951e-02
1.950197644380414763e+00 1.215749891292823015e-01
1.912421190802307658e+00 2.159799109212640345e-01
1.857444089254082442e+00 3.080881836683345698e-01
1.786063477444196135e+00 3.970922554322317000e-01
1.699182246231276894e+00 4.822285808260583506e-01
1.597809039624060068e+00 5.627776210143602409e-01
1.483057831404983373e+00 6.380640922879855514e-01
1.355902900684857082e+00 7.075022609288916797e-01
1.216987631840679596e+00 7.704764760022195791e-01
1.067075053758729686e+00 8.263737508536809218e-01
9.070671021875550410e-01 8.746516800193560037e-01
7.380046197379273032e-01 9.148384392257085107e-01
5.610673558829437635e-01 9.465327853895646459e-01
3.775739669578788704e-01 9.694040566181468810e-01
1.889820161602809578e-01 9.831921722090510851e-01
-3.112026450078969695e-03 9.877076326502507442e-01
-1.970364038255295325e-01 9.828361463150566690e-01
-3.909641333503001137e-01 9.685327114917383629e-01
-5.826682407711062384e-01 9.448214406517598807e-01
-7.699366536756749868e-01 9.118376582228215899e-01
-9.505957164983218632e-01 8.698298870287890505e-01
-1.122510190520114692e+00 8.191598482896640387e-01
-1.283583253868765039e+00 7.603024616216027542e-01
-1.431756501518673508e+00 6.938458450369008323e-01
-1.565009945290848137e+00 6.204913149440339781e-01
-1.681362013853032300e+00 5.410533861475987916e-01
-1.778998840010865168e+00 4.564417853169961403e-01
-1.857571769994265987e+00 3.675109573717482148e-01
-1.916849464706910533e+00 2.752186885360780044e-01
-1.956637519032787376e+00 1.805351452232153986e-01
-1.976953403814898591e+00 8.441045164721533434e-02
-1.978026465855274418e+00 -1.222531017707014986e-02
-1.960297927914973704e+00 -1.084621004339346162e-01
-1.924420888714085454e+00 -2.034099215069025413e-01
-1.871260322931725506e+00 -2.961988179786722020e-01
-1.801884976444998232e+00 -3.859832522461084658e-01
-1.717206611614169320e+00 -4.720395769407600972e-01
-1.617933988879617146e+00 -5.536224749797021838e-01
-1.504853629725356967e+00 -6.299989018404981156e-01
-1.378808249130667685e+00 -7.004943731985719957e-01
-1.240696755569993703e+00 -7.644929649272746985e-01
-1.091474251013007990e+00 -8.214373130978395166e-01
-9.321520309245743263e-01 -8.708286139793997016e-01
-7.637975842648392355e-01 -9.122266240389605985e-01
-5.875347434504937238e-01 -9.452536523933126045e-01
-4.045731196570570010e-01 -9.695947090034011673e-01
-2.162813082908495721e-01 -9.848878536634300129e-01
-2.418615522480959887e-02 -9.908525905771411457e-01
1.700299091000329055e-01 -9.873187063390492790e-01
3.645288696744479195e-01 -9.742262699344320653e-01
5.573171269210605017e-01 -9.516256327393283199e-01
7.462454966942362322e-01 -9.196774285205537858e-01
9.290092102802532947e-01 -8.786525734356795958e-01
1.103147914397187179e+00 -8.289322660330458170e-01
1.266054419771748485e+00 -7.710069415990185027e-01
1.415599760535397600e+00 -7.054460709634683413e-01
1.550225124954873079e+00 -6.329596926631200215e-01
1.668519105001214031e+00 -5.543282019084792012e-01
1.769315283794851146e+00 -4.703668313936549827e-01
1.851692235605551407e+00 -3.819256512964100403e-01
1.914973525852505798e+00 -2.898895692780874001e-01
1.958727711104266911e+00 -1.951783304836580135e-01
1.982768339078769593e+00 -9.874651754169506968e-02
1.987153948643316070e+00 -1.583550564430832343e-03
1.972188069814601263e+00 9.528631285232851134e-02
1.938675557982065589e+00 1.909064316347575951e-01
1.887917825239200820e+00 2.845241804483413239e-01
1.820656949673444158e+00 3.752659866708801806e-01
1.737656815462632620e+00 4.623058813876124162e-01
1.639730433433073564e+00 5.448746156505789306e-01
1.527739941059521822e+00 6.222596604786474472e-01
1.402596602465246978e+00 6.938052068574686038e-01
1.265260808421935668e+00 7.589121657395440090e-01
1.116742076349754198e+00 8.170381680441791694e-01
9.580990503173103523e-01 8.676975646575029177e-01
7.904111894042282760e-01 9.104721507301384298e-01
6.146713704844818382e-01 9.449298363570250991e-01
4.319865588461438977e-01 9.706209599439767910e-01
2.436553959585678331e-01 9.871934668085219355e-01
5.116788257725083527e-02 9.943957298312321447e-01
-1.437946212563300241e-01 9.920765494557364228e-01
-3.393593962146386755e-01 9.801851536887083993e-01
-5.334623636839924687e-01 9.587711980998763206e-01
-7.238480857647325850e-01 9.279847658220139461e-01
-9.080697652711102741e-01 8.880763675509457666e-01
-1.083641427239063537e+00 8.393888501800802482e-01
-1.248501693386132150e+00 7.823860502912769466e-01
-1.400612633286625996e+00 7.176667269713439268e-01
-1.538164340249578599e+00 6.458950891564705366e-01
-1.659593820266660913e+00 5.677981427316854957e-01
-1.763584992012111829e+00 4.841656905309043579e-01
-1.849068686842845421e+00 3.958503323368591786e-01
-1.915222648798378335e+00 3.037674648811450329e-01
-1.961471534600852218e+00 2.088952818441943415e-01
-1.987486913655010623e+00 1.122747738553322022e-01
-1.993452694638628397e+00 1.493884823620892678e-02
-1.980586718022769643e+00 -8.228370845090604568e-02
-1.949544312150109260e+00 -1.784466371354976044e-01
-1.900976836542070503e+00 -2.726378499993050153e-01
-1.835604373351849450e+00 -3.639979130097991677e-01
-1.754215727364427213e+00 -4.517200459201262674e-01
-1.657668425996552841e+00 -5.350501222691331771e-01
-1.546888719296802384e+00 -6.132866693813209258e-01
-1.422871579945492959e+00 -6.857808683669162075e-01
-1.286680703254738267e+00 -7.519365541218223647e-01
-1.139446544176824450e+00 -8.112110777254710747e-01
-9.821170810857909883e-01 -8.631378241200979851e-01
-8.154433952179866996e-01 -9.071858316010427137e-01
-6.403744145783002439e-01 -9.428543391396035922e-01
-4.580518609955371301e-01 -9.697313880140082665e-01
-2.698102501225276284e-01 -9.874938218094008180e-01
-7.717689143596685730e-02 -9.959072864178637463e-01
1.181281117634798011e-01 -9.948262300384026480e-01
3.141918623512311992e-01 -9.841939031769468826e-01
5.089086693786757376e-01 -9.640423586463583439e-01
6.999963118008516449e-01 -9.344917560510020982e-01
8.852889600782909429e-01 -8.957563429123734933e-01
1.062473985652588215e+00 -8.481874749678787184e-01
1.229313887754584389e+00 -7.922343626057511967e-01
1.383765657646109704e+00 -7.284336852418977770e-01
1.523980778619878462e+00 -6.574095913199258234e-01
1.648305225999533885e+00 -5.798736983111246746e-01
1.755279467139577054e+00 -4.966250927145118288e-01
1.843638461425474606e+00 -4.085503300567652207e-01
1.912311660273594782e+00 -3.166234348922539188e-01
1.960431271073302950e+00 -2.219042973014178632e-01
1.988338866033254382e+00 -1.253427161945046830e-01
1.996831447545078797e+00 -2.786712159374416659e-02
1.986364881510344516e+00 6.954461921035158534e-02
1.957496049606449962e+00 1.659606333572773706e-01
1.910882849286614338e+00 2.604950424166198597e-01
1.847284193779881400e+00 3.523079623880005506e-01
1.767560012091106136e+00 4.406055037011030184e-01
1.672671249001003613e+00 5.246397712156217752e-01
1.563679865066080144e+00 6.037088642213391809e-01
1.441722997282613772e+00 6.771658813274645805e-01
1.307612880986408932e+00 7.444377901916423568e-01
1.162016966209227897e+00 8.048881743097955344e-01
1.005752256302319125e+00 8.579295250802497774e-01
8.397790766256943984e-01 9.030458552702792518e-01
6.652010745480831932e-01 9.397926990161220573e-01
4.832652194470374862e-01 9.677971118229599101e-01
2.953618027087775433e-01 9.867576705649502289e-01
1.030244377282927420e-01 9.964444734852032637e-01
-9.207001108206415430e-02 9.966991451801562318e-01
-2.882288772410523392e-01 9.874428566413859798e-01
-4.833925390910887021e-01 9.686589753848492412e-01
-6.752816476723884076e-01 9.404231024899863955e-01
-8.616619248928355512e-01 9.029248709016008956e-01
-1.040344163527875843e+00 8.564679454298835815e-01
-1.209184227220678531e+00 8.014700227503791519e-01
-1.366083050482028938e+00 7.384628314040070363e-01
-1.508986638690372972e+00 6.680921317970455187e-01
-1.635886068091739087e+00 5.911177162011745922e-01
-1.744817485799859957e+00 5.084134087534128987e-01
-1.834365543165727086e+00 4.209011423577773137e-01
-1.904544321094690407e+00 3.294650947880819469e-01
-1.955100130600588848e+00 2.350969627206615231e-01
-1.985957128796868698e+00 1.387711536869290496e-01
-1.997248494453851553e+00 4.143974055746708213e-02
-1.989316427998743197e+00 -5.596753845799914973e-02
-1.962712151515638714e+00 -1.525432798105454124e-01
-1.918195908745518929e+00 -2.474024146121333867e-01
-1.856736965086249302e+00 -3.396822086355539283e-01
-1.779449954329135331e+00 -4.285669104699351140e-01
-1.687120800150619049e+00 -5.133524910508081573e-01
-1.580491178627778437e+00 -5.932824227329885902e-01
-1.460373810276459849e+00 -6.676451614605254381e-01
-1.327637834834578090e+00 -7.357882263359420971e-01
-1.183208811262012494e+00 -7.971181996203016151e-01
-1.028068717740673099e+00 -8.511007267331622828e-01
-8.632559516744612305e-01 -8.972605162525951750e-01
-6.898653296893655362e-01 -9.351813399151583939e-01
-5.090521399495384625e-01 -9.645189147167505528e-01
-3.220988942913584618e-01 -9.849447108632235492e-01
-1.304598652594474162e-01 -9.961175914764592854e-01
6.425421540986697710e-02 -9.978033790328557640e-01
2.602766195938328031e-01 -9.898794841887160745e-01
4.556846227831616303e-01 -9.723349057802406215e-01
6.483995040820854650e-01 -9.452702308235247930e-01
8.361865462082427314e-01 -9.088976345145762803e-01
1.016655035492849413e+00 -8.635408802292914299e-01
1.187258261880584476e+00 -8.096353195234688993e-01
1.345404855903091779e+00 -7.477183626806960248e-01
1.489295806539790101e+00 -6.784187624489380619e-01
1.617429293907536536e+00 -6.025009054757408666e-01
1.728509699141797640e+00 -5.207718578829468870e-01
1.821487562905877766e+00 -4.340719783230784778e-01
1.895559585390869106e+00 -3.432749179793897487e-01
1.950168626315733178e+00 -2.492876205657902078e-01
1.985003704927243096e+00 -1.530503223268945279e-01
2.000000000000000000e+00 -5.553655203799661572e-02
1.995338849836426398e+00 4.224686899487389846e-02
1.971453175605658137e+00 1.392617605761151955e-01
1.929530932839334634e+00 2.346624577227753861e-01
1.870642687745133870e+00 3.276437763706973039e-01
1.795534024198309986e+00 4.173431412680953523e-01
1.704997792649925570e+00 5.029553324694582273e-01
1.599874110126883187e+00 5.837324853354942666e-01
1.481050360231900953e+00 6.589840905331553200e-01
1.349461193143583371e+00 7.280769940355942271e-01
1.206088525616316520e+00 7.904353971222304320e-01
1.051961540980334897e+00 8.455408563787050191e-01
8.881563348707895988e-01 8.929330043015104579e-01
7.157276886908453539e-01 9.322138067979442999e-01
5.356999173821646032e-01 9.629217993634981987e-01
3.492680873936436226e-01 9.846453532295637023e-01
1.578203933510205770e-01 9.970743136697745035e-01
-3.706184194301192364e-02 1.000000000000000000e+00
-2.336041675089735870e-01 9.933152055783569523e-01
-4.298390041905158498e-01 9.770141978051968268e-01
-6.236056446543332132e-01 9.511927181231201178e-01
-8.125502533903350422e-01 9.160479820169614706e-01
-9.941277127761737331e-01 8.718784876081333568e-01
-1.166003453687064484e+00 8.190715896566596044e-01
-1.326129313348675343e+00 7.581673553275942723e-01
-1.472552333916775424e+00 6.898037886116262785e-01
-1.603569263469841077e+00 6.146805451147265842e-01
-1.717726556009095518e+00 5.335589320581278772e-01
-1.813820371458445546e+00 4.472619082783740874e-01
-1.890896575664580359e+00 3.566740842272473899e-01
-1.948250740396904712e+00 2.627417219718169994e-01
-1.985428143347557572e+00 1.664727351944118583e-01
-2.002223774099306741e+00 6.893668766058411168e-02
-1.999345119384858593e+00 -2.891931631080998932e-02
-1.977888860382249980e+00 -1.262320781781926526e-01
-1.938481915433866165e+00 -2.220546721046901817e-01
-1.881817167180658723e+00 -3.154936324335138043e-01
-1.808653462562111791e+00 -4.057089536880435499e-01
-1.719815612816262274e+00 -4.919140905717721557e-01
-1.616194393479678970e+00 -5.733759579683302965e-01
-1.498746544387525637e+00 -6.494149309414406490e-01
-1.368494769673469724e+00 -7.194048447349878916e-01
-1.226527737769741444e+00 -7.827729947729719084e-01
-1.073962889721025826e+00 -8.390095888100617127e-01
-9.116158392378509445e-01 -8.876397330257861373e-01
-7.403139369327481623e-01 -9.281243624935197056e-01
-5.610891309853042186e-01 -9.599990713528375741e-01
-3.751684782008002372e-01 -9.828890522654597506e-01
-1.839741440103201398e-01 -9.965090964152381048e-01
1.087659752941062472e-02 -1.000663593508177129e+00
2.075713637359202779e-01 -9.952465317724190630e-01
4.041026633010419977e-01 -9.802414979582453336e-01
5.982678962908027920e-01 -9.557216773380854402e-01
7.877753114266362600e-01 -9.218452039625093519e-01
9.704495407808001461e-01 -8.788720342373324002e-01
1.143886673416226518e+00 -8.271997014270142667e-01
1.305845667675466393e+00 -7.673290822927528732e-01
1.454279054147268546e+00 -6.998622081719946264e-01
1.587332935666474931e+00 -6.255022649784627298e-01
1.703346987314063865e+00 -5.450535932021384200e-01
