0.000000000000000000e+00 1.241145773233252314e-01
6.353861192570869551e-03 3.098605941019655363e-01
1.270772238514173910e-02 6.120782555315917861e-01
1.906158357771260692e-02 8.009791864932797045e-01
2.541544477028347820e-02 8.423268097891706274e-01
3.176930596285434949e-02 8.453279193128473423e-01
3.812316715542521384e-02 8.422228668120345096e-01
4.447702834799608512e-02 8.382081922107744720e-01
5.083088954056695641e-02 8.336249291385134930e-01
5.718475073313782076e-02 8.296742336794974415e-01
6.353861192570869898e-02 8.240606018767229202e-01
6.989247311827956333e-02 8.204836651773442791e-01
7.624633431085042767e-02 8.149293442437024471e-01
8.260019550342130590e-02 8.110291631048111016e-01
8.895405669599217025e-02 8.056916986811528680e-01
9.530791788856304847e-02 8.015887712438128920e-01
1.016617790811339128e-01 7.958615989891985043e-01
1.080156402737047772e-01 7.919925646445306056e-01
1.143695014662756415e-01 7.858934407618287654e-01
1.207233626588465059e-01 7.815765739600416540e-01
1.270772238514173980e-01 7.761489445122427000e-01
1.334310850439882623e-01 7.705777018366312126e-01
1.397849462365591267e-01 7.658126249880882197e-01
1.461388074291299910e-01 7.597688584283112112e-01
1.524926686217008553e-01 7.549021213473602332e-01
1.588465298142717474e-01 7.488277867255093145e-01
1.652003910068426118e-01 7.435263611844975529e-01
1.715542521994134761e-01 7.377090197086649814e-01
1.779081133919843405e-01 7.313137272955140267e-01
1.842619745845552048e-01 7.259277094462648350e-01
1.906158357771260969e-01 7.195079269477930861e-01
1.969696969696969613e-01 7.125924086292549919e-01
2.033235581622678256e-01 7.068012112006681891e-01
2.096774193548386900e-01 7.000974921660703121e-01
2.160312805474095543e-01 6.926518002799589846e-01
2.223851417399804187e-01 6.860540644652343145e-01
2.287390029325512830e-01 6.789834399284311317e-01
2.350928641251221474e-01 6.711663253298656429e-01
2.414467253176930117e-01 6.635064780596455769e-01
2.478005865102638761e-01 6.557290058481515249e-01
2.541544477028347959e-01 6.473248392724429978e-01
2.605083088954056603e-01 6.384145291650700216e-01
2.668621700879765246e-01 6.293879272281738269e-01
2.732160312805473890e-01 6.199210506021231026e-01
2.795698924731182533e-01 6.098415413408584396e-01
2.859237536656891177e-01 5.990456092157380175e-01
2.922776148582599820e-01 5.874477042074260913e-01
2.986314760508308463e-01 5.746720159931850702e-01
3.049853372434017107e-01 5.609247246940268772e-01
3.113391984359726306e-01 5.461615605912727434e-01
3.176930596285434949e-01 5.297726885103929417e-01
3.240469208211143592e-01 5.105827078210078973e-01
3.304007820136852236e-01 4.869801245129123934e-01
3.367546432062560879e-01 4.577138033818266005e-01
3.431085043988269523e-01 4.189567888613439650e-01
3.494623655913978166e-01 3.618563923386282632e-01
3.558162267839686810e-01 2.672134024746659620e-01
3.621700879765395453e-01 6.814129314861919196e-02
3.685239491691104097e-01 -4.217743927387109237e-01
3.748778103616813295e-01 -9.295391019640976138e-01
3.812316715542521939e-01 -9.984682968256352043e-01
3.875855327468230582e-01 -9.990956723310000509e-01
3.939393939393939226e-01 -9.962121210515061387e-01
4.002932551319647869e-01 -9.924579302952428739e-01
4.066471163245356513e-01 -9.894842284977775071e-01
4.130009775171065156e-01 -9.869705017568674021e-01
4.193548387096773800e-01 -9.840412178455272274e-01
4.257086999022482443e-01 -9.800396148082877179e-01
4.320625610948191087e-01 -9.763258724161896218e-01
4.384164222873899730e-01 -9.728966384758782615e-01
4.447702834799608373e-01 -9.693006279881583032e-01
4.511241446725317017e-01 -9.663530674531384257e-01
4.574780058651025660e-01 -9.640728863036843732e-01
4.638318670576734304e-01 -9.600793829558399439e-01
4.701857282502442947e-01 -9.557605559216555413e-01
4.765395894428151591e-01 -9.523048138085468128e-01
4.828934506353860234e-01 -9.489783654682942826e-01
4.892473118279568878e-01 -9.461054266958437431e-01
4.956011730205277521e-01 -9.432778855578526356e-01
5.019550342130986165e-01 -9.376937013481841943e-01
5.083088954056695918e-01 -9.345710934514906976e-01
5.146627565982404562e-01 -9.315550264716859763e-01
5.210166177908113205e-01 -9.283781683759974035e-01
5.273704789833821849e-01 -9.246557164975527376e-01
5.337243401759530492e-01 -9.199575341474475199e-01
5.400782013685239136e-01 -9.172953503865851621e-01
5.464320625610947779e-01 -9.133920703990026091e-01
5.527859237536656423e-01 -9.094587280604543578e-01
5.591397849462365066e-01 -9.055985393299134101e-01
5.654936461388073710e-01 -9.030007838803747466e-01
5.718475073313782353e-01 -8.969237822835626206e-01
5.782013685239490997e-01 -8.941405201262755398e-01
5.845552297165199640e-01 -8.905261168282605500e-01
5.909090909090908283e-01 -8.865087711681506333e-01
5.972629521016616927e-01 -8.822964257002328115e-01
6.036168132942325570e-01 -8.794729952244552118e-01
6.099706744868034214e-01 -8.733047924474283130e-01
6.163245356793743968e-01 -8.706206870170677403e-01
6.226783968719452611e-01 -8.662330985429183006e-01
6.290322580645161255e-01 -8.619198407796411221e-01
6.353861192570869898e-01 -8.582522560495132735e-01
6.417399804496578541e-01 -8.536613237690087175e-01
6.480938416422287185e-01 -8.500814048859389738e-01
6.544477028347995828e-01 -8.444863106372724193e-01
6.608015640273704472e-01 -8.408045662243027740e-01
6.671554252199413115e-01 -8.364767527359384669e-01
6.735092864125121759e-01 -8.317501267474474158e-01
6.798631476050830402e-01 -8.278344814988483069e-01
6.862170087976539046e-01 -8.226075760862692210e-01
6.925708699902247689e-01 -8.191997556412982107e-01
6.989247311827956333e-01 -8.129248921048052301e-01
7.052785923753664976e-01 -8.092504246352318908e-01
7.116324535679373620e-01 -8.037083988620417063e-01
7.179863147605082263e-01 -7.995448816278252213e-01
7.243401759530790907e-01 -7.942359996228028907e-01
7.306940371456499550e-01 -7.898328916928650800e-01
7.370478983382208193e-01 -7.842506018504618037e-01
7.434017595307916837e-01 -7.798280820420591120e-01
7.497556207233626591e-01 -7.743582013858599788e-01
7.561094819159335234e-01 -7.684274503290684510e-01
7.624633431085043878e-01 -7.643935328378872462e-01
7.688172043010752521e-01 -7.574321499837214366e-01
7.751710654936461165e-01 -7.525280803346386937e-01
7.815249266862169808e-01 -7.470122806351005007e-01
7.878787878787878451e-01 -7.408784218513149167e-01
7.942326490713587095e-01 -7.354980210987790423e-01
8.005865102639295738e-01 -7.291774942469902987e-01
8.069403714565004382e-01 -7.234196459257229428e-01
8.132942326490713025e-01 -7.171802869725159013e-01
8.196480938416421669e-01 -7.104178596695071013e-01
8.260019550342130312e-01 -7.043501893613720588e-01
8.323558162267838956e-01 -6.977097840201743617e-01
8.387096774193547599e-01 -6.901897390762664619e-01
8.450635386119256243e-01 -6.832463279098022202e-01
8.514173998044964886e-01 -6.763559164025128023e-01
8.577712609970673530e-01 -6.685541807376184087e-01
8.641251221896382173e-01 -6.603212431669420734e-01
8.704789833822090817e-01 -6.524747179082536208e-01
8.768328445747799460e-01 -6.441722211829434830e-01
8.831867057673508103e-01 -6.352108954287843945e-01
8.895405669599216747e-01 -6.258226338507359987e-01
8.958944281524925390e-01 -6.161096302736606134e-01
9.022482893450634034e-01 -6.058258672305336656e-01
9.086021505376342677e-01 -5.948702074426985842e-01
9.149560117302051321e-01 -5.830613212113937571e-01
9.213098729227759964e-01 -5.700793769821471679e-01
9.276637341153468608e-01 -5.555551034627076445e-01
9.340175953079177251e-01 -5.397369761208959948e-01
9.403714565004885895e-01 -5.222649596191926147e-01
9.467253176930594538e-01 -5.020051056069184670e-01
9.530791788856303182e-01 -4.770495527202346375e-01
9.594330400782011825e-01 -4.447220207526892399e-01
9.657869012707720469e-01 -4.007651527678725012e-01
9.721407624633429112e-01 -3.331382373258993668e-01
9.784946236559137756e-01 -2.122845724669787104e-01
9.848484848484846399e-01 6.549337471552785228e-02
9.912023460410555042e-01 6.694872672907645761e-01
9.975562072336263686e-01 9.779167379077888800e-01
1.003910068426197233e+00 1.000000000000000000e+00
1.010263929618768097e+00 9.982535085571733191e-01
1.016617790811339184e+00 9.954470850653229785e-01
1.022971652003910048e+00 9.915951065163782774e-01
1.029325513196480912e+00 9.878563354363143478e-01
1.035679374389051777e+00 9.845802410328521326e-01
1.042033235581622641e+00 9.818612530757866441e-01
1.048387096774193505e+00 9.792772854871343302e-01
1.054740957966764370e+00 9.758524605854711487e-01
1.061094819159335234e+00 9.721630434512822383e-01
1.067448680351906098e+00 9.685544494613095301e-01
1.073802541544476963e+00 9.646804692971409079e-01
1.080156402737047827e+00 9.614002677413557851e-01
1.086510263929618691e+00 9.590698268031849771e-01
1.092864125122189556e+00 9.555740689174738733e-01
1.099217986314760420e+00 9.513348121676127311e-01
1.105571847507331285e+00 9.475801052648116229e-01
1.111925708699902149e+00 9.441324498522821740e-01
1.118279569892473013e+00 9.413082253155018453e-01
1.124633431085043878e+00 9.382850606882735534e-01
1.130987292277614742e+00 9.329657196599445701e-01
1.137341153470185606e+00 9.296319140353368482e-01
1.143695014662756471e+00 9.269196132766310825e-01
1.150048875855327335e+00 9.232497721166745830e-01
1.156402737047898199e+00 9.193125789574149165e-01
1.162756598240469064e+00 9.152389231786697277e-01
1.169110459433039928e+00 9.126860192815354766e-01
1.175464320625610792e+00 9.078663311422168203e-01
1.181818181818181657e+00 9.037154792386037361e-01
1.188172043010752521e+00 9.006347742003857348e-01
1.194525904203323385e+00 8.970723312099360136e-01
1.200879765395894250e+00 8.923906807544043085e-01
1.207233626588465114e+00 8.893939081154637050e-01
1.213587487781035978e+00 8.849232167477947275e-01
1.219941348973606843e+00 8.803854365446355246e-01
1.226295210166177929e+00 8.771804771222007080e-01
1.232649071358748794e+00 8.731385595905180041e-01
1.239002932551319658e+00 8.685365993099065651e-01
1.245356793743890522e+00 8.655222879588148066e-01
1.251710654936461387e+00 8.597266715482960731e-01
1.258064516129032251e+00 8.571899669478089123e-01
1.264418377321603115e+00 8.515425752674197213e-01
1.270772238514173980e+00 8.477462727319410307e-01
1.277126099706744844e+00 8.437125824582794031e-01
1.283479960899315708e+00 8.388526731506097400e-01
1.289833822091886573e+00 8.350724632934951597e-01
1.296187683284457437e+00 8.301586567331262767e-01
1.302541544477028301e+00 8.262914791191773300e-01
1.308895405669599166e+00 8.207251822538332853e-01
1.315249266862170030e+00 8.175151433743665930e-01
1.321603128054740894e+00 8.108125036718690781e-01
1.327956989247311759e+00 8.077900645561684190e-01
1.334310850439882623e+00 8.016669685838777593e-01
1.340664711632453487e+00 7.977442673320297439e-01
1.347018572825024352e+00 7.924525507369566402e-01
1.353372434017595216e+00 7.878555883108083746e-01
1.359726295210166080e+00 7.824400670135388536e-01
1.366080156402736945e+00 7.779200549410159038e-01
1.372434017595307809e+00 7.719146349617685976e-01
1.378787878787878673e+00 7.673662497704997199e-01
1.385141739980449538e+00 7.619611142380189328e-01
1.391495601173020402e+00 7.552492101654126877e-01
1.397849462365591267e+00 7.510319468822218569e-01
1.404203323558162131e+00 7.445286634522236824e-01
1.410557184750732995e+00 7.388251837144249601e-01
1.416911045943303860e+00 7.332839259571226620e-01
1.423264907135874724e+00 7.268567007181060413e-01
1.429618768328445588e+00 7.211415818743912576e-01
1.435972629521016453e+00 7.146905576920932202e-01
1.442326490713587317e+00 7.081555269536188302e-01
1.448680351906158181e+00 7.019501815723051541e-01
1.455034213098729046e+00 6.949399811818322004e-01
1.461388074291299910e+00 6.875834307173418480e-01
1.467741935483870774e+00 6.808666367635247685e-01
1.474095796676441639e+00 6.736014353968318158e-01
1.480449657869012503e+00 6.654847139786030930e-01
1.486803519061583367e+00 6.574422688401279080e-01
1.493157380254154454e+00 6.495026507694783291e-01
1.499511241446725318e+00 6.409621558595329782e-01
1.505865102639296182e+00 6.317727898389625674e-01
1.512218963831867047e+00 6.222835067653266217e-01
1.518572825024437911e+00 6.123679851401352403e-01
1.524926686217008776e+00 6.018527573277743237e-01
1.531280547409579640e+00 5.906128214370152119e-01
1.537634408602150504e+00 5.784363988460033967e-01
1.543988269794721369e+00 5.648990583782593777e-01
1.550342130987292233e+00 5.498812285905980701e-01
1.556695992179863097e+00 5.335121760384871070e-01
1.563049853372433962e+00 5.151639074518498118e-01
1.569403714565004826e+00 4.934269893561171738e-01
1.575757575757575690e+00 4.661078736976832504e-01
1.582111436950146555e+00 4.302188839307118373e-01
1.588465298142717419e+00 3.795321529172022701e-01
1.594819159335288283e+00 2.972001330371866756e-01
1.601173020527859148e+00 1.380472208712179571e-01
1.607526881720430012e+00 -2.544337837232758526e-01
1.613880742913000876e+00 -8.556302954976778841e-01
1.620234604105571741e+00 -9.947042699029050583e-01
1.626588465298142605e+00 -9.996895919413580911e-01
1.632942326490713469e+00 -9.968284794348601929e-01
1.639296187683284334e+00 -9.938104557046103515e-01
1.645650048875855198e+00 -9.910255026102161580e-01
1.652003910068426062e+00 -9.877942589411510266e-01
1.658357771260996927e+00 -9.841253202859592264e-01
1.664711632453567791e+00 -9.798590161271497623e-01
1.671065493646138655e+00 -9.764082297234989438e-01
1.677419354838709520e+00 -9.736886370704763705e-01
1.683773216031280384e+00 -9.708062951133040741e-01
1.690127077223851249e+00 -9.678452447290185612e-01
1.696480938416422113e+00 -9.645791313545913903e-01
1.702834799608992977e+00 -9.600859336156737367e-01
1.709188660801563842e+00 -9.560869479821617611e-01
1.715542521994134706e+00 -9.535659404184747556e-01
1.721896383186705570e+00 -9.505139573894370031e-01
1.728250244379276435e+00 -9.471340232853484586e-01
1.734604105571847299e+00 -9.432768073956765420e-01
1.740957966764418163e+00 -9.389464558133575611e-01
1.747311827956989028e+00 -9.366147988885301645e-01
1.753665689149559892e+00 -9.331740713246137187e-01
1.760019550342130756e+00 -9.284273786233234738e-01
1.766373411534701621e+00 -9.247154790840560468e-01
1.772727272727272485e+00 -9.216176113120774227e-01
1.779081133919843349e+00 -9.184953190978948356e-01
1.785434995112414214e+00 -9.141105315363206030e-01
1.791788856304985078e+00 -9.101451909779972871e-01
1.798142717497555942e+00 -9.077589714427445333e-01
1.804496578690126807e+00 -9.022163476972564489e-01
1.810850439882697671e+00 -8.985132125044696938e-01
1.817204301075268535e+00 -8.953867734061764505e-01
1.823558162267839400e+00 -8.916732737135977249e-01
1.829912023460410264e+00 -8.870667165286545419e-01
1.836265884652981129e+00 -8.841526336773499750e-01
1.842619745845551993e+00 -8.791613368640349702e-01
1.848973607038122857e+00 -8.751271564824409932e-01
1.855327468230693722e+00 -8.717052402660077082e-01
1.861681329423264586e+00 -8.672974576056117213e-01
1.868035190615835450e+00 -8.631777075042116332e-01
1.874389051808406315e+00 -8.596103799620012920e-01
1.880742913000977179e+00 -8.542493044842278671e-01
1.887096774193548043e+00 -8.514955287798684491e-01
1.893450635386118908e+00 -8.451236256230529875e-01
1.899804496578689772e+00 -8.424066716199177796e-01
1.906158357771260636e+00 -8.371889097158662363e-01
1.912512218963831501e+00 -8.330730160897618086e-01
1.918866080156402365e+00 -8.288649515490935649e-01
1.925219941348973229e+00 -8.239084849488579332e-01
1.931573802541544094e+00 -8.200604305912573277e-01
1.937927663734114958e+00 -8.145657635912774142e-01
1.944281524926685822e+00 -8.108069894241630715e-01
1.950635386119256687e+00 -8.053196023707797080e-01
1.956989247311827551e+00 -8.005007611978062210e-01
1.963343108504398415e+00 -7.958115060381771855e-01
1.969696969696969280e+00 -7.905457624187812726e-01
1.976050830889540144e+00 -7.857781397394111300e-01
1.982404692082111008e+00 -7.806989947918511197e-01
1.988758553274681873e+00 -7.756295639967402122e-01
1.995112414467252737e+00 -7.702629249598248462e-01
2.001466275659823602e+00 -7.653690155391063010e-01
2.007820136852394466e+00 -7.591899656616291070e-01
2.014173998044965330e+00 -7.544598179258917847e-01
2.020527859237536195e+00 -7.488040757905494171e-01
2.026881720430107059e+00 -7.419333381987318621e-01
2.033235581622678367e+00 -7.372748584359758439e-01
2.039589442815249232e+00 -7.309273157642491858e-01
2.045943304007820096e+00 -7.244389922166100115e-01
2.052297165200390960e+00 -7.188395285456414818e-01
2.058651026392961825e+00 -7.121384359144526943e-01
2.065004887585532689e+00 -7.057928746647593732e-01
2.071358748778103553e+00 -6.993260883413373596e-01
2.077712609970674418e+00 -6.921727991765224131e-01
2.084066471163245282e+00 -6.852578684196009018e-01
2.090420332355815702e+00 -6.782736872306081022e-01
2.096774193548387011e+00 -6.705371512481513863e-01
2.103128054740957431e+00 -6.624682105485769634e-01
2.109481915933528740e+00 -6.547135765765473847e-01
2.115835777126099160e+00 -6.465118145137792594e-01
2.122189638318670468e+00 -6.376003771851275204e-01
2.128543499511240888e+00 -6.282299379576243847e-01
2.134897360703812197e+00 -6.186753023232489657e-01
2.141251221896382617e+00 -6.085645915476454171e-01
2.147605083088953926e+00 -5.978012446413702996e-01
2.153958944281524346e+00 -5.862254510469174784e-01
2.160312805474095654e+00 -5.735499902220896340e-01
2.166666666666666075e+00 -5.591589459004229212e-01
2.173020527859237383e+00 -5.435616467804528229e-01
2.179374389051808691e+00 -5.267598175366483559e-01
2.185728250244379112e+00 -5.078335301331402540e-01
2.192082111436950420e+00 -4.849412038237160827e-01
2.198435972629520840e+00 -4.553202483995391070e-01
2.204789833822092149e+00 -4.153286249821470655e-01
2.211143695014662569e+00 -3.565022641328148278e-01
2.217497556207233878e+00 -2.563788149896228941e-01
2.223851417399804298e+00 -4.302601245241198524e-02
2.230205278592375606e+00 4.771038041792723394e-01
2.236559139784946026e+00 9.443809536157791173e-01
2.242913000977517335e+00 9.990554602487463631e-01
2.249266862170087755e+00 9.991048014744507988e-01
2.255620723362659064e+00 9.962407159738897455e-01
2.261974584555229484e+00 9.928479378260771648e-01
2.268328445747800792e+00 9.886685720719771142e-01
2.274682306940371213e+00 9.856240961105453557e-01
2.281036168132942521e+00 9.828645065292866967e-01
2.287390029325512941e+00 9.796339250804665388e-01
2.293743890518084250e+00 9.766224369355539503e-01
2.300097751710654670e+00 9.739884657074331376e-01
2.306451612903225978e+00 9.684119314360483122e-01
2.312805474095796399e+00 9.656208028974375690e-01
2.319159335288367707e+00 9.626202955532546790e-01
2.325513196480938127e+00 9.594874315008333765e-01
2.331867057673509436e+00 9.573912899116571174e-01
2.338220918866079856e+00 9.514491960567444950e-01
2.344574780058651164e+00 9.485453082724538687e-01
2.350928641251221585e+00 9.454051759754691364e-01
2.357282502443792893e+00 9.421501870064987738e-01
2.363636363636363313e+00 9.391832091068761379e-01
2.369990224828934622e+00 9.344990545520482916e-01
2.376344086021505042e+00 9.309282114129792118e-01
2.382697947214076351e+00 9.286584402078389422e-01
2.389051808406646771e+00 9.239499369416829255e-01
2.395405669599218079e+00 9.200925474345412747e-01
2.401759530791788499e+00 9.164831441088845398e-01
2.408113391984359808e+00 9.133709296524767929e-01
2.414467253176930228e+00 9.097916895150570671e-01
2.420821114369501537e+00 9.046218288839963373e-01
2.427174975562071957e+00 9.019754632581928888e-01
2.433528836754643265e+00 8.978910549086575044e-01
2.439882697947213686e+00 8.938540128276474261e-01
2.446236559139784994e+00 8.901421167295342496e-01
2.452590420332355858e+00 8.869857786861731208e-01
2.458944281524926723e+00 8.813137476011054794e-01
2.465298142717497587e+00 8.785004902402796523e-01
2.471652003910068451e+00 8.740428410896267097e-01
2.478005865102639316e+00 8.698977908782562496e-01
2.484359726295210180e+00 8.663297207786475607e-01
2.490713587487781044e+00 8.617579452051542521e-01
2.497067448680351909e+00 8.582964366593972549e-01
2.503421309872922773e+00 8.528067401033432304e-01
2.509775171065493637e+00 8.490076961142923873e-01
2.516129032258064502e+00 8.449974689368968672e-01
2.522482893450635366e+00 8.403587052558821879e-01
2.528836754643206230e+00 8.363982636189167819e-01
2.535190615835777095e+00 8.315568303758197333e-01
2.541544477028347959e+00 8.279529982749704864e-01
2.547898338220918824e+00 8.216192571062815864e-01
2.554252199413489688e+00 8.183279383261724549e-01
2.560606060606060552e+00 8.130565406299327114e-01
2.566959921798631417e+00 8.087104806584957117e-01
2.573313782991202281e+00 8.039714410421604507e-01
2.579667644183773145e+00 7.991730812587889421e-01
2.586021505376344010e+00 7.941332018564697393e-01
2.592375366568914874e+00 7.898611817989890094e-01
2.598729227761485738e+00 7.833430781272081589e-01
2.605083088954056603e+00 7.793491230837857886e-01
2.611436950146627467e+00 7.734945795812036007e-01
2.617790811339198331e+00 7.686027202956121629e-01
2.624144672531769196e+00 7.631592999323060234e-01
2.630498533724340060e+00 7.577812736746299960e-01
2.636852394916910924e+00 7.524337849696600689e-01
2.643206256109481789e+00 7.463019327743568576e-01
2.649560117302052653e+00 7.412318945393966407e-01
2.655913978494623517e+00 7.350986958106634495e-01
2.662267839687194382e+00 7.285061590558651323e-01
2.668621700879765246e+00 7.232961371534857298e-01
2.674975562072336110e+00 7.167377360725958324e-01
2.681329423264906975e+00 7.096475891610743991e-01
2.687683284457477839e+00 7.037988501345396886e-01
2.694037145650048704e+00 6.969961903234065392e-01
2.700391006842619568e+00 6.896985047105264055e-01
2.706744868035190432e+00 6.829681734858767950e-01
2.713098729227761741e+00 6.756632795308871176e-01
2.719452590420332161e+00 6.678081339625602242e-01
2.725806451612903469e+00 6.601306196220783074e-01
2.732160312805473890e+00 6.521610084658265860e-01
2.738514173998045198e+00 6.435425255244212606e-01
2.744868035190615618e+00 6.344581313501514996e-01
2.751221896383186927e+00 6.252403554652635753e-01
2.757575757575757347e+00 6.155332299995451839e-01
2.763929618768328655e+00 6.052002178519689801e-01
2.770283479960899076e+00 5.941175406791457947e-01
2.776637341153470384e+00 5.821335765826501918e-01
2.782991202346040804e+00 5.687977515186101174e-01
2.789345063538612113e+00 5.543830207385180842e-01
2.795698924731182533e+00 5.388617693810229259e-01
2.802052785923753842e+00 5.215367431096833428e-01
2.808406647116324262e+00 5.010410481129786708e-01
2.814760508308895570e+00 4.752215064200289163e-01
2.821114369501465990e+00 4.421620034217494943e-01
2.827468230694037299e+00 3.979225301006394377e-01
2.833822091886607719e+00 3.282201417858864323e-01
2.840175953079179028e+00 2.014435365347010953e-01
2.846529814271749448e+00 -9.182110632063994471e-02
2.852883675464320756e+00 -7.056531910235673832e-01
2.859237536656891177e+00 -9.819410803296679813e-01
2.865591397849462485e+00 -1.000071007887286978e+00
2.871945259042032905e+00 -9.978002539412598182e-01
2.878299120234604214e+00 -9.945962675138937392e-01
2.884652981427174634e+00 -9.919437461064323225e-01
2.891006842619745942e+00 -9.887595899601648863e-01
2.897360703812316363e+00 -9.852813093878346473e-01
2.903714565004887671e+00 -9.819128397337625325e-01
2.910068426197458091e+00 -9.779023570510926300e-01
2.916422287390029400e+00 -9.742462506438721581e-01
2.922776148582599820e+00 -9.719758607333082168e-01
2.929130009775171128e+00 -9.688173013193476235e-01
2.935483870967741549e+00 -9.653241133929503226e-01
2.941837732160312857e+00 -9.619484924205490284e-01
2.948191593352883277e+00 -9.580583936681486001e-01
2.954545454545454586e+00 -9.540648040677337516e-01
2.960899315738025006e+00 -9.514753524016559272e-01
2.967253176930596315e+00 -9.481491649147308909e-01
2.973607038123166735e+00 -9.446636881818476494e-01
2.979960899315738043e+00 -9.404127965805064715e-01
2.986314760508308908e+00 -9.369655270260187629e-01
2.992668621700879772e+00 -9.347844455213525361e-01
2.999022482893450636e+00 -9.298325573334499383e-01
3.005376344086021501e+00 -9.256375101988951748e-01
3.011730205278592365e+00 -9.225055653666395239e-01
3.018084066471163229e+00 -9.193596622269027963e-01
3.024437927663734094e+00 -9.159347425127744025e-01
3.030791788856304958e+00 -9.108909833034567471e-01
3.037145650048875822e+00 -9.081524647207906975e-01
3.043499511241446687e+00 -9.044438733483972648e-01
3.049853372434017551e+00 -9.000070727475486532e-01
3.056207233626588415e+00 -8.964131869040573575e-01
3.062561094819159280e+00 -8.933029333103057468e-01
3.068914956011730144e+00 -8.878569923332100267e-01
3.075268817204301008e+00 -8.851014337702038937e-01
3.081622678396871873e+00 -8.809647183381703606e-01
3.087976539589442737e+00 -8.760254659218462692e-01
3.094330400782013601e+00 -8.728835666636758361e-01
3.100684261974584466e+00 -8.688429000283979242e-01
3.107038123167155330e+00 -8.641441578338259211e-01
3.113391984359726194e+00 -8.609723689789068324e-01
3.119745845552297059e+00 -8.555748171995424256e-01
3.126099706744867923e+00 -8.524902013036549375e-01
3.132453567937438788e+00 -8.472958076278807038e-01
3.138807429130009652e+00 -8.432478486673077311e-01
3.145161290322580516e+00 -8.390991448790620089e-01
3.151515151515151381e+00 -8.341014850331891495e-01
3.157869012707722245e+00 -8.303925044973891056e-01
3.164222873900293109e+00 -8.252471130525271814e-01
3.170576735092863974e+00 -8.214370511375657102e-01
3.176930596285434838e+00 -8.158999859294797652e-01
3.183284457478005702e+00 -8.124196330054499482e-01
3.189638318670576567e+00 -8.060991614505006453e-01
3.195992179863147431e+00 -8.028147623042247716e-01
3.202346041055718295e+00 -7.965112417622712826e-01
3.208699902248289160e+00 -7.926656911381063653e-01
3.215053763440860024e+00 -7.869469880636358328e-01
3.221407624633430888e+00 -7.825452607639536984e-01
3.227761485826001753e+00 -7.769568181498140991e-01
3.234115347018572617e+00 -7.722212525319803733e-01
3.240469208211143481e+00 -7.666881601497929077e-01
3.246823069403714346e+00 -7.611678430104023008e-01
3.253176930596285210e+00 -7.563449486018147816e-01
3.259530791788856519e+00 -7.497315411772658145e-01
3.265884652981426939e+00 -7.446590209129300142e-01
3.272238514173998247e+00 -7.390799062601215441e-01
3.278592375366568668e+00 -7.321913308642049589e-01
3.284946236559139976e+00 -7.269602019446044228e-01
3.291300097751710396e+00 -7.206319434138389601e-01
3.297653958944281705e+00 -7.141068118275296639e-01
3.304007820136852125e+00 -7.080729654463355782e-01
3.310361681329423433e+00 -7.012178017258129392e-01
3.316715542521993854e+00 -6.943705052617127338e-01
3.323069403714565162e+00 -6.877399775461020548e-01
3.329423264907135582e+00 -6.803816047237160047e-01
3.335777126099706891e+00 -6.726242621140430256e-01
3.342130987292277311e+00 -6.652670716756380331e-01
3.348484848484848619e+00 -6.574871604115807289e-01
3.354838709677419040e+00 -6.489713258788687433e-01
3.361192570869990348e+00 -6.401388885250138827e-01
3.367546432062560768e+00 -6.312913205058150456e-01
3.373900293255132077e+00 -6.219331253064009912e-01
3.380254154447702497e+00 -6.119227119585205488e-01
3.386608015640273806e+00 -6.012240472301986216e-01
3.392961876832844226e+00 -5.897515680044473907e-01
3.399315738025415534e+00 -5.773081017080323729e-01
3.405669599217985954e+00 -5.640355091958971778e-01
3.412023460410557263e+00 -5.496744211742836672e-01
3.418377321603127683e+00 -5.335216765266487249e-01
3.424731182795698992e+00 -5.144521503727554901e-01
3.431085043988269412e+00 -4.916805334919659987e-01
3.437438905180840720e+00 -4.639059523419418185e-01
3.443792766373411141e+00 -4.273461442738196725e-01
3.450146627565982449e+00 -3.742561191276888022e-01
3.456500488758552869e+00 -2.907050242455609390e-01
3.462854349951124178e+00 -1.209323487596568880e-01
3.469208211143694598e+00 2.958859006511195266e-01
3.475562072336265906e+00 8.788128694770429572e-01
3.481915933528836327e+00 9.960795936191534361e-01
3.488269794721407635e+00 9.996243063892372716e-01
3.494623655913978055e+00 9.969056465177880133e-01
3.500977517106549364e+00 9.934363778379731169e-01
3.507331378299119784e+00 9.895835624580904266e-01
3.513685239491691092e+00 9.868796773395094313e-01
3.520039100684261513e+00 9.839216628784733798e-01
3.526392961876832821e+00 9.810181524139761633e-01
3.532746823069403241e+00 9.778518989842566178e-01
3.539100684261974550e+00 9.733951132573626097e-01
3.545454545454544970e+00 9.692494515188401216e-01
3.551808406647116279e+00 9.664889718797855522e-01
3.558162267839686699e+00 9.636133584034054511e-01
3.564516129032258007e+00 9.606642097559540128e-01
3.570869990224828427e+00 9.576227168915015797e-01
3.577223851417399736e+00 9.529386751784026943e-01
3.583577712609970156e+00 9.488891331098583404e-01
3.589931573802541465e+00 9.465881141604045590e-01
3.596285434995111885e+00 9.432254543991901441e-01
3.602639296187683193e+00 9.396976071979096234e-01
3.608993157380253614e+00 9.358011430416598442e-01
3.615347018572824922e+00 9.318289025956740801e-01
3.621700879765395342e+00 9.298067474872471205e-01
3.628054740957966651e+00 9.248819630577087558e-01
3.634408602150537071e+00 9.200287477709164774e-01
3.640762463343108379e+00 9.174726848335016394e-01
3.647116324535678800e+00 9.141682461691353900e-01
3.653470185728250108e+00 9.105428649236700922e-01
3.659824046920820528e+00 9.059885531675057058e-01
3.666177908113391837e+00 9.035538508833587112e-01
3.672531769305962257e+00 8.983698524018828291e-01
3.678885630498533565e+00 8.943721802468154181e-01
3.685239491691103986e+00 8.911040084541643758e-01
3.691593352883675294e+00 8.875119960706338018e-01
3.697947214076245714e+00 8.828755007601919447e-01
3.704301075268817023e+00 8.800909906727724108e-01
3.710654936461387443e+00 8.744205239370791416e-01
3.717008797653958752e+00 8.708620185160294014e-01
3.723362658846529172e+00 8.671902140945426662e-01
3.729716520039100480e+00 8.629441264535218092e-01
3.736070381231670900e+00 8.587428444160931651e-01
3.742424242424242209e+00 8.551378013793586863e-01
3.748778103616812629e+00 8.499728158037678227e-01
3.755131964809383938e+00 8.460855317144611032e-01
3.761485826001954358e+00 8.410906561878686016e-01
3.767839687194525666e+00 8.373996354075009529e-01
3.774193548387096087e+00 8.328077427792915932e-01
3.780547409579667395e+00 8.284584003482547976e-01
3.786901270772237815e+00 8.239385466443592820e-01
3.793255131964809124e+00 8.196951914854559984e-01
3.799608993157379544e+00 8.138419105772792816e-01
3.805962854349951296e+00 8.101043978992205075e-01
3.812316715542521273e+00 8.048470900202042699e-01
3.818670576735093025e+00 8.003324166657000971e-01
3.825024437927663001e+00 7.954526717748485742e-01
3.831378299120234754e+00 7.906070635446263983e-01
3.837732160312804730e+00 7.853082099286901041e-01
3.844086021505376483e+00 7.809884776799135286e-01
3.850439882697946459e+00 7.745525311778704847e-01
3.856793743890518211e+00 7.704053758961127985e-01
3.863147605083088187e+00 7.647735406765260313e-01
3.869501466275659940e+00 7.584137122669424302e-01
3.875855327468229916e+00 7.539498951868822685e-01
3.882209188660801669e+00 7.474898392494658816e-01
3.888563049853371645e+00 7.423732084026192224e-01
3.894916911045943397e+00 7.363755206507034412e-01
3.901270772238513374e+00 7.305152699869195132e-01
3.907624633431085126e+00 7.246525545882970265e-01
3.913978494623655102e+00 7.180251370188508453e-01
3.920332355816226855e+00 7.119884076003981654e-01
3.926686217008796831e+00 7.057424540724037687e-01
3.933040078201368583e+00 6.984583784140075968e-01
3.939393939393938560e+00 6.915544405004629969e-01
3.945747800586510312e+00 6.850434612706032267e-01
3.952101661779080288e+00 6.775667110129357518e-01
3.958455522971652041e+00 6.695368662659246795e-01
3.964809384164222017e+00 6.620775568379339004e-01
3.971163245356793770e+00 6.542002195438173517e-01
3.977517106549363746e+00 6.456347059304800018e-01
3.983870967741935498e+00 6.367582316725894920e-01
3.990224828934505474e+00 6.277003650481843833e-01
3.996578690127077227e+00 6.181117521135314208e-01
4.002932551319647203e+00 6.078678183895737108e-01
4.009286412512219400e+00 5.969160865430865881e-01
4.015640273704788932e+00 5.850587127502705487e-01
4.021994134897361128e+00 5.721856242239662382e-01
4.028347996089930660e+00 5.584562513288436891e-01
4.034701857282502857e+00 5.435430891284479538e-01
4.041055718475072389e+00 5.266178917972343942e-01
4.047409579667644586e+00 5.063735637557658098e-01
4.053763440860214118e+00 4.818396127488850933e-01
4.060117302052786314e+00 4.512764616824025965e-01
4.066471163245356735e+00 4.098188052892700606e-01
4.072825024437928043e+00 3.475922341374267366e-01
4.079178885630498463e+00 2.409786556726668250e-01
4.085532746823069772e+00 5.430045051252398690e-03
4.091886608015640192e+00 -5.518893404862126317e-01
4.098240469208211501e+00 -9.601494380795471129e-01
4.104594330400781921e+00 -9.994697823243612333e-01
4.110948191593353229e+00 -9.986657879507655489e-01
4.117302052785923649e+00 -9.956541941965303399e-01
4.123655913978494958e+00 -9.916594344313864884e-01
4.130009775171065378e+00 -9.888723701479804618e-01
4.136363636363636687e+00 -9.859161176043851338e-01
4.142717497556207107e+00 -9.831298976459056371e-01
4.149071358748778415e+00 -9.800171416863941998e-01
4.155425219941348836e+00 -9.752096390644549029e-01
4.161779081133920144e+00 -9.712631702358512920e-01
4.168132942326490564e+00 -9.685753945051838176e-01
4.174486803519061873e+00 -9.656236693209244715e-01
4.180840664711631405e+00 -9.627230461385545279e-01
4.187194525904203601e+00 -9.599984312998878222e-01
4.193548387096774022e+00 -9.548501107323213999e-01
4.199902248289345330e+00 -9.514376064382255027e-01
4.206256109481914862e+00 -9.483762862638525082e-01
4.212609970674487059e+00 -9.453467015730000478e-01
4.218963831867057479e+00 -9.425760502766542537e-01
4.225317693059628787e+00 -9.370075881534519757e-01
4.231671554252198320e+00 -9.339919159615157618e-01
4.238025415444770516e+00 -9.309258720739347348e-01
4.244379276637340936e+00 -9.277140299727881789e-01
4.250733137829912245e+00 -9.237621851609512102e-01
4.257086999022481777e+00 -9.194980946769123475e-01
4.263440860215053974e+00 -9.166041281890594528e-01
4.269794721407624394e+00 -9.125823160191963712e-01
4.276148582600195702e+00 -9.086856095583891735e-01
4.282502443792765234e+00 -9.049731430184005943e-01
4.288856304985337431e+00 -9.022621234253400679e-01
4.295210166177907851e+00 -8.960908768275841485e-01
4.301564027370479160e+00 -8.935596709775606161e-01
4.307917888563048692e+00 -8.897290043460246434e-01
4.314271749755620888e+00 -8.856762184543783833e-01
4.320625610948191309e+00 -8.816501553579829675e-01
4.326979472140762617e+00 -8.786481979356587368e-01
4.333333333333332149e+00 -8.727171251312754174e-01
4.339687194525904346e+00 -8.698464373869574384e-01
4.346041055718474766e+00 -8.653053909319787795e-01
4.352394916911046074e+00 -8.611767418750924108e-01
4.358748778103617383e+00 -8.574553298077238761e-01
4.365102639296187803e+00 -8.527241224997831326e-01
4.371456500488758223e+00 -8.495230536625407725e-01
4.377810361681329532e+00 -8.432519033220854388e-01
4.384164222873900840e+00 -8.401511572467219580e-01
4.390518084066471260e+00 -8.354806483774053216e-01
4.396871945259041681e+00 -8.309785084833190005e-01
4.403225806451612989e+00 -8.269431862065921290e-01
4.409579667644184298e+00 -8.217952678480355821e-01
4.415933528836754718e+00 -8.183077578604756042e-01
4.422287390029325138e+00 -8.124083086855752311e-01
4.428641251221896447e+00 -8.079658292764615446e-01
4.434995112414467755e+00 -8.030418998982878920e-01
4.441348973607038175e+00 -7.984871086609851565e-01
4.447702834799608596e+00 -7.933770773008239630e-01
4.454056695992179904e+00 -7.888184373784270509e-01
4.460410557184751212e+00 -7.834304764074201399e-01
4.466764418377321633e+00 -7.786341383437865860e-01
4.473118279569892053e+00 -7.737219292476374966e-01
4.479472140762463361e+00 -7.671054104102847937e-01
4.485826001955034670e+00 -7.632908902358230829e-01
4.492179863147605090e+00 -7.570223872046147884e-01
4.498533724340175510e+00 -7.508284999949255134e-01
4.504887585532746819e+00 -7.461019266514475889e-01
4.511241446725318127e+00 -7.395887089459296515e-01
4.517595307917888547e+00 -7.342838375508851101e-01
4.523949169110458968e+00 -7.281345815535361643e-01
4.530303030303030276e+00 -7.221124425984061235e-01
4.536656891495601585e+00 -7.160490619398097722e-01
4.543010752688172005e+00 -7.092565730188921114e-01
4.549364613880742425e+00 -7.028801174943674068e-01
4.555718475073313734e+00 -6.965032459403545095e-01
4.562072336265885042e+00 -6.891185659303967759e-01
4.568426197458455462e+00 -6.816053444632831360e-01
4.574780058651025882e+00 -6.747655954659480537e-01
4.581133919843597191e+00 -6.672575220341188107e-01
4.587487781036168499e+00 -6.589325269875903057e-01
4.593841642228738920e+00 -6.507174896401660691e-01
4.600195503421309340e+00 -6.424294784424494642e-01
4.606549364613880648e+00 -6.335457052948281209e-01
4.612903225806451957e+00 -6.240447799333234125e-01
4.619257086999022377e+00 -6.141461141788313594e-01
4.625610948191592797e+00 -6.036746321910009261e-01
4.631964809384164106e+00 -5.925673383384296722e-01
4.638318670576735414e+00 -5.806806536995460233e-01
4.644672531769305834e+00 -5.676962665492153448e-01
4.651026392961876255e+00 -5.531045692358647070e-01
4.657380254154447563e+00 -5.367249639149325180e-01
4.663734115347018871e+00 -5.184101028317942284e-01
4.670087976539589292e+00 -4.971196732542559893e-01
4.676441837732159712e+00 -4.708880192233864670e-01
4.682795698924731020e+00 -4.366917695205567718e-01
4.689149560117302329e+00 -3.892358739426439174e-01
4.695503421309872749e+00 -3.143304900507979394e-01
4.701857282502443169e+00 -1.735872684796846144e-01
4.708211143695014478e+00 1.632582380873723038e-01
4.714565004887585786e+00 7.843111380354329532e-01
4.720918866080156207e+00 9.894771253662436594e-01
4.727272727272726627e+00 9.999203570209069802e-01
4.733626588465297935e+00 9.973076130843764320e-01
4.739980449657869244e+00 9.941559233742304214e-01
4.746334310850439664e+00 9.915149177767524913e-01
4.752688172043010084e+00 9.888487461754480456e-01
4.759042033235581393e+00 9.842759121436871483e-01
4.765395894428152701e+00 9.800070198160104606e-01
4.771749755620723121e+00 9.772466895949686316e-01
4.778103616813293542e+00 9.742073327238178759e-01
4.784457478005864850e+00 9.710659438421493928e-01
4.790811339198436158e+00 9.687851138124695671e-01
4.797165200391006579e+00 9.646402597395214995e-01
4.803519061583576999e+00 9.609963116866454547e-01
4.809872922776148307e+00 9.575806119758462076e-01
4.816226783968719616e+00 9.538321973816151766e-01
4.822580645161290036e+00 9.515008383117388169e-01
4.828934506353860456e+00 9.474153071270644544e-01
4.835288367546431765e+00 9.436364830569933249e-01
4.841642228739003073e+00 9.401049367895314424e-01
4.847996089931573493e+00 9.364822533537070504e-01
4.854349951124143914e+00 9.342804647230316117e-01
4.860703812316715222e+00 9.287545878921664722e-01
4.867057673509286531e+00 9.252765052782135902e-01
4.873411534701856951e+00 9.220909474546949980e-01
4.879765395894427371e+00 9.188703048982400645e-01
4.886119257086998680e+00 9.152842386365425131e-01
4.892473118279569988e+00 9.105158785382511111e-01
4.898826979472140408e+00 9.075388931895241873e-01
4.905180840664711717e+00 9.035061545788433124e-01
4.911534701857282137e+00 8.996550958969232736e-01
4.917888563049853445e+00 8.959063362143216969e-01
4.924242424242423866e+00 8.925412271604209469e-01
4.930596285434995174e+00 8.873853822551777126e-01
4.936950146627565594e+00 8.851735743508922782e-01
4.943304007820136903e+00 8.794080119049435540e-01
4.949657869012707323e+00 8.757725775421543180e-01
4.956011730205278631e+00 8.722918666702171864e-01
4.962365591397849052e+00 8.678120044443841108e-01
4.968719452590420360e+00 8.637416043865610016e-01
4.975073313782990780e+00 8.601333735252640889e-01
4.981427174975562089e+00 8.550615171635443934e-01
4.987781036168132509e+00 8.521948439140619724e-01
4.994134897360703818e+00 8.458797823079012845e-01
5.000488758553274238e+00 8.428949128064083807e-01
5.006842619745845546e+00 8.381245159953146784e-01
5.013196480938415966e+00 8.336893971072927290e-01
5.019550342130987275e+00 8.296814212689844759e-01
5.025904203323557695e+00 8.245614527475968458e-01
5.032258064516129004e+00 8.210043617575945030e-01
5.038611925708699424e+00 8.151537990338444395e-01
5.044965786901270732e+00 8.111358438031252005e-01
5.051319648093841153e+00 8.058481584229489902e-01
5.057673509286412461e+00 8.015474043736379173e-01
5.064027370478982881e+00 7.962962465659364497e-01
5.070381231671554190e+00 7.918868163434034102e-01
5.076735092864124610e+00 7.864395462990781960e-01
5.083088954056695918e+00 7.818145554394462238e-01
5.089442815249266339e+00 7.766417759232980833e-01
5.095796676441837647e+00 7.705888602540731380e-01
5.102150537634408067e+00 7.665637430624400173e-01
5.108504398826979376e+00 7.598466894984882147e-01
5.114858260019549796e+00 7.548609698579734628e-01
5.121212121212121104e+00 7.494333865138350648e-01
5.127565982404691525e+00 7.432586723948836349e-01
5.133919843597262833e+00 7.379880418193754954e-01
5.140273704789833253e+00 7.316794302095989133e-01
5.146627565982404562e+00 7.259625907337937667e-01
5.152981427174975870e+00 7.198225341579266301e-01
5.159335288367546291e+00 7.130918391951582835e-01
5.165689149560116711e+00 7.070880309436056166e-01
5.172043010752688019e+00 7.005204417519146354e-01
5.178396871945259328e+00 6.930861631683363777e-01
5.184750733137829748e+00 6.862823955547175947e-01
5.191104594330400168e+00 6.794582472207163493e-01
5.197458455522971477e+00 6.716996090547131537e-01
5.203812316715542785e+00 6.636331550621518138e-01
5.210166177908113205e+00 6.559560421968705368e-01
5.216520039100683626e+00 6.477678609161503509e-01
5.222873900293254934e+00 6.389170987486261222e-01
5.229227761485826242e+00 6.297490856220984146e-01
5.235581622678396663e+00 6.202882034015745338e-01
5.241935483870967083e+00 6.102688993074002477e-01
5.248289345063538391e+00 5.995719270532030576e-01
5.254643206256109700e+00 5.880654470190656014e-01
5.260997067448680120e+00 5.754173052094208041e-01
5.267350928641250540e+00 5.614431131292340060e-01
5.273704789833821849e+00 5.464698109032856133e-01
5.280058651026393157e+00 5.301680839542970425e-01
5.286412512218963577e+00 5.115080905668877298e-01
5.292766373411533998e+00 4.887594618875619190e-01
5.299120234604105306e+00 4.520115354017336107e-01
5.305474095796676615e+00 4.092095992704879448e-01
5.311827956989247035e+00 3.705959087745164804e-01
5.318181818181817455e+00 2.982729409567624890e-01
5.324535679374388764e+00 1.054332503445392089e-01
5.330889540566960072e+00 -3.436405310505691868e-01
5.337243401759530492e+00 -9.015217337978862489e-01
5.343597262952100913e+00 -9.975327962790956349e-01
5.349951124144672221e+00 -9.994768437516037274e-01
5.356304985337243529e+00 -9.966128874316318997e-01
5.362658846529813950e+00 -9.929593455650214118e-01
5.369012707722384370e+00 -9.900629318228971742e-01
5.375366568914955678e+00 -9.875870300997460216e-01
5.381720430107526987e+00 -9.844896831623756173e-01
5.388074291300097407e+00 -9.803682566894680317e-01
5.394428152492667827e+00 -9.767555456582506235e-01
5.400782013685239136e+00 -9.733706659128479322e-01
5.407135874877810444e+00 -9.698061525562566842e-01
5.413489736070380864e+00 -9.669648295943633620e-01
5.419843597262951285e+00 -9.646780063942957950e-01
5.426197458455523481e+00 -9.604121240549129412e-01
5.432551319648093902e+00 -9.562120454015563542e-01
5.438905180840664322e+00 -9.528449476586736688e-01
5.445259042033234742e+00 -9.495155139714822612e-01
5.451612903225806939e+00 -9.466815771950843894e-01
5.457966764418377359e+00 -9.438176199999774862e-01
5.464320625610947779e+00 -9.379731410254283919e-01
5.470674486803518199e+00 -9.351216306925975719e-01
5.477028347996090396e+00 -9.320808537072206024e-01
5.483382209188660816e+00 -9.288854163791131491e-01
5.489736070381231237e+00 -9.252354856735041100e-01
5.496089931573801657e+00 -9.205091114234101868e-01
5.502443792766373853e+00 -9.178152410057087707e-01
5.508797653958944274e+00 -9.139140060342686445e-01
5.515151515151514694e+00 -9.100522346331589851e-01
5.521505376344085114e+00 -9.061503230626833938e-01
5.527859237536657311e+00 -9.036552598283000837e-01
5.534213098729227731e+00 -8.973412788884450597e-01
5.540566959921798151e+00 -8.947063971991503495e-01
5.546920821114368572e+00 -8.910624417906026773e-01
5.553274682306940768e+00 -8.871305958219001253e-01
5.559628543499511188e+00 -8.828692515571956445e-01
5.565982404692081609e+00 -8.801775889028617961e-01
5.572336265884652029e+00 -8.737957272040300927e-01
5.578690127077224226e+00 -8.711690313308919631e-01
5.585043988269794646e+00 -8.668338027621396158e-01
5.591397849462365066e+00 -8.625793945821009778e-01
5.597751710654935486e+00 -8.588354635679156246e-01
5.604105571847507683e+00 -8.543624329609522672e-01
5.610459433040078103e+00 -8.507791947863775350e-01
5.616813294232648524e+00 -8.449521141798316259e-01
5.623167155425218944e+00 -8.414081208720659566e-01
5.629521016617791140e+00 -8.371113534234179143e-01
5.635874877810361561e+00 -8.324560075722011732e-01
5.642228739002931981e+00 -8.284677337163638411e-01
5.648582600195502401e+00 -8.233212445967014181e-01
5.654936461388074598e+00 -8.200140646704370262e-01
5.661290322580645018e+00 -8.134870468020251044e-01
5.667644183773215438e+00 -8.098472347413733230e-01
5.673998044965785859e+00 -8.044136854497688782e-01
5.680351906158358055e+00 -8.002107708618391158e-01
5.686705767350928475e+00 -7.950473254529178968e-01
5.693059628543498896e+00 -7.905535669939157684e-01
5.699413489736070204e+00 -7.849778040906629784e-01
5.705767350928641513e+00 -7.807513078702775777e-01
5.712121212121211933e+00 -7.750894472539466840e-01
5.718475073313782353e+00 -7.690762956864534150e-01
5.724828934506353662e+00 -7.647222187688195172e-01
5.731182795698924970e+00 -7.584024182222448562e-01
5.737536656891495390e+00 -7.535281927936891000e-01
5.743890518084065810e+00 -7.476499908153876328e-01
5.750244379276637119e+00 -7.421478673628205680e-01
5.756598240469208427e+00 -7.364039799195656322e-01
5.762952101661778848e+00 -7.300139834636394376e-01
5.769305962854349268e+00 -7.245163387238595654e-01
5.775659824046920576e+00 -7.182311050041675360e-01
5.782013685239491885e+00 -7.111221620713898961e-01
5.788367546432062305e+00 -7.052039827057957622e-01
5.794721407624632725e+00 -6.987571366813064566e-01
5.801075268817204034e+00 -6.911595392641265434e-01
5.807429130009775342e+00 -6.842222437864556861e-01
5.813782991202345762e+00 -6.773103776576496760e-01
5.820136852394916183e+00 -6.695728699805485462e-01
5.826490713587487491e+00 -6.616261555225987356e-01
5.832844574780058799e+00 -6.537951615277931561e-01
5.839198435972629220e+00 -6.454348432330389018e-01
5.845552297165199640e+00 -6.364746381081572979e-01
5.851906158357770948e+00 -6.272401096322915981e-01
5.858260019550342257e+00 -6.176276500999424712e-01
5.864613880742912677e+00 -6.074428797907600597e-01
5.870967741935483097e+00 -5.965598726057846912e-01
5.877321603128054406e+00 -5.848242285972888865e-01
5.883675464320625714e+00 -5.718376808727700933e-01
5.890029325513196135e+00 -5.574627508622930216e-01
5.896383186705766555e+00 -5.420395083090977506e-01
5.902737047898337863e+00 -5.251752462195754534e-01
5.909090909090909172e+00 -5.057128306439206966e-01
5.915444770283479592e+00 -4.817307006761157862e-01
5.921798631476050012e+00 -4.507036138757200550e-01
5.928152492668621321e+00 -4.091467794214792009e-01
5.934506353861192629e+00 -3.467391010024389320e-01
5.940860215053763049e+00 -2.388233765589564961e-01
5.947214076246333470e+00 2.384652746574657690e-03
5.953567937438904778e+00 5.651708151984005113e-01
5.959921798631476086e+00 9.625236402991121931e-01
5.966275659824046507e+00 9.997017842758628703e-01
5.972629521016617815e+00 9.987084123681665426e-01
5.978983382209188235e+00 9.958418444602553654e-01
5.985337243401759544e+00 9.920546990166906332e-01
5.991691104594329964e+00 9.883165342093868100e-01
5.998044965786901273e+00 9.854459462471292230e-01
6.004398826979471693e+00 9.830248278208418844e-01
6.010752688172043001e+00 9.797362028418230562e-01
6.017106549364613421e+00 9.761566704994253385e-01
6.023460410557184730e+00 9.727431040114801197e-01
6.029814271749755150e+00 9.690007924200689793e-01
6.036168132942326459e+00 9.649878093698456283e-01
6.042521994134896879e+00 9.626142070232641679e-01
6.048875855327468187e+00 9.597241805694207706e-01
6.055229716520038608e+00 9.557059345046894361e-01
6.061583577712609916e+00 9.520686781486871197e-01
6.067937438905180336e+00 9.482980033107849538e-01
6.074291300097751645e+00 9.448565837864593142e-01
6.080645161290322065e+00 9.426455646746179085e-01
6.086999022482893373e+00 9.378079513130525013e-01
6.093352883675463794e+00 9.339635456752793941e-01
6.099706744868035102e+00 9.305813135891898291e-01
6.106060606060605522e+00 9.274289176869129347e-01
6.112414467253176831e+00 9.244773213665169465e-01
6.118768328445747251e+00 9.187533490294085281e-01
6.125122189638318559e+00 9.161399824790984470e-01
6.131476050830888980e+00 9.127121734505195816e-01
6.137829912023460288e+00 9.090052145858426025e-01
6.144183773216030708e+00 9.045862943039305604e-01
6.150537634408602017e+00 9.020992508129291876e-01
6.156891495601172437e+00 8.967498788744031613e-01
6.163245356793743746e+00 8.929394947988400499e-01
6.169599217986314166e+00 8.896540303364665059e-01
6.175953079178885474e+00 8.859368282358706104e-01
6.182306940371455894e+00 8.813060318077438060e-01
6.188660801564027203e+00 8.786683093389621169e-01
6.195014662756597623e+00 8.725737579525326693e-01
6.201368523949168932e+00 8.694786846856931151e-01
6.207722385141739352e+00 8.655655522453731265e-01
6.214076246334310660e+00 8.612052502161499090e-01
6.220430107526881081e+00 8.572405020558336863e-01
6.226783968719452389e+00 8.532427847618700989e-01
6.233137829912022809e+00 8.487125384394433869e-01
6.239491691104594118e+00 8.441002487786614106e-01
6.245845552297165426e+00 8.395669365172907517e-01
6.252199413489735846e+00 8.356872494548260866e-01
6.258553274682306267e+00 8.309261475721652079e-01
6.264907135874877575e+00 8.268453041512943136e-01
6.271260997067448884e+00 8.218479049421724136e-01
6.277614858260019304e+00 8.181940914391723219e-01
6.283968719452589724e+00 8.117622176907983711e-01
6.290322580645161032e+00 8.083807386947933216e-01
6.296676441837732341e+00 8.027285321877521973e-01
6.303030303030302761e+00 7.985554645178263300e-01
6.309384164222873181e+00 7.933423779259782815e-01
6.315738025415444490e+00 7.888020891484632813e-01
6.322091886608015798e+00 7.831646628064388160e-01
6.328445747800586219e+00 7.789654511327589459e-01
6.334799608993156639e+00 7.729719174477035493e-01
6.341153470185727947e+00 7.677178322519974119e-01
6.347507331378299256e+00 7.632160294189229699e-01
6.353861192570869676e+00 7.560328663873961963e-01
6.360215053763440096e+00 7.516225842751926844e-01
6.366568914956011405e+00 7.456279232638791665e-01
6.372922776148582713e+00 7.398728216268283253e-01
6.379276637341153133e+00 7.342607283898184845e-01
6.385630498533723554e+00 7.279708685119716804e-01
6.391984359726294862e+00 7.222437900876261807e-01
6.398338220918866170e+00 7.158053846114073027e-01
6.404692082111436591e+00 7.091663229030295001e-01
6.411045943304007011e+00 7.031128155046136863e-01
6.417399804496578319e+00 6.962276185456516275e-01
6.423753665689149628e+00 6.886748112524273546e-01
6.430107526881720048e+00 6.819194611564135533e-01
6.436461388074290468e+00 6.748627929371764367e-01
6.442815249266861777e+00 6.668769293458949310e-01
6.449169110459433085e+00 6.587458930289822323e-01
6.455522971652003505e+00 6.508546781676798343e-01
6.461876832844573926e+00 6.424143513844242648e-01
6.468230694037145234e+00 6.333313654768870649e-01
6.474584555229716543e+00 6.239108251212884815e-01
6.480938416422286963e+00 6.140907303447327159e-01
6.487292277614857383e+00 6.036688940436631956e-01
6.493646138807428692e+00 5.925226910771813627e-01
6.500000000000000000e+00 5.804757289714161939e-01
