0.000000000000000000e+00 1.242850023864787296e-01
6.353861192570869551e-03 1.248830904496414235e-01
1.270772238514173910e-02 1.242889684775114745e-01
1.906158357771260692e-02 1.224970003262107754e-01
2.541544477028347820e-02 1.195133280512955948e-01
3.176930596285434949e-02 1.153565034579227683e-01
3.812316715542521384e-02 1.100585009764024208e-01
4.447702834799608512e-02 1.036570527030539479e-01
5.083088954056695641e-02 9.619996719711970679e-02
5.718475073313782076e-02 8.774600465272137939e-02
6.353861192570869898e-02 7.836487689885997254e-02
6.989247311827956333e-02 6.813724739941574848e-02
7.624633431085042767e-02 5.715473125314832203e-02
8.260019550342130590e-02 4.551989519369653570e-02
8.895405669599217025e-02 3.334167795649856103e-02
9.530791788856304847e-02 2.072444465766386246e-02
1.016617790811339128e-01 7.786609770095689366e-03
1.080156402737047772e-01 -5.350980907103006397e-03
1.143695014662756415e-01 -1.856619447517196889e-02
1.207233626588465059e-01 -3.173561093569358255e-02
1.270772238514173980e-01 -4.473452319059306043e-02
1.334310850439882623e-01 -5.743693704213816836e-02
1.397849462365591267e-01 -6.971557119293954330e-02
1.461388074291299910e-01 -8.144185724595044695e-02
1.524926686217008553e-01 -9.248896308865697802e-02
1.588465298142717474e-01 -1.027597737869189037e-01
1.652003910068426118e-01 -1.121448929436638930e-01
1.715542521994134761e-01 -1.205390528521212840e-01
1.779081133919843405e-01 -1.278491745459374718e-01
1.842619745845552048e-01 -1.339943677991759785e-01
1.906158357771260969e-01 -1.389059311263174668e-01
1.969696969696969613e-01 -1.425273517822596148e-01
2.033235581622678256e-01 -1.448143057623174079e-01
2.096774193548386900e-01 -1.457346578022226946e-01
2.160312805474095543e-01 -1.452697575401321606e-01
2.223851417399804187e-01 -1.434195554198365863e-01
2.287390029325512830e-01 -1.401834862180786623e-01
2.350928641251221474e-01 -1.355727819545838875e-01
2.414467253176930117e-01 -1.296134834689701698e-01
2.478005865102638761e-01 -1.223464404207477429e-01
2.541544477028347959e-01 -1.138273112893192773e-01
2.605083088954056603e-01 -1.041265633739799495e-01
2.668621700879765246e-01 -9.332947279391722029e-02
2.732160312805473890e-01 -8.153612448821098702e-02
2.795698924731182533e-01 -6.886134717428438190e-02
2.859237536656891177e-01 -5.541406230558441198e-02
2.922776148582599820e-01 -4.130672727492422369e-02
2.986314760508308463e-01 -2.666794786870184050e-02
3.049853372434017107e-01 -1.163045967798140116e-02
3.113391984359726306e-01 3.668871901506936140e-03
3.176930596285434949e-01 1.908905166936647468e-02
3.240469208211143592e-01 3.448495462053481619e-02
3.304007820136852236e-01 4.970732594528324416e-02
3.367546432062560879e-01 6.460278102921693244e-02
3.431085043988269523e-01 7.901380545327486848e-02
3.494623655913978166e-01 9.279886886001405266e-02
3.558162267839686810e-01 1.058319942920636358e-01
3.621700879765395453e-01 1.179712065578869956e-01
3.685239491691104097e-01 1.290864433097539121e-01
3.748778103616813295e-01 1.390598297654740689e-01
3.812316715542521939e-01 1.477856787083965673e-01
3.875855327468230582e-01 1.551704904874107727e-01
3.939393939393939226e-01 1.611329530169455793e-01
4.002932551319647869e-01 1.656039417769697153e-01
4.066471163245356513e-01 1.685266015779540161e-01
4.130009775171065156e-01 1.698695460169340754e-01
4.193548387096773800e-01 1.696063960288175798e-01
4.257086999022482443e-01 1.677160381776900133e-01
4.320625610948191087e-01 1.641951970008994899e-01
4.384164222873899730e-01 1.590584350090566979e-01
4.447702834799608373e-01 1.523381526860348723e-01
4.511241446725317017e-01 1.440845884889700446e-01
4.574780058651025660e-01 1.343658188482605986e-01
4.638318670576734304e-01 1.232677581675677286e-01
4.701857282502442947e-01 1.108941588238150922e-01
4.765395894428151591e-01 9.735892872458382086e-02
4.828934506353860234e-01 8.276708912655778017e-02
4.892473118279568878e-01 6.724515443140131887e-02
4.956011730205277521e-01 5.092890807044528345e-02
5.019550342130986165e-01 3.396212857815335967e-02
5.083088954056695918e-01 1.649658959212192341e-02
5.146627565982404562e-01 -1.307940146919403784e-03
5.210166177908113205e-01 -1.928369679510856874e-02
5.273704789833821849e-01 -3.725492140545053760e-02
5.337243401759530492e-01 -5.503785992781740077e-02
5.400782013685239136e-01 -7.245225448558829939e-02
5.464320625610947779e-01 -8.934746664127729554e-02
5.527859237536656423e-01 -1.055466672198205197e-01
5.591397849462365066e-01 -1.208805879020911356e-01
5.654936461388073710e-01 -1.351911971751288410e-01
5.718475073313782353e-01 -1.483317003321397709e-01
5.782013685239490997e-01 -1.601665394724965386e-01
5.845552297165199640e-01 -1.705713935017381944e-01
5.909090909090908283e-01 -1.794331781315703922e-01
5.972629521016616927e-01 -1.866500458798650841e-01
6.036168132942325570e-01 -1.921363389588225390e-01
6.099706744868034214e-01 -1.958421335245122130e-01
6.163245356793743968e-01 -1.977086638990307732e-01
6.226783968719452611e-01 -1.976928641306189560e-01
6.290322580645161255e-01 -1.957725338669203674e-01
6.353861192570869898e-01 -1.919463383549810664e-01
6.417399804496578541e-01 -1.862338084412500372e-01
6.480938416422287185e-01 -1.786753405715786891e-01
6.544477028347995828e-01 -1.693321967912213011e-01
6.608015640273704472e-01 -1.582865047448347440e-01
6.671554252199413115e-01 -1.456410168638358482e-01
6.735092864125121759e-01 -1.314994615530741262e-01
6.798631476050830402e-01 -1.159731742716923197e-01
6.862170087976539046e-01 -9.919203880706609078e-02
6.925708699902247689e-01 -8.129813510906569451e-02
6.989247311827956333e-01 -6.244573929005581281e-02
7.052785923753664976e-01 -4.280132362489575543e-02
7.116324535679373620e-01 -2.254355655093931432e-02
7.179863147605082263e-01 -1.863302668034782714e-03
7.243401759530790907e-01 1.903637726147501194e-02
7.306940371456499550e-01 3.994160956482301766e-02
7.370478983382208193e-01 6.066893243368411820e-02
7.434017595307916837e-01 8.101857568014772526e-02
7.497556207233626591e-01 1.007815709308939045e-01
7.561094819159335234e-01 1.197582922076900619e-01
7.624633431085043878e-01 1.377584559273930531e-01
7.688172043010752521e-01 1.546011209019477473e-01
7.751710654936461165e-01 1.701146883383874708e-01
7.815249266862169808e-01 1.841369018388337719e-01
7.878787878787878451e-01 1.965148474004967671e-01
7.942326490713587095e-01 2.071049534156747529e-01
8.005865102639295738e-01 2.157958351699481303e-01
8.069403714565004382e-01 2.225040894519072776e-01
8.132942326490713025e-01 2.271358360499950990e-01
8.196480938416421669e-01 2.296207843777223201e-01
8.260019550342130312e-01 2.299125959004398312e-01
8.323558162267838956e-01 2.279888841353386597e-01
8.387096774193547599e-01 2.238512146514499701e-01
8.450635386119256243e-01 2.175251050696450639e-01
8.514173998044964886e-01 2.090600250626354073e-01
8.577712609970673530e-01 1.985293963549726592e-01
8.641251221896382173e-01 1.860271046749685242e-01
8.704789833822090817e-01 1.716473880608002378e-01
8.768328445747799460e-01 1.555019914681941007e-01
8.831867057673508103e-01 1.377205063325123990e-01
8.895405669599216747e-01 1.184493469876533173e-01
8.958944281524925390e-01 9.785175066604935579e-02
9.022482893450634034e-01 7.610777749866841357e-02
9.086021505376342677e-01 5.341431051501356608e-02
9.149560117302051321e-01 2.998505564312299587e-02
9.213098729227759964e-01 6.050541709569976119e-03
9.276637341153468608e-01 -1.816287080425979875e-02
9.340175953079177251e-01 -4.244577093840742193e-02
9.403714565004885895e-01 -6.655521143435137732e-02
9.467253176930594538e-01 -9.025295050636500394e-02
9.530791788856303182e-01 -1.133066414127759103e-01
9.594330400782011825e-01 -1.354898324559659917e-01
9.657869012707720469e-01 -1.565819669823713955e-01
9.721407624633429112e-01 -1.763683833824826186e-01
9.784946236559137756e-01 -1.946403150908443402e-01
9.848484848484846399e-01 -2.111948905860556169e-01
9.912023460410555042e-01 -2.258420607191022611e-01
9.975562072336263686e-01 -2.384536454570730934e-01
1.003910068426197233e+00 -2.488847740919434559e-01
1.010263929618768097e+00 -2.570054714095374448e-01
1.016617790811339184e+00 -2.627127095659909095e-01
1.022971652003910048e+00 -2.659304080877508691e-01
1.029325513196480912e+00 -2.666094338715764289e-01
1.035679374389051777e+00 -2.647276011845380861e-01
1.042033235581622641e+00 -2.602896716640180075e-01
1.048387096774193505e+00 -2.533273543177099740e-01
1.054740957966764370e+00 -2.438992133938429063e-01
1.061094819159335234e+00 -2.320811540667139516e-01
1.067448680351906098e+00 -2.179570951293834935e-01
1.073802541544476963e+00 -2.016315449087833778e-01
1.080156402737047827e+00 -1.832309466505103457e-01
1.086510263929618691e+00 -1.629036785188259784e-01
1.092864125122189556e+00 -1.408200535966568911e-01
1.099217986314760420e+00 -1.171723198855945114e-01
1.105571847507331285e+00 -9.217466030589510639e-02
1.111925708699902149e+00 -6.606319269647988046e-02
1.118279569892473013e+00 -3.908869807801784724e-02
1.124633431085043878e+00 -1.147541604658165043e-02
1.130987292277614742e+00 1.651636922996824880e-02
1.137341153470185606e+00 4.461866736113214577e-02
1.143695014662756471e+00 7.256385791500055693e-02
1.150048875855327335e+00 1.000846904182542269e-01
1.156402737047898199e+00 1.269142843561640588e-01
1.162756598240469064e+00 1.527861291725911841e-01
1.169110459433039928e+00 1.774340842699869414e-01
1.175464320625610792e+00 2.005923790093927794e-01
1.181818181818181657e+00 2.219965158101476765e-01
1.188172043010752521e+00 2.414440465848100292e-01
1.194525904203323385e+00 2.587372741657694153e-01
1.200879765395894250e+00 2.736750895120397264e-01
1.207233626588465114e+00 2.860858019787008710e-01
1.213587487781035978e+00 2.958271393168988017e-01
1.219941348973606843e+00 3.027862476738455433e-01
1.226295210166177929e+00 3.068796915928190816e-01
1.232649071358748794e+00 3.080534540131631416e-01
1.239002932551319658e+00 3.062829362702880198e-01
1.245356793743890522e+00 3.015729714774958992e-01
1.251710654936461387e+00 2.939650479933760829e-01
1.258064516129032251e+00 2.835104005620883716e-01
1.264418377321603115e+00 2.702734348706585799e-01
1.270772238514173980e+00 2.543460981099323059e-01
1.277126099706744844e+00 2.358478789745749593e-01
1.283479960899315708e+00 2.149258076630720660e-01
1.289833822091886573e+00 1.917544558777287134e-01
1.296187683284457437e+00 1.665359368246700777e-01
1.302541544477028301e+00 1.394999052138410356e-01
1.308895405669599166e+00 1.109035572590065383e-01
1.315249266862170030e+00 8.100270175994653266e-02
1.321603128054740894e+00 5.004041674404893086e-02
1.327956989247311759e+00 1.830249669191085990e-02
1.334310850439882623e+00 -1.391871960614416738e-02
1.340664711632453487e+00 -4.632490055582447891e-02
1.347018572825024352e+00 -7.861172175886994851e-02
1.353372434017595216e+00 -1.104688660130523081e-01
1.359726295210166080e+00 -1.415800233121748963e-01
1.366080156402736945e+00 -1.716228908460728508e-01
1.372434017595307809e+00 -2.002691730006131432e-01
1.378787878787878673e+00 -2.272053806343396487e-01
1.385141739980449538e+00 -2.521902033976479163e-01
1.391495601173020402e+00 -2.749456338356041085e-01
1.397849462365591267e+00 -2.952172273503499977e-01
1.404203323558162131e+00 -3.127819050056104833e-01
1.410557184750732995e+00 -3.274479535266935359e-01
1.416911045943303860e+00 -3.390550253004904757e-01
1.423264907135874724e+00 -3.474741383754755830e-01
1.429618768328445588e+00 -3.526076764617065429e-01
1.435972629521016453e+00 -3.543893889308240563e-01
1.442326490713587317e+00 -3.527931631837684656e-01
1.448680351906158181e+00 -3.478402199212448087e-01
1.455034213098729046e+00 -3.395449750745631601e-01
1.461388074291299910e+00 -3.279511925310000242e-01
1.467741935483870774e+00 -3.131354765967292453e-01
1.474095796676441639e+00 -2.952072719968219516e-01
1.480449657869012503e+00 -2.743088638752461672e-01
1.486803519061583367e+00 -2.506153777948675887e-01
1.493157380254154454e+00 -2.243347797374477259e-01
1.499511241446725318e+00 -1.957078761036485093e-01
1.505865102639296182e+00 -1.650054414907344280e-01
1.512218963831867047e+00 -1.324715644781766510e-01
1.518572825024437911e+00 -9.837681842399491339e-02
1.524926686217008776e+00 -6.302045132388356397e-02
1.531280547409579640e+00 -2.671554431492069795e-02
1.537634408602150504e+00 1.021098832443207913e-02
1.543988269794721369e+00 4.741839917432937729e-02
1.550342130987292233e+00 8.455210767354218171e-02
1.556695992179863097e+00 1.212437001194578978e-01
1.563049853372433962e+00 1.571109296680802403e-01
1.569403714565004826e+00 1.917586676971896886e-01
1.575757575757575690e+00 2.248557716764149617e-01
1.582111436950146555e+00 2.560677467673181384e-01
1.588465298142717419e+00 2.850477537048616283e-01
1.594819159335288283e+00 3.114806443791763857e-01
1.601173020527859148e+00 3.350829618355608552e-01
1.607526881720430012e+00 3.556029402744820267e-01
1.613880742913000876e+00 3.728205050515747132e-01
1.620234604105571741e+00 3.865472726776418289e-01
1.626588465298142605e+00 3.966265508186544442e-01
1.632942326490713469e+00 4.029366931221824988e-01
1.639296187683284334e+00 4.054384985823153986e-01
1.645650048875855198e+00 4.040934044501076627e-01
1.652003910068426062e+00 3.988824256349036701e-01
1.658357771260996927e+00 3.898249611801277159e-01
1.664711632453567791e+00 3.769787942632837341e-01
1.671065493646138655e+00 3.604400921959554083e-01
1.677419354838709520e+00 3.403434064238060608e-01
1.683773216031280384e+00 3.168616725265788747e-01
1.690127077223851249e+00 2.902062102180967829e-01
1.696480938416422113e+00 2.606267233462623567e-01
1.702834799608992977e+00 2.283823503197171534e-01
1.709188660801563842e+00 1.937124509214192825e-01
1.715542521994134706e+00 1.569007017889647304e-01
1.721896383186705570e+00 1.182540138586912759e-01
1.728250244379276435e+00 7.810210439762922674e-02
1.734604105571847299e+00 3.679749700350170433e-02
1.740957966764418163e+00 -5.284478395275858491e-03
1.747311827956989028e+00 -4.774568553959530892e-02
1.753665689149559892e+00 -9.016518183965588351e-02
1.760019550342130756e+00 -1.320992183749642723e-01
1.766373411534701621e+00 -1.731297011615154369e-01
1.772727272727272485e+00 -2.128714444446102305e-01
1.779081133919843349e+00 -2.508880230956333501e-01
1.785434995112414214e+00 -2.867700868316274132e-01
1.791788856304985078e+00 -3.201365946932961393e-01
1.798142717497555942e+00 -3.506348150450038781e-01
1.804496578690126807e+00 -3.779403255747758594e-01
1.810850439882697671e+00 -4.017570132942981931e-01
1.817204301075268535e+00 -4.218170745389177023e-01
1.823558162267839400e+00 -4.378810149676422014e-01
1.829912023460410264e+00 -4.497696849827727550e-01
1.836265884652981129e+00 -4.574131981108079947e-01
1.842619745845551993e+00 -4.607162321608760935e-01
1.848973607038122857e+00 -4.596225599650099469e-01
1.855327468230693722e+00 -4.541201496589347131e-01
1.861681329423264586e+00 -4.442411646820679794e-01
1.868035190615835450e+00 -4.300619637775198179e-01
1.874389051808406315e+00 -4.117031009920925633e-01
1.880742913000977179e+00 -3.893293256762810350e-01
1.887096774193548043e+00 -3.631495824842722597e-01
1.893450635386118908e+00 -3.334154789856099144e-01
1.899804496578689772e+00 -3.003671224866613643e-01
1.906158357771260636e+00 -2.642481093251000113e-01
1.912512218963831501e+00 -2.253395856333429981e-01
1.918866080156402365e+00 -1.839530988275779599e-01
1.925219941348973229e+00 -1.404305976077635243e-01
1.931573802541544094e+00 -9.514443195762910255e-02
1.937927663734114958e+00 -4.849735314467483460e-02
1.944281524926685822e+00 -9.225137201716951960e-04
1.950635386119256687e+00 4.711653248083873258e-02
1.956989247311827551e+00 9.513554439123241002e-02
1.963343108504398415e+00 1.427088859967231282e-01
1.969696969696969280e+00 1.893431920376001387e-01
1.976050830889540144e+00 2.345420658605611997e-01
1.982404692082111008e+00 2.778306165849508957e-01
1.988758553274681873e+00 3.187554591027599304e-01
1.995112414467252737e+00 3.568847140786260419e-01
2.001466275659823602e+00 3.918080079498330592e-01
2.007820136852394466e+00 4.231364729263116797e-01
2.014173998044965330e+00 4.505027469906389692e-01
2.020527859237536195e+00 4.735614919942133794e-01
2.026881720430107059e+00 4.921014401103416813e-01
2.033235581622678367e+00 5.059781463138325330e-01
2.039589442815249232e+00 5.150377035159330319e-01
2.045943304007820096e+00 5.191771065757466719e-01
2.052297165200390960e+00 5.183442523002320668e-01
2.058651026392961825e+00 5.125379394442024505e-01
2.065004887585532689e+00 5.018078687103264546e-01
2.071358748778103553e+00 4.862546427491281631e-01
2.077712609970674418e+00 4.660297661589866691e-01
2.084066471163245282e+00 4.413356454861359079e-01
2.090420332355815702e+00 4.124169711829265283e-01
2.096774193548387011e+00 3.794979955185162623e-01
2.103128054740957431e+00 3.428184613467110675e-01
2.109481915933528740e+00 3.026551476549503850e-01
2.115835777126099160e+00 2.593208635338404289e-01
2.122189638318670468e+00 2.131644481771311772e-01
2.128543499511240888e+00 1.645707708817414627e-01
2.134897360703812197e+00 1.139607310477319807e-01
2.141251221896382617e+00 6.179125817833359957e-02
2.147605083088953926e+00 8.555311879918269663e-03
2.153958944281524346e+00 -4.527171700148550915e-02
2.160312805474095654e+00 -9.919744661356939830e-02
2.166666666666666075e+00 -1.526670103174889159e-01
2.173020527859237383e+00 -2.051345916061457220e-01
2.179374389051808691e+00 -2.560635565273882697e-01
2.185728250244379112e+00 -3.049264536840241013e-01
2.192082111436950420e+00 -3.512050142338296599e-01
2.198435972629520840e+00 -3.943901518895260305e-01
2.204789833822092149e+00 -4.339819629188060301e-01
2.211143695014662569e+00 -4.694897261443087277e-01
2.217497556207233878e+00 -5.004713531816649130e-01
2.223851417399804298e+00 -5.266890630630398640e-01
2.230205278592375606e+00 -5.478779284313490816e-01
2.236559139784946026e+00 -5.638163800788867919e-01
2.242913000977517335e+00 -5.743418334913991119e-01
2.249266862170087755e+00 -5.793506888480740580e-01
2.255620723362659064e+00 -5.787983310215480959e-01
2.261974584555229484e+00 -5.726991295779029212e-01
2.268328445747800792e+00 -5.611264387766653483e-01
2.274682306940371213e+00 -5.442125975708110852e-01
2.281036168132942521e+00 -5.221489798914180636e-01
2.287390029325512941e+00 -4.951646317444853840e-01
2.293743890518084250e+00 -4.634682374384676562e-01
2.300097751710654670e+00 -4.272945579167694574e-01
2.306451612903225978e+00 -3.869174050496202999e-01
2.312805474095796399e+00 -3.426496416340961138e-01
2.319159335288367707e+00 -2.948431813940955992e-01
2.325513196480938127e+00 -2.438889889803657895e-01
2.331867057673509436e+00 -1.902170799704746007e-01
2.338220918866079856e+00 -1.342965208688399470e-01
2.344574780058651164e+00 -7.661453450273410237e-02
2.350928641251221585e+00 -1.764158022368279843e-02
2.357282502443792893e+00 4.206691468422160685e-02
2.363636363636363313e+00 1.019394390962245767e-01
2.369990224828934622e+00 1.613949138383761195e-01
2.376344086021505042e+00 2.198426916874958170e-01
2.382697947214076351e+00 2.766825573712072828e-01
2.389051808406646771e+00 3.313047275679045223e-01
2.395405669599218079e+00 3.830898509067843793e-01
2.401759530791788499e+00 4.314090079678157275e-01
2.408113391984359808e+00 4.756339880203002135e-01
2.414467253176930228e+00 5.153350047468001627e-01
2.420821114369501537e+00 5.501157266914997734e-01
2.427174975562071957e+00 5.796012364166683861e-01
2.433528836754643265e+00 6.034844697763007693e-01
2.439882697947213686e+00 6.215262159161007993e-01
2.446236559139784994e+00 6.335551172734944503e-01
2.452590420332355858e+00 6.394676695776203568e-01
2.458944281524926723e+00 6.392282218493355872e-01
2.465298142717497587e+00 6.328689764012127572e-01
2.471652003910068451e+00 6.204899888375426942e-01
2.478005865102639316e+00 6.022886026026823547e-01
2.484359726295210180e+00 5.784689912636783449e-01
2.490713587487781044e+00 5.492177999467638960e-01
2.497067448680351909e+00 5.147631769917750955e-01
2.503421309872922773e+00 4.753747946985613093e-01
2.509775171065493637e+00 4.313638493270052221e-01
2.516129032258064502e+00 3.830830610969996330e-01
2.522482893450635366e+00 3.309266741884729357e-01
2.528836754643206230e+00 2.753304567413619175e-01
2.535190615835777095e+00 2.167716440697674829e-01
2.541544477028347959e+00 1.557100018370353167e-01
2.547898338220918824e+00 9.262464836147195346e-02
2.554252199413489688e+00 2.806448187669591948e-02
2.560606060606060552e+00 -3.739327582572363196e-02
2.566959921798631417e+00 -1.031430793963039327e-01
2.573313782991202281e+00 -1.685510599276107968e-01
2.579667644183773145e+00 -2.329550249542970963e-01
2.586021505376344010e+00 -2.956644584530642161e-01
2.592375366568914874e+00 -3.559605208426998013e-01
2.598729227761485738e+00 -4.130960489840414529e-01
2.605083088954056603e+00 -4.663716233685561430e-01
2.611436950146627467e+00 -5.152713685560353918e-01
2.617790811339198331e+00 -5.592409204984799542e-01
2.624144672531769196e+00 -5.977946026634057830e-01
2.630498533724340060e+00 -6.305217569522326704e-01
2.636852394916910924e+00 -6.570867437002628764e-01
2.643206256109481789e+00 -6.772289416766987813e-01
2.649560117302052653e+00 -6.907627480846286749e-01
2.655913978494623517e+00 -6.975775785610379698e-01
2.662267839687194382e+00 -6.976378671768009854e-01
2.668621700879765246e+00 -6.910128072526883214e-01
2.674975562072336110e+00 -6.779263534597241847e-01
2.681329423264906975e+00 -6.585271329725141953e-01
2.687683284457477839e+00 -6.329928030408547013e-01
2.694037145650048704e+00 -6.015447892530307872e-01
2.700391006842619568e+00 -5.644482855358299300e-01
2.706744868035190432e+00 -5.220122541545245687e-01
2.713098729227761741e+00 -4.745894257128897009e-01
2.719452590420332161e+00 -4.225762991531963331e-01
2.725806451612903469e+00 -3.664131417561988791e-01
2.732160312805473890e+00 -3.065767416204260298e-01
2.738514173998045198e+00 -2.434883170881582681e-01
2.744868035190615618e+00 -1.776096860814690426e-01
2.751221896383186927e+00 -1.094623951551645102e-01
2.757575757575757347e+00 -3.961374708337572076e-02
2.763929618768328655e+00 3.132319914048085907e-02
2.770283479960899076e+00 1.026896283036630025e-01
2.776637341153470384e+00 1.737809689741435515e-01
2.782991202346040804e+00 2.438468935005694838e-01
2.789345063538612113e+00 3.120913180123024988e-01
2.795698924731182533e+00 3.776777893190025326e-01
2.802052785923753842e+00 4.399039139716068858e-01
2.808406647116324262e+00 4.980719094652093504e-01
2.814760508308895570e+00 5.514977696243601457e-01
2.821114369501465990e+00 5.995748772011514349e-01
2.827468230694037299e+00 6.417740038752474119e-01
2.833822091886607719e+00 6.776433102538574893e-01
2.840175953079179028e+00 7.068083458717598910e-01
2.846529814271749448e+00 7.289720491912814460e-01
2.852883675464320756e+00 7.439147476023143524e-01
2.859237536656891177e+00 7.515029081566985125e-01
2.865591397849462485e+00 7.518706899387378462e-01
2.871945259042032905e+00 7.451488425304413354e-01
2.878299120234604214e+00 7.314512446562511094e-01
2.884652981427174634e+00 7.109403943749723620e-01
2.891006842619745942e+00 6.838274090797645810e-01
2.897360703812316363e+00 6.503720254981536497e-01
2.903714565004887671e+00 6.108825996920164147e-01
2.910068426197458091e+00 5.657161070575996709e-01
2.916422287390029400e+00 5.152781423254972903e-01
2.922776148582599820e+00 4.600229195606770349e-01
2.929130009775171128e+00 4.004110841081869321e-01
2.935483870967741549e+00 3.368075628866640248e-01
2.941837732160312857e+00 2.696417133831948698e-01
2.948191593352883277e+00 1.994029974629833168e-01
2.954545454545454586e+00 1.266389308906174516e-01
2.960899315738025006e+00 5.195508333011140956e-02
2.967253176930596315e+00 -2.398492165513804383e-02
2.973607038123166735e+00 -1.004594066023072330e-01
2.979960899315738043e+00 -1.766886401491901126e-01
2.986314760508308908e+00 -2.518348370341591536e-01
2.992668621700879772e+00 -3.250702393594304684e-01
2.999022482893450636e+00 -3.956219291532789839e-01
3.005376344086021501e+00 -4.626402934816089552e-01
3.011730205278592365e+00 -5.253387424843591891e-01
3.018084066471163229e+00 -5.829977583779315520e-01
3.024437927663734094e+00 -6.349648954552269409e-01
3.030791788856304958e+00 -6.806547800856120878e-01
3.037145650048875822e+00 -7.195491107149492027e-01
3.043499511241446687e+00 -7.511966578655702165e-01
3.049853372434017551e+00 -7.752132641362987631e-01
3.056207233626588415e+00 -7.913778609793423735e-01
3.062561094819159280e+00 -7.998470741592871303e-01
3.068914956011730144e+00 -8.006618682455062253e-01
3.075268817204301008e+00 -7.938999025467334825e-01
3.081622678396871873e+00 -7.796949171667784118e-01
3.087976539589442737e+00 -7.582367330045225451e-01
3.094330400782013601e+00 -7.297712517539275412e-01
3.100684261974584466e+00 -6.946004559040226400e-01
3.107038123167155330e+00 -6.530824087389212051e-01
3.113391984359726194e+00 -6.056312543378006286e-01
3.119745845552297059e+00 -5.527172175749257566e-01
3.126099706744867923e+00 -4.947909775589144910e-01
3.132453567937438788e+00 -4.321764305721494948e-01
3.138807429130009652e+00 -3.652675776085280712e-01
3.145161290322580516e+00 -2.945213069743557455e-01
3.151515151515151381e+00 -2.204569400267086809e-01
3.157869012707722245e+00 -1.436562311734741193e-01
3.164222873900293109e+00 -6.476336787330805311e-02
3.170576735092863974e+00 1.551502936432086303e-02
3.176930596285434838e+00 9.640990697917624364e-02
3.183284457478005702e+00 1.770914167772226211e-01
3.189638318670576567e+00 2.567725964433227315e-01
3.195992179863147431e+00 3.345690259975581671e-01
3.202346041055718295e+00 4.095604690272878767e-01
3.208699902248289160e+00 4.808762856155633370e-01
3.215053763440860024e+00 5.476954323411719061e-01
3.221407624633430888e+00 6.092464622785956907e-01
3.227761485826001753e+00 6.648075249980502921e-01
3.234115347018572617e+00 7.137063665654487243e-01
3.240469208211143481e+00 7.553203295424344432e-01
3.246823069403714346e+00 7.890763529863520365e-01
3.253176930596285210e+00 8.146666482662145992e-01
3.259530791788856519e+00 8.321590475302041989e-01
3.265884652981426939e+00 8.415120523158531318e-01
3.272238514173998247e+00 8.427527032908442850e-01
3.278592375366568668e+00 8.359790774718329764e-01
3.284946236559139976e+00 8.213602882244478431e-01
3.291300097751710396e+00 7.991364852632951710e-01
3.297653958944281705e+00 7.696188546519500129e-01
3.304007820136852125e+00 7.331896188029689565e-01
3.310361681329423433e+00 6.902967712746579387e-01
3.316715542521993854e+00 6.413140894921147694e-01
3.323069403714565162e+00 5.865533554480001355e-01
3.329423264907135582e+00 5.263780172434763260e-01
3.335777126099706891e+00 4.612007198391242513e-01
3.342130987292277311e+00 3.914833050549785254e-01
3.348484848484848619e+00 3.177368115704899965e-01
3.354838709677419040e+00 2.405214749245655481e-01
3.361192570869990348e+00 1.604467275155256889e-01
3.367546432062560768e+00 7.817071992917883072e-02
3.373900293255132077e+00 -5.651673507276944695e-03
3.380254154447702497e+00 -9.023905271423163232e-02
3.386608015640273806e+00 -1.747276493241254336e-01
3.392961876832844226e+00 -2.582417089249708919e-01
3.399315738025415534e+00 -3.398934910604012871e-01
3.405669599217985954e+00 -4.187832692296228343e-01
3.412023460410557263e+00 -4.939993308874617295e-01
3.418377321603127683e+00 -5.646179774443185195e-01
3.424731182795698992e+00 -6.297035242662115673e-01
3.431085043988269412e+00 -6.883083006747360288e-01
3.437438905180840720e+00 -7.396383540627715636e-01
3.443792766373411141e+00 -7.833559530822050698e-01
3.450146627565982449e+00 -8.190730792003415583e-01
3.456500488758552869e+00 -8.464983121250609921e-01
3.462854349951124178e+00 -8.654461621479919708e-01
3.469208211143694598e+00 -8.758370701444961881e-01
3.475562072336265906e+00 -8.776974075736793113e-01
3.481915933528836327e+00 -8.711594764783847644e-01
3.488269794721407635e+00 -8.564615094851950605e-01
3.494623655913978055e+00 -8.339474283425826195e-01
3.500977517106549364e+00 -8.039974115972209345e-01
3.507331378299119784e+00 -7.669189219382873679e-01
3.513685239491691092e+00 -7.230383291998607742e-01
3.520039100684261513e+00 -6.727157912894485836e-01
3.526392961876832821e+00 -6.163452541879607116e-01
3.532746823069403241e+00 -5.543544519497346501e-01
3.539100684261974550e+00 -4.872049067025260305e-01
3.545454545454544970e+00 -4.153919286474920813e-01
3.551808406647116279e+00 -3.394446160592268225e-01
3.558162267839686699e+00 -2.599072442964890928e-01
3.564516129032258007e+00 -1.773383760073053983e-01
3.570869990224828427e+00 -9.237476792160183303e-02
3.577223851417399736e+00 -5.718387327815011370e-03
3.583577712609970156e+00 8.186387542779965942e-02
3.589931573802541465e+00 1.695402069411177104e-01
3.596285434995111885e+00 2.564138707501964487e-01
3.602639296187683193e+00 3.415232073352237885e-01
3.608993157380253614e+00 4.238416341185692326e-01
3.615347018572824922e+00 5.022776454647336353e-01
3.621700879765395342e+00 5.757499191674483319e-01
3.628054740957966651e+00 6.434659995283903422e-01
3.634408602150537071e+00 7.046556522537102962e-01
3.640762463343108379e+00 7.586448291652455600e-01
3.647116324535678800e+00 8.048683504904959873e-01
3.653470185728250108e+00 8.428699048625925005e-01
3.659824046920820528e+00 8.723020493203252901e-01
3.666177908113391837e+00 8.929262093081197227e-01
3.672531769305962257e+00 9.046126786760551042e-01
3.678885630498533565e+00 9.073406196798519119e-01
3.685239491691103986e+00 9.012339669688687049e-01
3.691593352883675294e+00 8.867752072169603483e-01
3.697947214076245714e+00 8.642818573651349645e-01
3.704301075268817023e+00 8.340440085925578950e-01
3.710654936461387443e+00 7.963871269672356812e-01
3.717008797653958752e+00 7.516720534460332726e-01
3.723362658846529172e+00 7.002950038746524886e-01
3.729716520039100480e+00 6.426875689876572206e-01
3.736070381231670900e+00 5.793167144084451214e-01
3.742424242424242209e+00 5.106847806492794684e-01
3.748778103616812629e+00 4.373273253965326846e-01
3.755131964809383938e+00 3.597244598813214012e-01
3.761485826001954358e+00 2.783412601033714018e-01
3.767839687194525666e+00 1.937297366477788996e-01
3.774193548387096087e+00 1.065227829416068167e-01
3.780547409579667395e+00 1.743417525393377299e-02
3.786901270772237815e+00 -7.274142730419626279e-02
3.793255131964809124e+00 -1.631284827797224724e-01
3.799608993157379544e+00 -2.527705663776196321e-01
3.805962854349951296e+00 -3.406303704608515392e-01
3.812316715542521273e+00 -4.255934682266486191e-01
3.818670576735093025e+00 -5.066597098080810602e-01
3.825024437927663001e+00 -5.828630590772864162e-01
3.831378299120234754e+00 -6.532685492042666908e-01
3.837732160312804730e+00 -7.170461766361466704e-01
3.844086021505376483e+00 -7.734709010972147247e-01
3.850439882697946459e+00 -8.219226455888858363e-01
3.856793743890518211e+00 -8.618862963897342411e-01
3.863147605083088187e+00 -8.929517030554650070e-01
3.869501466275659940e+00 -9.148136784189381254e-01
3.875855327468229916e+00 -9.272763865663313787e-01
3.882209188660801669e+00 -9.306066696259424065e-01
3.888563049853371645e+00 -9.251514685331718724e-01
3.894916911045943397e+00 -9.111286719855764549e-01
3.901270772238513374e+00 -8.888003743679055990e-01
3.907624633431085126e+00 -8.584728757520935227e-01
3.913978494623655102e+00 -8.204966818972722065e-01
3.920332355816226855e+00 -7.752665042497532966e-01
3.926686217008796831e+00 -7.232212599430511979e-01
3.933040078201368583e+00 -6.648440717978553183e-01
3.939393939393938560e+00 -6.006622683220619319e-01
3.945747800586510312e+00 -5.312269458035462355e-01
3.952101661779080288e+00 -4.569237539921200963e-01
3.958455522971652041e+00 -3.781481092213189177e-01
3.964809384164222017e+00 -2.953890789030615971e-01
3.971163245356793770e+00 -2.092197204052048953e-01
3.977517106549363746e+00 -1.202970810515908567e-01
3.983870967741935498e+00 -2.936219812199701226e-02
3.990224828934505474e+00 6.275990114781206108e-02
3.996578690127077227e+00 1.551601995661370248e-01
4.002932551319647203e+00 2.468456899852914388e-01
4.009286412512219400e+00 3.367815824791174362e-01
4.015640273704788932e+00 4.239787390591547300e-01
4.021994134897361128e+00 5.073443725854039910e-01
4.028347996089930660e+00 5.858535458246644234e-01
4.034701857282502857e+00 6.585639083498474600e-01
4.041055718475072389e+00 7.246156965399311867e-01
4.047409579667644586e+00 7.832317335800021985e-01
4.053763440860214118e+00 8.337174294612178516e-01
4.060117302052786314e+00 8.754607809808399033e-01
4.066471163245356735e+00 9.079323717422070894e-01
4.072825024437928043e+00 9.307542880369271687e-01
4.079178885630498463e+00 9.441992591567648363e-01
4.085532746823069772e+00 9.484546418566669468e-01
4.091886608015640192e+00 9.436889216739247077e-01
4.098240469208211501e+00 9.301287094484516071e-01
4.104594330400781921e+00 9.080587413227815263e-01
4.110948191593353229e+00 8.778218787420766223e-01
4.117302052785923649e+00 8.398191084541141160e-01
4.123655913978494958e+00 7.945095425093040564e-01
4.130009775171065378e+00 7.424104182606673374e-01
4.136363636363636687e+00 6.840408872427086173e-01
4.142717497556207107e+00 6.197359360283890561e-01
4.149071358748778415e+00 5.498546917815934076e-01
4.155425219941348836e+00 4.748220162955257284e-01
4.161779081133920144e+00 3.951270604648412510e-01
4.168132942326490564e+00 3.113232642856325061e-01
4.174486803519061873e+00 2.240283568554159166e-01
4.180840664711631405e+00 1.339243563731495057e-01
4.187194525904203601e+00 4.175757013921377325e-02
4.193548387096774022e+00 -5.167412729042736991e-02
4.199902248289345330e+00 -1.455550195152654769e-01
4.206256109481914862e+00 -2.388566574232870166e-01
4.212609970674487059e+00 -3.305252426425145384e-01
4.218963831867057479e+00 -4.195200108981554932e-01
4.225317693059628787e+00 -5.048132320126822448e-01
4.231671554252198320e+00 -5.853902099057786135e-01
4.238025415444770516e+00 -6.602492825943632182e-01
4.244379276637340936e+00 -7.284018221925480097e-01
4.250733137829912245e+00 -7.888722349117021082e-01
4.257086999022481777e+00 -8.407044879926939274e-01
4.263440860215053974e+00 -8.834696352704957123e-01
4.269794721407624394e+00 -9.170394264666016371e-01
4.276148582600195702e+00 -9.412381870415953422e-01
4.282502443792765234e+00 -9.559972045425768616e-01
4.288856304985337431e+00 -9.613547286031695061e-01
4.295210166177907851e+00 -9.574559709435174204e-01
4.301564027370479160e+00 -9.445531053702914681e-01
4.307917888563048692e+00 -9.230052677766832359e-01
4.314271749755620888e+00 -8.932785561424028131e-01
4.320625610948191309e+00 -8.558495189045935980e-01
4.326979472140762617e+00 -8.110638983375287880e-01
4.333333333333332149e+00 -7.592945948007984169e-01
4.339687194525904346e+00 -7.009435652474028666e-01
4.346041055718474766e+00 -6.364418225940680074e-01
4.352394916911046074e+00 -5.662494357211932394e-01
4.358748778103617383e+00 -4.908555294728741414e-01
4.365102639296187803e+00 -4.107782846569388302e-01
4.371456500488758223e+00 -3.265649378042240758e-01
4.377810361681329532e+00 -2.387912684819026854e-01
4.384164222873900840e+00 -1.480910093361543223e-01
4.390518084066471260e+00 -5.517602547412989167e-02
4.396871945259041681e+00 3.916703367705441641e-02
4.403225806451612989e+00 1.340767343702649328e-01
4.409579667644184298e+00 2.286168585383772378e-01
4.415933528836754718e+00 3.217764037942211774e-01
4.422287390029325138e+00 4.124695834306630893e-01
4.428641251221896447e+00 4.995358264205516097e-01
4.434995112414467755e+00 5.817397774167419877e-01
4.441348973607038175e+00 6.579096124530511291e-01
4.447702834799608596e+00 7.272370602697194597e-01
4.454056695992179904e+00 7.889670158399251232e-01
4.460410557184751212e+00 8.424604103423796175e-01
4.466764418377321633e+00 8.871977309080371077e-01
4.473118279569892053e+00 9.227790206201406109e-01
4.479472140762463361e+00 9.489238785141902444e-01
4.485826001955034670e+00 9.654714595779525510e-01
4.492179863147605090e+00 9.723804747514532831e-01
4.498533724340175510e+00 9.697291909269911692e-01
4.504887585532746819e+00 9.577631825175648705e-01
4.511241446725318127e+00 9.371072612518751566e-01
4.517595307917888547e+00 9.081528532586093938e-01
4.523949169110458968e+00 8.712547045917172772e-01
4.530303030303030276e+00 8.267950190912122244e-01
4.536656891495601585e+00 7.751834583831610503e-01
4.543010752688172005e+00 7.168571418797154982e-01
4.549364613880742425e+00 6.522806467790657203e-01
4.555718475073313734e+00 5.819460080654709211e-01
4.562072336265885042e+00 5.063727185092403715e-01
4.568426197458455462e+00 4.261033272588699572e-01
4.574780058651025882e+00 3.416338096121124268e-01
4.581133919843597191e+00 2.534745754344386870e-01
4.587487781036168499e+00 1.622280869634399048e-01
4.593841642228738920e+00 6.858880370391988446e-02
4.600195503421309340e+00 -2.665681757218499315e-02
4.606549364613880648e+00 -1.226303228257527161e-01
4.612903225806451957e+00 -2.183612607505033554e-01
4.619257086999022377e+00 -3.127871827729419296e-01
4.625610948191592797e+00 -4.047536430524437123e-01
4.631964809384164106e+00 -4.930313628153346617e-01
4.638318670576735414e+00 -5.765623165239139869e-01
4.644672531769305834e+00 -6.543259893909583180e-01
4.651026392961876255e+00 -7.253774581230105767e-01
4.657380254154447563e+00 -7.888909883940404821e-01
4.663734115347018871e+00 -8.441600348454085800e-01
4.670087976539589292e+00 -8.905972410859216426e-01
4.676441837732159712e+00 -9.277344396917949210e-01
4.682795698924731020e+00 -9.552226522066645797e-01
4.689149560117302329e+00 -9.728320891415741523e-01
4.695503421309872749e+00 -9.804821768218670019e-01
4.701857282502443169e+00 -9.786555704438212322e-01
4.708211143695014478e+00 -9.677299095640423676e-01
4.714565004887585786e+00 -9.479964856960553243e-01
4.720918866080156207e+00 -9.197838846210550923e-01
4.727272727272726627e+00 -8.834579863879128414e-01
4.733626588465297935e+00 -8.394219653131671510e-01
4.739980449657869244e+00 -7.881162899810515432e-01
4.746334310850439664e+00 -7.300187232434552920e-01
4.752688172043010084e+00 -6.656443222199480703e-01
4.759042033235581393e+00 -5.955454382977641847e-01
4.765395894428152701e+00 -5.202586427186152163e-01
4.771749755620723121e+00 -4.401505565742403481e-01
4.778103616813293542e+00 -3.556542926060387022e-01
4.784457478005864850e+00 -2.672984549373084162e-01
4.790811339198436158e+00 -1.757048380750757810e-01
4.797165200391006579e+00 -8.158842691001880199e-02
4.803519061583576999e+00 1.424260328348296231e-02
4.809872922776148307e+00 1.108868868473742580e-01
4.816226783968719616e+00 2.073498677398682155e-01
4.822580645161290036e+00 3.025437995355307330e-01
4.828934506353860456e+00 3.953776973878310730e-01
4.835288367546431765e+00 4.847618383944264919e-01
4.841642228739003073e+00 5.695575988401454515e-01
4.847996089931573493e+00 6.487186936174161866e-01
4.854349951124143914e+00 7.212920208518613929e-01
4.860703812316715222e+00 7.864176619023212078e-01
4.867057673509286531e+00 8.433288813608152967e-01
4.873411534701856951e+00 8.913521270526013618e-01
4.879765395894427371e+00 9.299070300361346186e-01
4.886119257086998680e+00 9.585064046030817853e-01
4.892473118279569988e+00 9.769690187307071838e-01
4.898826979472140408e+00 9.857444112715456619e-01
4.905180840664711717e+00 9.850410327150368461e-01
4.911534701857282137e+00 9.750988221902073816e-01
4.917888563049853445e+00 9.562105954011538289e-01
4.924242424242423866e+00 9.287220446270412211e-01
4.930596285434995174e+00 8.930317387220980674e-01
4.936950146627565594e+00 8.495911231156384469e-01
4.943304007820136903e+00 7.989045198120300340e-01
4.949657869012707323e+00 7.415289157024916866e-01
4.956011730205278631e+00 6.779514503424285410e-01
4.962365591397849052e+00 6.084938159203397978e-01
4.968719452590420360e+00 5.335375268793648429e-01
4.975073313782990780e+00 4.535335510937775205e-01
4.981427174975562089e+00 3.690023098689636516e-01
4.987781036168132509e+00 2.805336779414718817e-01
4.994134897360703818e+00 1.887869834789394352e-01
5.000488758553274238e+00 9.449100808014047892e-02
5.006842619745845546e+00 -1.556013225039484848e-03
5.013196480938415966e+00 -9.851820191276476624e-02
5.019550342130987275e+00 -1.954820666751500569e-01
5.025904203323557695e+00 -2.913341203855531192e-01
5.032258064516129004e+00 -3.849683268378374934e-01
5.038611925708699424e+00 -4.752978582491609316e-01
5.044965786901270732e+00 -5.612550952600573462e-01
5.051319648093841153e+00 -6.417916269343825197e-01
5.057673509286412461e+00 -7.158782507593367539e-01
5.064027370478982881e+00 -7.825049726454240684e-01
5.070381231671554190e+00 -8.406810069265161500e-01
5.076735092864124610e+00 -8.894994200054325839e-01
5.083088954056695918e+00 -9.287858849971329933e-01
5.089442815249266339e+00 -9.584247323534552665e-01
5.095796676441837647e+00 -9.783187595163936878e-01
5.102150537634408067e+00 -9.884767019074492955e-01
5.108504398826979376e+00 -9.890132329276372092e-01
5.114858260019549796e+00 -9.801489639574868518e-01
5.121212121212121104e+00 -9.622104443570427268e-01
5.127565982404691525e+00 -9.356301614658627530e-01
5.133919843597262833e+00 -9.009424882224991160e-01
5.140273704789833253e+00 -8.586033058070846602e-01
5.146627565982404562e+00 -8.089669944398085732e-01
5.152981427174975870e+00 -7.524268148626784836e-01
5.159335288367546291e+00 -6.894041245653338423e-01
5.165689149560116711e+00 -6.203483777849968517e-01
5.172043010752688019e+00 -5.457371255065039950e-01
5.178396871945259328e+00 -4.660760154622871632e-01
5.184750733137829748e+00 -3.818987921324196178e-01
5.191104594330400168e+00 -2.937673717252468619e-01
5.197458455522971477e+00 -2.022865598285285005e-01
5.203812316715542785e+00 -1.081406541454247860e-01
5.210166177908113205e+00 -1.209307761240479943e-02
5.216520039100683626e+00 8.501495455001645274e-02
5.222873900293254934e+00 1.822644348372239598e-01
5.229227761485826242e+00 2.786585634605302508e-01
5.235581622678396663e+00 3.731227483471181161e-01
5.241935483870967083e+00 4.645046051401266474e-01
5.248289345063538391e+00 5.515739571985935896e-01
5.254643206256109700e+00 6.330272098858742424e-01
5.260997067448680120e+00 7.077998802676987999e-01
5.267350928641250540e+00 7.751125624774365397e-01
5.273704789833821849e+00 8.342595525006070156e-01
5.280058651026393157e+00 8.846576418974255729e-01
5.286412512218963577e+00 9.258461178027757033e-01
5.292766373411533998e+00 9.574867629262528990e-01
5.299120234604105306e+00 9.793638555521334554e-01
5.305474095796676615e+00 9.913841695393847964e-01
5.311827956989247035e+00 9.935769743216580352e-01
5.318181818181817455e+00 9.860940349073006317e-01
5.324535679374388764e+00 9.693377789910327946e-01
5.330889540566960072e+00 9.439589126196004099e-01
5.337243401759530492e+00 9.103284748367220791e-01
5.343597262952100913e+00 8.688284077313163101e-01
5.349951124144672221e+00 8.198652167165367821e-01
5.356304985337243529e+00 7.638699705297609110e-01
5.362658846529813950e+00 7.012983012326234888e-01
5.369012707722384370e+00 6.326304042109678338e-01
5.375366568914955678e+00 5.583710381748770990e-01
5.381720430107526987e+00 4.790495251586551761e-01
5.388074291300097407e+00 3.952055947021141380e-01
5.394428152492667827e+00 3.073356852422409191e-01
5.400782013685239136e+00 2.159932794230719488e-01
5.407135874877810444e+00 1.218276979792839165e-01
5.413489736070380864e+00 2.558394128862541764e-02
5.419843597262951285e+00 -7.189731062816501206e-02
5.426197458455523481e+00 -1.696796981073193378e-01
5.432551319648093902e+00 -2.667311818419962344e-01
5.438905180840664322e+00 -3.619240428823662925e-01
5.445259042033234742e+00 -4.540348826355551370e-01
5.451612903225806939e+00 -5.418207136195317686e-01
5.457966764418377359e+00 -6.242508466930660749e-01
5.464320625610947779e+00 -7.003063166433129982e-01
5.470674486803518199e+00 -7.690821701247892994e-01
5.477028347996090396e+00 -8.297969101333304565e-01
5.483382209188660816e+00 -8.817924960060559147e-01
5.489736070381231237e+00 -9.245343434214227107e-01
5.496089931573801657e+00 -9.576113243991891677e-01
5.502443792766373853e+00 -9.807357673004261089e-01
5.508797653958944274e+00 -9.937434568275053115e-01
5.515151515151514694e+00 -9.967263473193141987e-01
5.521505376344085114e+00 -9.902933590113848217e-01
5.527859237536657311e+00 -9.747721560750546299e-01
5.534213098729227731e+00 -9.504884182710352514e-01
5.540566959921798151e+00 -9.178021866759247249e-01
5.546920821114368572e+00 -8.771078636822136065e-01
5.553274682306940768e+00 -8.288342129982764206e-01
5.559628543499511188e+00 -7.734443596484011918e-01
5.565982404692081609e+00 -7.114357899727464796e-01
5.572336265884652029e+00 -6.433403516273691336e-01
5.578690127077224226e+00 -5.697232720884122248e-01
5.585043988269794646e+00 -4.910585405428954942e-01
5.591397849462365066e+00 -4.077216976089933498e-01
5.597751710654935486e+00 -3.201872072891501220e-01
5.604105571847507683e+00 -2.290259304977685650e-01
5.610459433040078103e+00 -1.349051250612638142e-01
5.616813294232648524e+00 -3.858844571798342865e-02
5.623167155425218944e+00 5.906405588173990057e-02
5.629521016617791140e+00 1.570959311756155996e-01
5.635874877810361561e+00 2.544543346893378688e-01
5.642228739002931981e+00 3.499981559004258225e-01
5.648582600195502401e+00 4.426444800391454715e-01
5.654936461388074598e+00 5.312369928262941077e-01
5.661290322580645018e+00 6.146569438772921945e-01
5.667644183773215438e+00 6.918828288230548518e-01
5.673998044965785859e+00 7.619903893099392311e-01
5.680351906158358055e+00 8.241526129997669425e-01
5.686705767350928475e+00 8.776397335697885271e-01
5.693059628543498896e+00 9.218192307127373031e-01
5.699413489736070204e+00 9.561558301367973911e-01
5.705767350928641513e+00 9.802156355366514751e-01
5.712121212121211933e+00 9.941694330166271909e-01
5.718475073313782353e+00 9.984157237725393985e-01
5.724828934506353662e+00 9.931824407551722578e-01
5.731182795698924970e+00 9.787480248032249808e-01
5.737536656891495390e+00 9.554414246433071689e-01
5.743890518084065810e+00 9.236420968899407002e-01
5.750244379276637119e+00 8.837800060455530682e-01
5.756598240469208427e+00 8.363356245005018064e-01
5.762952101661778848e+00 7.818399325330400718e-01
5.769305962854349268e+00 7.208614986413068859e-01
5.775659824046920576e+00 6.538064404932044660e-01
5.782013685239491885e+00 5.810084831046139486e-01
5.788367546432062305e+00 5.028761281511595627e-01
5.794721407624632725e+00 4.198895383128471992e-01
5.801075268817204034e+00 3.326005372740415966e-01
5.807429130009775342e+00 2.416326097235187431e-01
5.813782991202345762e+00 1.476809013543887716e-01
5.820136852394916183e+00 5.151221886414637102e-02
5.826490713587487491e+00 -4.603500554103207715e-02
5.832844574780058799e+00 -1.441144386205261696e-01
5.839198435972629220e+00 -2.416962695455443511e-01
5.845552297165199640e+00 -3.376408238361942038e-01
5.851906158357770948e+00 -4.308309624464177756e-01
5.858260019550342257e+00 -5.201720817639379213e-01
5.864613880742912677e+00 -6.045921136103392657e-01
5.870967741935483097e+00 -6.830415252410144689e-01
5.877321603128054406e+00 -7.544933193451864861e-01
5.883675464320625714e+00 -8.179430340458695436e-01
5.890029325513196135e+00 -8.724087428999299787e-01
5.896383186705766555e+00 -9.171827715828635430e-01
5.902737047898337863e+00 -9.522721605473452033e-01
5.909090909090909172e+00 -9.775500653002944240e-01
5.915444770283479592e+00 -9.929785643984343491e-01
5.921798631476050012e+00 -9.986242472269257764e-01
5.928152492668621321e+00 -9.946582139993715987e-01
5.934506353861192629e+00 -9.813560757578193572e-01
5.940860215053763049e+00 -9.590979543727594647e-01
5.947214076246333470e+00 -9.283684825431246512e-01
5.953567937438904778e+00 -8.897249771645676653e-01
5.959921798631476086e+00 -8.435604000753095244e-01
5.966275659824046507e+00 -7.902455893138892185e-01
5.972629521016617815e+00 -7.301869051382299247e-01
5.978983382209188235e+00 -6.638189174172890450e-01
5.985337243401759544e+00 -5.916044056310062471e-01
5.991691104594329964e+00 -5.140343588703365496e-01
5.998044965786901273e+00 -4.316279758372306152e-01
6.004398826979471693e+00 -3.449326648446827681e-01
6.010752688172043001e+00 -2.545260699747692312e-01
6.017106549364613421e+00 -1.610494471456792309e-01
6.023460410557184730e+00 -6.522993262972370809e-02
6.029814271749755150e+00 3.212710770493348855e-02
6.036168132942326459e+00 1.301383097969164016e-01
6.042521994134896879e+00 2.278423113915808151e-01
6.048875855327468187e+00 3.241997520410427325e-01
6.055229716520038608e+00 4.180932731041213657e-01
6.061583577712609916e+00 5.083275177464247063e-01
6.067937438905180336e+00 5.936291309402922378e-01
6.074291300097751645e+00 6.727024279515458893e-01
6.080645161290322065e+00 7.446479032698950506e-01
6.086999022482893373e+00 8.087146469537682680e-01
6.093352883675463794e+00 8.642548495708988199e-01
6.099706744868035102e+00 9.107437814529388831e-01
6.106060606060605522e+00 9.477797926954345531e-01
6.112414467253176831e+00 9.750843131578665890e-01
6.118768328445747251e+00 9.925018524636215478e-01
6.125122189638318559e+00 1.000000000000000000e+00
6.131476050830888980e+00 9.976694249182131990e-01
6.137829912023460288e+00 9.857265878028290684e-01
6.144183773216030708e+00 9.647654664196673169e-01
6.150537634408602017e+00 9.353213438725669349e-01
6.156891495601172437e+00 8.977670120991549929e-01
6.163245356793743746e+00 8.524988963249627849e-01
6.169599217986314166e+00 7.999370550634415933e-01
6.175953079178885474e+00 7.405251801159504765e-01
6.182306940371455894e+00 6.747305965717916854e-01
6.188660801564027203e+00 6.030442628081582601e-01
6.195014662756597623e+00 5.259807704901674485e-01
6.201368523949168932e+00 4.440781674353947994e-01
6.207722385141739352e+00 3.578638443454226770e-01
6.214076246334310660e+00 2.678499586910823016e-01
6.220430107526881081e+00 1.746340436968218113e-01
6.226783968719452389e+00 7.891019667551028849e-02
6.233137829912022809e+00 -1.853092097150596182e-02
6.239491691104594118e+00 -1.168020837544867935e-01
6.245845552297165426e+00 -2.149195020952579249e-01
6.252199413489735846e+00 -3.118028223271666066e-01
6.258553274682306267e+00 -4.062751266951675211e-01
6.264907135874877575e+00 -4.970638563880868666e-01
6.271260997067448884e+00 -5.830017268435322420e-01
6.277614858260019304e+00 -6.630646566743376713e-01
6.283968719452589724e+00 -7.362761669583877122e-01
6.290322580645161032e+00 -8.017846317349205387e-01
6.296676441837732341e+00 -8.588632780045477588e-01
6.303030303030302761e+00 -9.069101857292227731e-01
6.309384164222873181e+00 -9.454482878322901795e-01
6.315738025415444490e+00 -9.741253701984523561e-01
6.322091886608015798e+00 -9.927140716737787862e-01
6.328445747800586219e+00 -1.001111887049653371e+00
6.334799608993156639e+00 -9.996725596924292967e-01
6.341153470185727947e+00 -9.889444301911249902e-01
6.347507331378299256e+00 -9.692409577169330825e-01
6.353861192570869676e+00 -9.409085835903293615e-01
6.360215053763440096e+00 -9.043267312810558956e-01
6.366568914956011405e+00 -8.599078064081311368e-01
6.372922776148582713e+00 -8.080971967398394851e-01
6.379276637341153133e+00 -7.493732721937628183e-01
6.385630498533723554e+00 -6.842473848367348621e-01
6.391984359726294862e+00 -6.132638688848707220e-01
6.398338220918866170e+00 -5.369814448605129131e-01
6.404692082111436591e+00 -4.558079196189254723e-01
6.411045943304007011e+00 -3.701569684663740811e-01
6.417399804496578319e+00 -2.805445654926521093e-01
6.423753665689149628e+00 -1.875842391004001186e-01
6.430107526881720048e+00 -9.198707200516006988e-02
6.436461388074290468e+00 5.438298764705312358e-03
6.442815249266861777e+00 1.037856818679601389e-01
6.449169110459433085e+00 2.020513316505209989e-01
6.455522971652003505e+00 2.991339481454013960e-01
6.461876832844573926e+00 3.938876557133181300e-01
6.468230694037145234e+00 4.852247703904000731e-01
6.474584555229716543e+00 5.719433367081132591e-01
6.480938416422286963e+00 6.529228338377331964e-01
6.487292277614857383e+00 7.271395270736342731e-01
6.493646138807428692e+00 7.936664678332374656e-01
6.500000000000000000e+00 8.516734936570319325e-01
