0.000000000000000000e+00 1.242810477459637131e-01
6.353861192570869551e-03 1.302137890228207417e-01
1.270772238514173910e-02 1.361047268167839552e-01
1.906158357771260692e-02 1.419355753322216196e-01
2.541544477028347820e-02 1.476873467351506597e-01
3.176930596285434949e-02 1.533404750867336519e-01
3.812316715542521384e-02 1.588748163432787963e-01
4.447702834799608512e-02 1.642696483562400001e-01
5.083088954056695641e-02 1.695036708722166274e-01
5.718475073313782076e-02 1.745550055329538053e-01
6.353861192570869898e-02 1.794003279626368574e-01
6.989247311827956333e-02 1.840162819577833564e-01
7.624633431085042767e-02 1.883808302585845418e-01
8.260019550342130590e-02 1.924719643902702559e-01
8.895405669599217025e-02 1.962677021376190711e-01
9.530791788856304847e-02 1.997460875449582340e-01
1.016617790811339128e-01 2.028851909161636102e-01
1.080156402737047772e-01 2.056631088146596842e-01
1.143695014662756415e-01 2.080579640634197813e-01
1.207233626588465059e-01 2.100479057449657350e-01
1.270772238514173980e-01 2.116111092013681083e-01
1.334310850439882623e-01 2.127257760342461945e-01
1.397849462365591267e-01 2.133701341047677669e-01
1.461388074291299910e-01 2.135224375336494951e-01
1.524926686217008553e-01 2.131609667011565568e-01
1.588465298142717474e-01 2.122640282471028872e-01
1.652003910068426118e-01 2.108099550708510683e-01
1.715542521994134761e-01 2.087771063313122732e-01
1.779081133919843405e-01 2.061444370439352580e-01
1.842619745845552048e-01 2.029001093806547251e-01
1.906158357771260969e-01 1.990267255399291724e-01
1.969696969696969613e-01 1.945040867895949654e-01
2.033235581622678256e-01 1.893126169543953574e-01
2.096774193548386900e-01 1.834333624159805165e-01
2.160312805474095543e-01 1.768479921129074983e-01
2.223851417399804187e-01 1.695387975406402181e-01
2.287390029325512830e-01 1.614886927515497006e-01
2.350928641251221474e-01 1.526812143549136080e-01
2.414467253176930117e-01 1.431005215169166844e-01
2.478005865102638761e-01 1.327313959606505334e-01
2.541544477028347959e-01 1.215592419661136597e-01
2.605083088954056603e-01 1.095700863702114974e-01
2.668621700879765246e-01 9.675057856675636780e-02
2.732160312805473890e-01 8.308799050646749340e-02
2.795698924731182533e-01 6.857021669697102584e-02
2.859237536656891177e-01 5.318577420280001800e-02
2.922776148582599820e-01 3.692380264539436852e-02
2.986314760508308463e-01 1.977406420310106119e-02
3.049853372434017107e-01 1.726943611173685760e-03
3.113391984359726306e-01 -1.722655183822713668e-02
3.176930596285434949e-01 -3.709479229603342143e-02
3.240469208211143592e-01 -5.788552535627099205e-02
3.304007820136852236e-01 -7.959859348688749781e-02
3.367546432062560879e-01 -1.021990475052484554e-01
3.431085043988269523e-01 -1.256440847218847634e-01
3.494623655913978166e-01 -1.498800306064329568e-01
3.558162267839686810e-01 -1.748414332021928641e-01
3.621700879765395453e-01 -2.004510631261275933e-01
3.685239491691104097e-01 -2.266199135688636290e-01
3.748778103616813295e-01 -2.532472002946909440e-01
3.812316715542521939e-01 -2.802203616415619436e-01
3.875855327468230582e-01 -3.074150585210935205e-01
3.939393939393939226e-01 -3.346951744185648892e-01
4.002932551319647869e-01 -3.619128153929192515e-01
4.066471163245356513e-01 -3.889083100767626866e-01
4.130009775171065156e-01 -4.155102096763648167e-01
4.193548387096773800e-01 -4.415352879716584189e-01
4.257086999022482443e-01 -4.667885413162395913e-01
4.320625610948191087e-01 -4.910631886373676980e-01
4.384164222873899730e-01 -5.141377039584483777e-01
4.447702834799608373e-01 -5.358415142476402604e-01
4.511241446725317017e-01 -5.560817524103819354e-01
4.574780058651025660e-01 -5.747787784984235149e-01
4.638318670576734304e-01 -5.918640982762138902e-01
4.701857282502442947e-01 -6.072803632209009539e-01
4.765395894428151591e-01 -6.209813705223320435e-01
4.828934506353860234e-01 -6.329320630830534977e-01
4.892473118279568878e-01 -6.431085295183104344e-01
4.956011730205277521e-01 -6.514980041560474167e-01
5.019550342130986165e-01 -6.580988670369081195e-01
5.083088954056695918e-01 -6.629206439142351082e-01
5.146627565982404562e-01 -6.659840062540703931e-01
5.210166177908113205e-01 -6.673207712351548748e-01
5.273704789833821849e-01 -6.669739017489283439e-01
5.337243401759530492e-01 -6.649975063995302582e-01
5.400782013685239136e-01 -6.614568395037986326e-01
5.464320625610947779e-01 -6.564325804813107013e-01
5.527859237536656423e-01 -6.500151072610893532e-01
5.591397849462365066e-01 -6.422757822007871820e-01
5.654936461388073710e-01 -6.332757299470413992e-01
5.718475073313782353e-01 -6.230663472010973258e-01
5.782013685239490997e-01 -6.116893027188088361e-01
5.845552297165199640e-01 -5.991765373106380244e-01
5.909090909090908283e-01 -5.855502638416552053e-01
5.972629521016616927e-01 -5.708229672315393577e-01
6.036168132942325570e-01 -5.549974044545773477e-01
6.099706744868034214e-01 -5.380666045396645947e-01
6.163245356793743968e-01 -5.200138685703045160e-01
6.226783968719452611e-01 -5.008127696846097487e-01
6.290322580645161255e-01 -4.804271530753002617e-01
6.353861192570869898e-01 -4.588111359897047437e-01
6.417399804496578541e-01 -4.359091077297601036e-01
6.480938416422287185e-01 -4.116557296520118037e-01
6.544477028347995828e-01 -3.860473627797372242e-01
6.608015640273704472e-01 -3.591696274599238681e-01
6.671554252199413115e-01 -3.308375966519080391e-01
6.735092864125121759e-01 -3.008711604771556747e-01
6.798631476050830402e-01 -2.691154415175777137e-01
6.862170087976539046e-01 -2.354407948155302077e-01
6.925708699902247689e-01 -1.997428078738144042e-01
6.989247311827956333e-01 -1.619423006556766076e-01
7.052785923753664976e-01 -1.219853255848081519e-01
7.116324535679373620e-01 -7.984316754534548366e-02
7.179863147605082263e-01 -3.551234388187031465e-02
7.243401759530790907e-01 1.098539560059072842e-02
7.306940371456499550e-01 5.960306863656596177e-02
7.370478983382208193e-01 1.102684605001381657e-01
7.434017595307916837e-01 1.628841240049457573e-01
7.497556207233626591e-01 2.173273795041823220e-01
7.561094819159335234e-01 2.734503148905937375e-01
7.624633431085043878e-01 3.310797855964837111e-01
7.688172043010752521e-01 3.898162757630255770e-01
7.751710654936461165e-01 4.487655845648437225e-01
7.815249266862169808e-01 5.070473989860602160e-01
7.878787878787878451e-01 5.638524023233836280e-01
7.942326490713587095e-01 6.184422740810451291e-01
8.005865102639295738e-01 6.701496899707982680e-01
8.069403714565004382e-01 7.183783219119189711e-01
8.132942326490713025e-01 7.626028380312055432e-01
8.196480938416421669e-01 8.023689026629787779e-01
8.260019550342130312e-01 8.372931763490819579e-01
8.323558162267838956e-01 8.671072758404624325e-01
8.387096774193547599e-01 8.920182294183948146e-01
8.450635386119256243e-01 9.124256445869015630e-01
8.514173998044964886e-01 9.287007526444458483e-01
8.577712609970673530e-01 9.411887845542640241e-01
8.641251221896382173e-01 9.502089709443664045e-01
8.704789833822090817e-01 9.560545421075368200e-01
8.768328445747799460e-01 9.589927280013330613e-01
8.831867057673508103e-01 9.592647582480861024e-01
8.895405669599216747e-01 9.571369509289496813e-01
8.958944281524925390e-01 9.530744862806737050e-01
9.022482893450634034e-01 9.473809299008396634e-01
9.086021505376342677e-01 9.402918269053334166e-01
9.149560117302051321e-01 9.319963617078675933e-01
9.213098729227759964e-01 9.226373580199805913e-01
9.276637341153468608e-01 9.123112788510373550e-01
9.340175953079177251e-01 9.010682265082289311e-01
9.403714565004885895e-01 8.889119425965724686e-01
9.467253176930594538e-01 8.758413691218036590e-01
9.530791788856303182e-01 8.620229125675170634e-01
9.594330400782011825e-01 8.475275532377628540e-01
9.657869012707720469e-01 8.323959376359642004e-01
9.721407624633429112e-01 8.166557901129370967e-01
9.784946236559137756e-01 8.003219128668899174e-01
9.848484848484846399e-01 7.833961859434233066e-01
9.912023460410555042e-01 7.658675672355303998e-01
9.975562072336263686e-01 7.477120924835968241e-01
1.003910068426197233e+00 7.288928752754006979e-01
1.010263929618768097e+00 7.093625486286876392e-01
1.016617790811339184e+00 6.891088345267537552e-01
1.022971652003910048e+00 6.681240373270572741e-01
1.029325513196480912e+00 6.463853996124454548e-01
1.035679374389051777e+00 6.238608808908755465e-01
1.042033235581622641e+00 6.005091575954147887e-01
1.048387096774193505e+00 5.762796230842401890e-01
1.054740957966764370e+00 5.511123876406388566e-01
1.061094819159335234e+00 5.249382784730070028e-01
1.067448680351906098e+00 4.976788397148512733e-01
1.073802541544476963e+00 4.692463324247879153e-01
1.080156402737047827e+00 4.395437345865431111e-01
1.086510263929618691e+00 4.084647411089524227e-01
1.092864125122189556e+00 3.758937638259617908e-01
1.099217986314760420e+00 3.417059314966265360e-01
1.105571847507331285e+00 3.057670898051120800e-01
1.111925708699902149e+00 2.679596229684348963e-01
1.118279569892473013e+00 2.282308709529873303e-01
1.124633431085043878e+00 1.863691106886944393e-01
1.130987292277614742e+00 1.421892155479088371e-01
1.137341153470185606e+00 9.555966121951472991e-02
1.143695014662756471e+00 4.640252570892786782e-02
1.150048875855327335e+00 -5.306510661904279176e-03
1.156402737047898199e+00 -5.953816525450263825e-02
1.162756598240469064e+00 -1.162095531138567506e-01
1.169110459433039928e+00 -1.751841869684241659e-01
1.175464320625610792e+00 -2.362719772301312970e-01
1.181818181818181657e+00 -2.992455747025411505e-01
1.188172043010752521e+00 -3.637762605685748163e-01
1.194525904203323385e+00 -4.288864852051972321e-01
1.200879765395894250e+00 -4.935486267535417748e-01
1.207233626588465114e+00 -5.568132802293650485e-01
1.213587487781035978e+00 -6.178092575230469397e-01
1.219941348973606843e+00 -6.757435873995906173e-01
1.226295210166177929e+00 -7.299015154986244758e-01
1.232649071358748794e+00 -7.796465043343941970e-01
1.239002932551319658e+00 -8.244202332957750734e-01
1.245356793743890522e+00 -8.637425986462635707e-01
1.251710654936461387e+00 -8.972177375404994937e-01
1.258064516129032251e+00 -9.250017930201118732e-01
1.264418377321603115e+00 -9.475900349362699204e-01
1.270772238514173980e+00 -9.653813752117088587e-01
1.277126099706744844e+00 -9.787904779644283071e-01
1.283479960899315708e+00 -9.882477595076923915e-01
1.289833822091886573e+00 -9.941993883500296336e-01
1.296187683284457437e+00 -9.971113575385038841e-01
1.302541544477028301e+00 -9.974153011462606466e-01
1.308895405669599166e+00 -9.954769920531455485e-01
1.315249266862170030e+00 -9.916082220457419494e-01
1.321603128054740894e+00 -9.860668019058185241e-01
1.327956989247311759e+00 -9.790565614103277081e-01
1.334310850439882623e+00 -9.707428800360641263e-01
1.340664711632453487e+00 -9.613063248802212746e-01
1.347018572825024352e+00 -9.509062534053172033e-01
1.353372434017595216e+00 -9.396722978849380015e-01
1.359726295210166080e+00 -9.277045346514526392e-01
1.366080156402736945e+00 -9.150734840960119687e-01
1.372434017595307809e+00 -9.018201106685495017e-01
1.378787878787878673e+00 -8.879558228777815199e-01
1.385141739980449538e+00 -8.734624732912059653e-01
1.391495601173020402e+00 -8.582933601358869735e-01
1.397849462365591267e+00 -8.424858288376337878e-01
1.404203323558162131e+00 -8.261124866458294802e-01
1.410557184750732995e+00 -8.091955067994263118e-01
1.416911045943303860e+00 -7.917462591043111786e-01
1.423264907135874724e+00 -7.737653099333063889e-01
1.429618768328445588e+00 -7.552424222261699960e-01
1.435972629521016453e+00 -7.361565554895947994e-01
1.442326490713587317e+00 -7.164758657972092326e-01
1.448680351906158181e+00 -6.961577057895768084e-01
1.455034213098729046e+00 -6.751486246741965624e-01
1.461388074291299910e+00 -6.533843682255027208e-01
1.467741935483870774e+00 -6.307898787848649214e-01
1.474095796676441639e+00 -6.073421829365144298e-01
1.480449657869012503e+00 -5.830379862214251085e-01
1.486803519061583367e+00 -5.578057433735176263e-01
1.493157380254154454e+00 -5.315681258363560424e-01
1.499511241446725318e+00 -5.042421099532077289e-01
1.505865102639296182e+00 -4.757389769670373747e-01
1.512218963831867047e+00 -4.459643130205109274e-01
1.518572825024437911e+00 -4.148180091559942051e-01
1.524926686217008776e+00 -3.821942613155536184e-01
1.531280547409579640e+00 -3.479815703409553374e-01
1.537634408602150504e+00 -3.120627419736661246e-01
1.543988269794721369e+00 -2.743148868548526687e-01
1.550342130987292233e+00 -2.346094205253818621e-01
1.556695992179863097e+00 -1.928120634258209398e-01
1.563049853372433962e+00 -1.487828408964372295e-01
1.569403714565004826e+00 -1.023769642955649345e-01
1.575757575757575690e+00 -5.349075002541813645e-02
1.582111436950146555e+00 -2.053553424726082492e-03
1.588465298142717419e+00 5.196010151103016422e-02
1.594819159335288283e+00 1.085116356600661636e-01
1.601173020527859148e+00 1.674859136031258966e-01
1.607526881720430012e+00 2.286560058990397271e-01
1.613880742913000876e+00 2.916631227628316281e-01
1.620234604105571741e+00 3.560027411074169756e-01
1.626588465298142605e+00 4.210792817286552192e-01
1.632942326490713469e+00 4.861231741596780953e-01
1.639296187683284334e+00 5.500188185680782160e-01
1.645650048875855198e+00 6.117514442399659691e-01
1.652003910068426062e+00 6.704329591057497373e-01
1.658357771260996927e+00 7.253019497401366200e-01
1.664711632453567791e+00 7.757236813621322113e-01
1.671065493646138655e+00 8.211900978350403779e-01
1.677419354838709520e+00 8.613198216664630369e-01
1.683773216031280384e+00 8.958581540083015993e-01
1.690127077223851249e+00 9.246770746567544164e-01
1.696480938416422113e+00 9.478112282895732044e-01
1.702834799608992977e+00 9.659023494914070751e-01
1.709188660801563842e+00 9.795964346992929173e-01
1.715542521994134706e+00 9.894054291836748005e-01
1.721896383186705570e+00 9.957814444011300337e-01
1.728250244379276435e+00 9.991167579943696087e-01
1.734604105571847299e+00 9.997438137922377566e-01
1.740957966764418163e+00 9.979370710074039197e-01
1.747311827956989028e+00 9.940859890283406664e-01
1.753665689149559892e+00 9.885527166017172851e-01
1.760019550342130756e+00 9.815766529655993722e-01
1.766373411534701621e+00 9.733559387357988424e-01
1.772727272727272485e+00 9.640474559058747062e-01
1.779081133919843349e+00 9.537668278471309602e-01
1.785434995112414214e+00 9.425884193086183638e-01
1.791788856304985078e+00 9.305768532725885445e-01
1.798142717497555942e+00 9.178359944809854065e-01
1.804496578690126807e+00 9.044399687368815943e-01
1.810850439882697671e+00 8.904462883510194660e-01
1.817204301075268535e+00 8.758962368925351516e-01
1.823558162267839400e+00 8.608148691889595527e-01
1.829912023460410264e+00 8.452110113262170099e-01
1.836265884652981129e+00 8.290772606486267460e-01
1.842619745845551993e+00 8.123899857589017559e-01
1.848973607038122857e+00 7.951093265181491399e-01
1.855327468230693722e+00 7.771895257708635318e-01
1.861681329423264586e+00 7.586390961185582871e-01
1.868035190615835450e+00 7.394731936606191436e-01
1.874389051808406315e+00 7.196949553291085433e-01
1.880742913000977179e+00 6.992965172140945818e-01
1.887096774193548043e+00 6.782590145636506751e-01
1.893450635386118908e+00 6.565525817838567813e-01
1.899804496578689772e+00 6.341363524387981787e-01
1.906158357771260636e+00 6.109584592505661327e-01
1.912512218963831501e+00 5.869560340992576730e-01
1.918866080156402365e+00 5.620552080229754832e-01
1.925219941348973229e+00 5.361711112178286776e-01
1.931573802541544094e+00 5.092078730379314688e-01
1.937927663734114958e+00 4.810586219954042231e-01
1.944281524926685822e+00 4.516054857603729600e-01
1.950635386119256687e+00 4.207398882646743998e-01
1.956989247311827551e+00 3.885771535526678644e-01
1.963343108504398415e+00 3.549478468546947707e-01
1.969696969696969280e+00 3.196052853522952653e-01
1.976050830889540144e+00 2.823379225000757220e-01
1.982404692082111008e+00 2.429693480257082427e-01
1.988758553274681873e+00 2.013582879299312400e-01
1.995112414467252737e+00 1.573986044865487710e-01
2.001466275659823602e+00 1.110192962424313562e-01
2.007820136852394466e+00 6.218449801751513295e-02
2.014173998044965330e+00 1.089348090480267775e-02
2.020527859237536195e+00 -4.281934772963792019e-02
2.026881720430107059e+00 -9.888444424667224009e-02
2.033235581622678367e+00 -1.571971287341018542e-01
2.039589442815249232e+00 -2.176175850066562889e-01
2.045943304007820096e+00 -2.799708606060050675e-01
2.052297165200390960e+00 -3.440386251055117528e-01
2.058651026392961825e+00 -4.091955499924546102e-01
2.065004887585532689e+00 -4.743532894445927073e-01
2.071358748778103553e+00 -5.384761514246569902e-01
2.077712609970674418e+00 -6.006139587750142228e-01
2.084066471163245282e+00 -6.599020492176669306e-01
2.090420332355815702e+00 -7.155612753542518467e-01
2.096774193548387011e+00 -7.668980046660486272e-01
2.103128054740957431e+00 -8.133041195139606439e-01
2.109481915933528740e+00 -8.542570171385398536e-01
2.115835777126099160e+00 -8.893511429391175449e-01
2.122189638318670468e+00 -9.187435633802208956e-01
2.128543499511240888e+00 -9.428758318548408068e-01
2.134897360703812197e+00 -9.621641733060621871e-01
2.141251221896382617e+00 -9.770133292850925466e-01
2.147605083088953926e+00 -9.878165579512733219e-01
2.153958944281524346e+00 -9.949556340720709935e-01
2.160312805474095654e+00 -9.988008490230841918e-01
2.166666666666666075e+00 -9.997302742436339207e-01
2.173020527859237383e+00 -9.982646378814048482e-01
2.179374389051808691e+00 -9.947975753880015093e-01
2.185728250244379112e+00 -9.896344537119243778e-01
2.192082111436950420e+00 -9.830229534681735881e-01
2.198435972629520840e+00 -9.751530689382519324e-01
2.204789833822092149e+00 -9.661571080701607528e-01
2.211143695014662569e+00 -9.561096924784050488e-01
2.217497556207233878e+00 -9.450472608868835112e-01
2.223851417399804298e+00 -9.331447000251507085e-01
2.230205278592375606e+00 -9.205181314003731963e-01
2.236559139784946026e+00 -9.072399226104058689e-01
2.242913000977517335e+00 -8.933651948293394041e-01
2.249266862170087755e+00 -8.789318228075079231e-01
2.255620723362659064e+00 -8.639604348714806648e-01
2.261974584555229484e+00 -8.484544129240704224e-01
2.268328445747800792e+00 -8.323998924443249958e-01
2.274682306940371213e+00 -8.157657624875360725e-01
2.281036168132942521e+00 -7.985100731175681643e-01
2.287390029325512941e+00 -7.806377409235142339e-01
2.293743890518084250e+00 -7.621710800830338028e-01
2.300097751710654670e+00 -7.431206142832184058e-01
2.306451612903225978e+00 -7.234855257174855891e-01
2.312805474095796399e+00 -7.032536550855917890e-01
2.319159335288367707e+00 -6.824015015936190087e-01
2.325513196480938127e+00 -6.608942229539879198e-01
2.331867057673509436e+00 -6.386856353854452051e-01
2.338220918866079856e+00 -6.157182136130761041e-01
2.344574780058651164e+00 -5.919230908682913128e-01
2.350928641251221585e+00 -5.672200588888408612e-01
2.357282502443792893e+00 -5.415175679188001245e-01
2.363636363636363313e+00 -5.147127267085832569e-01
2.369990224828934622e+00 -4.866913025149298688e-01
2.376344086021505042e+00 -4.574207682365061811e-01
2.382697947214076351e+00 -4.269530434937071628e-01
2.389051808406646771e+00 -3.950938804150004868e-01
2.395405669599218079e+00 -3.616561498968942079e-01
2.401759530791788499e+00 -3.264711435129433736e-01
2.408113391984359808e+00 -2.893885735137315951e-01
2.414467253176930228e+00 -2.502765728268904200e-01
2.420821114369501537e+00 -2.090216950570786825e-01
2.427174975562071957e+00 -1.655289144860043749e-01
2.433528836754643265e+00 -1.197216260724016657e-01
2.439882697947213686e+00 -7.154164545205506098e-02
2.446236559139784994e+00 -2.094920893777383469e-02
2.452590420332355858e+00 3.207702648058483041e-02
2.458944281524926723e+00 8.753998313612459947e-02
2.465298142717497587e+00 1.454241626849238078e-01
2.471652003910068451e+00 2.056956461060059360e-01
2.478005865102639316e+00 2.684215249747375354e-01
2.484359726295210180e+00 3.330192021582832895e-01
2.490713587487781044e+00 3.984114893471305541e-01
2.497067448680351909e+00 4.635970412204753477e-01
2.503421309872922773e+00 5.276515477268772791e-01
2.509775171065493637e+00 5.897277340842217441e-01
2.516129032258064502e+00 6.490553607797577840e-01
2.522482893450635366e+00 7.049412235700608376e-01
2.528836754643206230e+00 7.567691534810687681e-01
2.535190615835777095e+00 8.040000168080475573e-01
2.541544477028347959e+00 8.461717151156231687e-01
2.547898338220918824e+00 8.828991852377527927e-01
2.554252199413489688e+00 9.138743992777501601e-01
2.560606060606060552e+00 9.390138912867757037e-01
2.566959921798631417e+00 9.590361890072603979e-01
2.573313782991202281e+00 9.744467866009213219e-01
2.579667644183773145e+00 9.856982994567077272e-01
2.586021505376344010e+00 9.932459318575268536e-01
2.592375366568914874e+00 9.975475206935265904e-01
2.598729227761485738e+00 9.990442005977397955e-01
2.605083088954056603e+00 9.981210947927485755e-01
2.611436950146627467e+00 9.951129550642852095e-01
2.617790811339198331e+00 9.903055404580294319e-01
2.624144672531769196e+00 9.839335944242825205e-01
2.630498533724340060e+00 9.761824240373280226e-01
2.636852394916910924e+00 9.672540455054934316e-01
2.643206256109481789e+00 9.573255789001844374e-01
2.649560117302052653e+00 9.465382253734190288e-01
2.655913978494623517e+00 9.349972671578223871e-01
2.662267839687194382e+00 9.227720675666324368e-01
2.668621700879765246e+00 9.098960709936936286e-01
2.674975562072336110e+00 8.963668029134636006e-01
2.681329423264906975e+00 8.821458698810065169e-01
2.687683284457477839e+00 8.671977893414352101e-01
2.694037145650048704e+00 8.516556755404697254e-01
2.700391006842619568e+00 8.355652692628836586e-01
2.706744868035190432e+00 8.189446291947556356e-01
2.713098729227761741e+00 8.018014263602178948e-01
2.719452590420332161e+00 7.841329441214529572e-01
2.725806451612903469e+00 7.659260781786897399e-01
2.732160312805473890e+00 7.471573365702126601e-01
2.738514173998045198e+00 7.277928396723511995e-01
2.744868035190615618e+00 7.077883201994900064e-01
2.751221896383186927e+00 6.870891232040590157e-01
2.757575757575757347e+00 6.656351072027275606e-01
2.763929618768328655e+00 6.434214356815204372e-01
2.770283479960899076e+00 6.204195505268996769e-01
2.776637341153470384e+00 5.965794134147328620e-01
2.782991202346040804e+00 5.718432960230106499e-01
2.789345063538612113e+00 5.461457800318326727e-01
2.795698924731182533e+00 5.194137571234215267e-01
2.802052785923753842e+00 4.915664289821087274e-01
2.808406647116324262e+00 4.625153072943495869e-01
2.814760508308895570e+00 4.321642137487071711e-01
2.821114369501465990e+00 4.004092800358692306e-01
2.827468230694037299e+00 3.671389478486303815e-01
2.833822091886607719e+00 3.322339688819110348e-01
2.840175953079179028e+00 2.955674048327376346e-01
2.846529814271749448e+00 2.570046274002629194e-01
2.852883675464320756e+00 2.164033182857447724e-01
2.859237536656891177e+00 1.736206799386035005e-01
2.865591397849462485e+00 1.285570610924803014e-01
2.871945259042032905e+00 8.106103579367056333e-02
2.878299120234604214e+00 3.102411456598185013e-02
2.884652981427174634e+00 -2.159596373986013770e-02
2.891006842619745942e+00 -7.677523194624030767e-02
2.897360703812316363e+00 -1.344234945486243171e-01
2.903714565004887671e+00 -1.943843277155896665e-01
2.910068426197458091e+00 -2.564403952796674990e-01
2.916422287390029400e+00 -3.201954808430994004e-01
2.922776148582599820e+00 -3.849651897356657915e-01
2.929130009775171128e+00 -4.499915953398451740e-01
2.935483870967741549e+00 -5.144612011025901932e-01
2.941837732160312857e+00 -5.775049405353656073e-01
2.948191593352883277e+00 -6.381981772141103182e-01
2.954545454545454586e+00 -6.955607047792741193e-01
2.960899315738025006e+00 -7.486180040501606570e-01
2.967253176930596315e+00 -7.967444081463621597e-01
2.973607038123166735e+00 -8.395176913063545632e-01
2.979960899315738043e+00 -8.767034703129623630e-01
2.986314760508308908e+00 -9.082627485657994715e-01
2.992668621700879772e+00 -9.343519160812805424e-01
2.999022482893450636e+00 -9.553081110303379697e-01
3.005376344086021501e+00 -9.715441467201734183e-01
3.011730205278592365e+00 -9.835618206495081450e-01
3.018084066471163229e+00 -9.918390190792345518e-01
3.024437927663734094e+00 -9.968119835740643087e-01
3.030791788856304958e+00 -9.988753110025236914e-01
3.037145650048875822e+00 -9.983830172925869384e-01
3.043499511241446687e+00 -9.956908574303788839e-01
3.049853372434017551e+00 -9.911565655107968942e-01
3.056207233626588415e+00 -9.850817508165295999e-01
3.062561094819159280e+00 -9.777090438038087417e-01
3.068914956011730144e+00 -9.692220961024122783e-01
3.075268817204301008e+00 -9.597455805156601683e-01
3.081622678396871873e+00 -9.493451910204191435e-01
3.087976539589442737e+00 -9.380276427670979356e-01
3.094330400782013601e+00 -9.257461211655818589e-01
3.100684261974584466e+00 -9.126664310432786031e-01
3.107038123167155330e+00 -8.989484207498796842e-01
3.113391984359726194e+00 -8.846412800538473453e-01
3.119745845552297059e+00 -8.697810745298550916e-01
3.126099706744867923e+00 -8.543907455587784749e-01
3.132453567937438788e+00 -8.384801103277050860e-01
3.138807429130009652e+00 -8.220458618299242293e-01
3.145161290322580516e+00 -8.050715688649373591e-01
3.151515151515151381e+00 -7.875276760384474217e-01
3.157869012707722245e+00 -7.693716514502965120e-01
3.164222873900293109e+00 -7.505725178426667643e-01
3.170576735092863974e+00 -7.311374840264265318e-01
3.176930596285434838e+00 -7.110688784924036332e-01
3.183284457478005702e+00 -6.903582275878747954e-01
3.189638318670576567e+00 -6.689862555165541069e-01
3.195992179863147431e+00 -6.469228843386050087e-01
3.202346041055718295e+00 -6.241272339706279704e-01
3.208699902248289160e+00 -6.005476221856730357e-01
3.215053763440860024e+00 -5.761215646132267221e-01
3.221407624633430888e+00 -5.507757747392256764e-01
3.227761485826001753e+00 -5.244261639060427971e-01
3.234115347018572617e+00 -4.969778413125012229e-01
3.240469208211143481e+00 -4.683251140138601221e-01
3.246823069403714346e+00 -4.383514869218295695e-01
3.253176930596285210e+00 -4.069296628045543374e-01
3.259530791788856519e+00 -3.739637753806936415e-01
3.265884652981426939e+00 -3.395780058685952119e-01
3.272238514173998247e+00 -3.035305535409704158e-01
3.278592375366568668e+00 -2.655445236519971552e-01
3.284946236559139976e+00 -2.253945723929547396e-01
3.291300097751710396e+00 -1.829069068922465346e-01
3.297653958944281705e+00 -1.379592852153765092e-01
3.304007820136852125e+00 -9.048101636497371536e-02
3.310361681329423433e+00 -4.045296028076639933e-02
3.316715542521993854e+00 1.209247216039068332e-02
3.323069403714565162e+00 6.707131914454489419e-02
3.329423264907135582e+00 1.243480679206156736e-01
3.335777126099706891e+00 1.837356548004257517e-01
3.342130987292277311e+00 2.449954651586691845e-01
3.348484848484848619e+00 3.078373334329444488e-01
3.354838709677419040e+00 3.719195431237196092e-01
3.361192570869990348e+00 4.368386807380073011e-01
3.367546432062560768e+00 5.016543354273595989e-01
3.373900293255132077e+00 5.651382447313589852e-01
3.380254154447702497e+00 6.262640957450352763e-01
3.386608015640273806e+00 6.841440633432966933e-01
3.392961876832844226e+00 7.380288101808945012e-01
3.399315738025415534e+00 7.873074866924564263e-01
3.405669599217985954e+00 8.315077310924554599e-01
3.412023460410557263e+00 8.702956693752383899e-01
3.418377321603127683e+00 9.034759153149997113e-01
3.424731182795698992e+00 9.309915704658052737e-01
3.431085043988269412e+00 9.529316835711287847e-01
3.437438905180840720e+00 9.698734477308070812e-01
3.443792766373411141e+00 9.825187258183335492e-01
3.450146627565982449e+00 9.914012462734722586e-01
3.456500488758552869e+00 9.969840525565012435e-01
3.462854349951124178e+00 9.996595031482184979e-01
3.469208211143694598e+00 9.997492715499375349e-01
3.475562072336265906e+00 9.975043462834907171e-01
3.481915933528836327e+00 9.931941470482659184e-01
3.488269794721407635e+00 9.872501976260060763e-01
3.494623655913978055e+00 9.799129470733739522e-01
3.500977517106549364e+00 9.713742934393344575e-01
3.507331378299119784e+00 9.617885115324241729e-01
3.513685239491691092e+00 9.512722529207460198e-01
3.520039100684261513e+00 9.399045459319749218e-01
3.526392961876832821e+00 9.277290249014085166e-01
3.532746823069403241e+00 9.148192762757900720e-01
3.539100684261974550e+00 9.012553287025153459e-01
3.545454545454544970e+00 8.870929435207974834e-01
3.551808406647116279e+00 8.723734044548571154e-01
3.558162267839686699e+00 8.571235176139136991e-01
3.564516129032258007e+00 8.413556114921949547e-01
3.570869990224828427e+00 8.250675369689270955e-01
3.577223851417399736e+00 8.082426673083443758e-01
3.583577712609970156e+00 7.908498981596796540e-01
3.589931573802541465e+00 7.728436475571742736e-01
3.596285434995111885e+00 7.541869137298335968e-01
3.602639296187683193e+00 7.348899627272023061e-01
3.608993157380253614e+00 7.149567864638972647e-01
3.615347018572824922e+00 6.943807068228381452e-01
3.621700879765395342e+00 6.731443945445102495e-01
3.628054740957966651e+00 6.512198692269767220e-01
3.634408602150537071e+00 6.285684993258658926e-01
3.640762463343108379e+00 6.051410021543841555e-01
3.647116324535678800e+00 5.808774438833032017e-01
3.653470185728250108e+00 5.557072395409727861e-01
3.659824046920820528e+00 5.295491530133076274e-01
3.666177908113391837e+00 5.023112970438011748e-01
3.672531769305962257e+00 4.738911332335107862e-01
3.678885630498533565e+00 4.441754720410736046e-01
3.685239491691103986e+00 4.130404727826899047e-01
3.691593352883675294e+00 3.803651022595138098e-01
3.697947214076245714e+00 3.462688803175548724e-01
3.704301075268817023e+00 3.105700407915947814e-01
3.710654936461387443e+00 2.729815650260901116e-01
3.717008797653958752e+00 2.332680611693221939e-01
3.723362658846529172e+00 1.912457641733753544e-01
3.729716520039100480e+00 1.467825357941597852e-01
3.736070381231670900e+00 9.979786459138711985e-02
3.742424242424242209e+00 5.026286592859677271e-02
3.748778103616812629e+00 -1.799718026871890194e-03
3.755131964809383938e+00 -5.631551830385096019e-02
3.761485826001954358e+00 -1.131585391273733504e-01
3.767839687194525666e+00 -1.721511579186419949e-01
3.774193548387096087e+00 -2.330641252950627074e-01
3.780547409579667395e+00 -2.956165650702094472e-01
3.786901270772237815e+00 -3.594759742538598535e-01
3.793255131964809124e+00 -4.242582230519595932e-01
3.799608993157379544e+00 -4.891911335052971377e-01
3.805962854349951296e+00 -5.530080486082065150e-01
3.812316715542521273e+00 -6.146557059608659390e-01
3.818670576735093025e+00 -6.732194623405777234e-01
3.825024437927663001e+00 -7.279232866307668859e-01
3.831378299120234754e+00 -7.781297598210146216e-01
3.837732160312804730e+00 -8.233400750070273277e-01
3.844086021505376483e+00 -8.631940373906643593e-01
3.850439882697946459e+00 -8.974700642799137151e-01
3.856793743890518211e+00 -9.260851850889131320e-01
3.863147605083088187e+00 -9.490950413379317663e-01
3.869501466275659940e+00 -9.669328364576461610e-01
3.875855327468229916e+00 -9.803593224084882207e-01
3.882209188660801669e+00 -9.899247803036853588e-01
3.888563049853371645e+00 -9.961079380931913141e-01
3.894916911045943397e+00 -9.993163034587814186e-01
3.901270772238513374e+00 -9.998861638140479347e-01
3.907624633431085126e+00 -9.980825863044027191e-01
3.913978494623655102e+00 -9.941390437811039593e-01
3.920332355816226855e+00 -9.884876760911556204e-01
3.926686217008796831e+00 -9.814013147035560714e-01
3.933040078201368583e+00 -9.730791721020156659e-01
3.939393939393938560e+00 -9.636830868195362942e-01
3.945747800586510312e+00 -9.533375234384067198e-01
3.952101661779080288e+00 -9.421295725902074647e-01
3.958455522971652041e+00 -9.301089636462465116e-01
3.964809384164222017e+00 -9.173335201469965394e-01
3.971163245356793770e+00 -9.038905121001371556e-01
3.977517106549363746e+00 -8.898385643453698979e-01
3.983870967741935498e+00 -8.752219156182057258e-01
3.990224828934505474e+00 -8.600704185499740140e-01
3.996578690127077227e+00 -8.443995396678134480e-01
4.002932551319647203e+00 -8.282103593946810172e-01
4.009286412512219400e+00 -8.114895720493430220e-01
4.015640273704788932e+00 -7.942094858463842888e-01
4.021994134897361128e+00 -7.763280228961988438e-01
4.028347996089930660e+00 -7.577995076469116187e-01
4.034701857282502857e+00 -7.386266938755609024e-01
4.041055718475072389e+00 -7.188162968287455934e-01
4.047409579667644586e+00 -6.983638342049579562e-01
4.053763440860214118e+00 -6.772541972455770054e-01
4.060117302052786314e+00 -6.554616507348560717e-01
4.066471163245356735e+00 -6.329498329999339035e-01
4.072825024437928043e+00 -6.096717559108295603e-01
4.079178885630498463e+00 -5.855698048804381939e-01
4.085532746823069772e+00 -5.605757388645418171e-01
4.091886608015640192e+00 -5.346106903617959816e-01
4.098240469208211501e+00 -5.075851654137445435e-01
4.104594330400781921e+00 -4.793990436048040094e-01
4.110948191593353229e+00 -4.499415780622794125e-01
4.117302052785923649e+00 -4.190913954563480481e-01
4.123655913978494958e+00 -3.867164960000765150e-01
4.130009775171065378e+00 -3.528715528400867552e-01
4.136363636363636687e+00 -3.174990714878458964e-01
4.142717497556207107e+00 -2.802966658216415330e-01
4.149071358748778415e+00 -2.410143888141750290e-01
4.155425219941348836e+00 -1.994548667432186895e-01
4.161779081133920144e+00 -1.554732991916351059e-01
4.168132942326490564e+00 -1.089774590473697180e-01
4.174486803519061873e+00 -5.992769250344309739e-02
4.180840664711631405e+00 -8.336919057960976223e-03
4.187194525904203601e+00 4.572936848589713443e-02
4.193548387096774022e+00 1.021531040198458140e-01
4.199902248289345330e+00 1.607636481305413367e-01
4.206256109481914862e+00 2.213377880995504032e-01
4.212609970674487059e+00 2.835997379033666221e-01
4.218963831867057479e+00 3.472211382133748026e-01
4.225317693059628787e+00 4.118210563959044945e-01
4.231671554252198320e+00 4.768026757843186747e-01
4.238025415444770516e+00 5.409067402597884655e-01
4.244379276637340936e+00 6.030367702790971896e-01
4.250733137829912245e+00 6.622512634381264585e-01
4.257086999022481777e+00 7.177478278871485262e-01
4.263440860215053974e+00 7.688631823308424984e-01
4.269794721407624394e+00 8.150731560282653554e-01
4.276148582600195702e+00 8.559926887928962502e-01
4.282502443792765234e+00 8.913758309926068657e-01
4.288856304985337431e+00 9.211157435496722945e-01
4.295210166177907851e+00 9.452446979407548300e-01
4.301564027370479160e+00 9.640214522554313437e-01
4.307917888563048692e+00 9.782215538931690046e-01
4.314271749755620888e+00 9.884524976940674001e-01
4.320625610948191309e+00 9.952181722154257448e-01
4.326979472140762617e+00 9.989486124848008242e-01
4.333333333333332149e+00 1.000000000000000000e+00
4.339687194525904346e+00 9.986546627290833200e-01
4.346041055718474766e+00 9.951223936938443648e-01
4.352394916911046074e+00 9.897582480476853073e-01
4.358748778103617383e+00 9.829160798436065161e-01
4.365102639296187803e+00 9.748020215825714541e-01
4.371456500488758223e+00 9.655860860287299730e-01
4.377810361681329532e+00 9.554021662094217548e-01
4.384164222873900840e+00 9.443480354151734257e-01
4.390518084066471260e+00 9.324853471997057719e-01
4.396871945259041681e+00 9.198517417160296805e-01
4.403225806451612989e+00 9.065298394672067772e-01
4.409579667644184298e+00 8.925849324168050325e-01
4.415933528836754718e+00 8.780646267904052005e-01
4.422287390029325138e+00 8.630025884185034135e-01
4.428641251221896447e+00 8.474185427365181766e-01
4.434995112414467755e+00 8.313182747847867038e-01
4.441348973607038175e+00 8.146936292085741327e-01
4.447702834799608596e+00 7.975225102580594250e-01
4.454056695992179904e+00 7.797688817883450252e-01
4.460410557184751212e+00 7.613836801437422475e-01
4.466764418377321633e+00 7.423449906429665512e-01
4.473118279569892053e+00 7.226617114706511691e-01
4.479472140762463361e+00 7.023320215337114369e-01
4.485826001955034670e+00 6.813435967358824064e-01
4.492179863147605090e+00 6.596736099777320561e-01
4.498533724340175510e+00 6.372887311566424184e-01
4.504887585532746819e+00 6.141451271668219025e-01
4.511241446725318127e+00 5.901884618992990772e-01
4.517595307917888547e+00 5.653538962419356606e-01
4.523949169110458968e+00 5.395660880794070913e-01
4.530303030303030276e+00 5.127391922932150736e-01
4.536656891495601585e+00 4.847768607616806391e-01
4.543010752688172005e+00 4.555722423599606330e-01
4.549364613880742425e+00 4.250079829600229009e-01
4.555718475073313734e+00 3.929562254306627755e-01
4.562072336265885042e+00 3.593223399136293850e-01
4.568426197458455462e+00 3.242209419106938939e-01
4.574780058651025882e+00 2.873950220645595244e-01
4.581133919843597191e+00 2.485608753740233823e-01
4.587487781036168499e+00 2.074918107925856348e-01
4.593841642228738920e+00 1.640181512284743515e-01
4.600195503421309340e+00 1.180272335446092558e-01
4.606549364613880648e+00 6.946340855862542796e-02
4.612903225806451957e+00 1.832804104285992719e-02
4.619257086999022377e+00 -3.532049027561819793e-02
4.625610948191592797e+00 -9.136679271505225575e-02
4.631964809384164106e+00 -1.496384596389779831e-01
4.638318670576735414e+00 -2.099060704561952206e-01
4.644672531769305834e+00 -2.718831906208197813e-01
4.651026392961876255e+00 -3.352263716322499976e-01
4.657380254154447563e+00 -3.995351510351836666e-01
4.663734115347018871e+00 -4.643490509676603262e-01
4.670087976539589292e+00 -5.286672663082292445e-01
4.676441837732159712e+00 -5.912196225490271573e-01
4.682795698924731020e+00 -6.510350826398837443e-01
4.689149560117302329e+00 -7.072840407434879406e-01
4.695503421309872749e+00 -7.592783222354406725e-01
4.701857282502443169e+00 -8.064711837042191078e-01
4.708211143695014478e+00 -8.484573129511915335e-01
4.714565004887585786e+00 -8.849728289905935963e-01
4.720918866080156207e+00 -9.158952820495649405e-01
4.727272727272726627e+00 -9.412436535681246719e-01
4.733626588465297935e+00 -9.611783561991789071e-01
4.739980449657869244e+00 -9.761697783422389474e-01
4.746334310850439664e+00 -9.870294634903107323e-01
4.752688172043010084e+00 -9.943206974767331285e-01
4.759042033235581393e+00 -9.985212691062381740e-01
4.765395894428152701e+00 -1.000028244253715837e+00
4.771749755620723121e+00 -9.991579658642171236e-01
4.778103616813293542e+00 -9.961460539529516378e-01
4.784457478005864850e+00 -9.911533618489762887e-01
4.790811339198436158e+00 -9.845366819567763494e-01
4.797165200391006579e+00 -9.766083590062105690e-01
4.803519061583576999e+00 -9.675459360008310528e-01
4.809872922776148307e+00 -9.574948473958205808e-01
4.816226783968719616e+00 -9.465684190979974932e-01
4.822580645161290036e+00 -9.348478684658078075e-01
4.828934506353860456e+00 -9.223823043093306584e-01
4.835288367546431765e+00 -9.091973757919129540e-01
4.841642228739003073e+00 -8.953604098720703286e-01
4.847996089931573493e+00 -8.809271140466462535e-01
4.854349951124143914e+00 -8.659362003282472520e-01
4.860703812316715222e+00 -8.504138694344490768e-01
4.867057673509286531e+00 -8.343738107878062582e-01
4.873411534701856951e+00 -8.178172025158386704e-01
4.879765395894427371e+00 -8.007327114510395250e-01
4.886119257086998680e+00 -7.830964931308720400e-01
4.892473118279569988e+00 -7.648721917977783225e-01
4.898826979472140408e+00 -7.460112412688016947e-01
4.905180840664711717e+00 -7.264846070422980029e-01
4.911534701857282137e+00 -7.062936744021607316e-01
4.917888563049853445e+00 -6.854294867654571188e-01
4.924242424242423866e+00 -6.638730448337566425e-01
4.930596285434995174e+00 -6.415953065931249144e-01
4.936950146627565594e+00 -6.185571873141374466e-01
4.943304007820136903e+00 -5.947095595518588906e-01
4.949657869012707323e+00 -5.699932531458573592e-01
4.956011730205278631e+00 -5.443390552201964327e-01
4.962365591397849052e+00 -5.176677101834505912e-01
4.968719452590420360e+00 -4.898899197286826213e-01
4.975073313782990780e+00 -4.609063428334588264e-01
4.981427174975562089e+00 -4.306075957598404225e-01
4.987781036168132509e+00 -3.988742520544014125e-01
4.994134897360703818e+00 -3.655768425482024964e-01
5.000488758553274238e+00 -3.305791712206636590e-01
5.006842619745845546e+00 -2.938902703270976358e-01
5.013196480938415966e+00 -2.553525268955029182e-01
5.019550342130987275e+00 -2.147253866556152468e-01
5.025904203323557695e+00 -1.718188478752571413e-01
5.032258064516129004e+00 -1.264934613603260205e-01
5.038611925708699424e+00 -7.866033045482072328e-02
5.044965786901270732e+00 -2.828111104080231059e-02
5.051319648093841153e+00 2.463198846158043062e-02
5.057673509286412461e+00 8.001620709410516008e-02
5.064027370478982881e+00 1.377582313604436282e-01
5.070381231671554190e+00 1.976941952262100677e-01
5.076735092864124610e+00 2.596096801189290426e-01
5.083088954056695918e+00 3.232398250628847891e-01
5.089442815249266339e+00 3.882012919485250957e-01
5.095796676441837647e+00 4.535212288321265328e-01
5.102150537634408067e+00 5.181051217069221337e-01
5.108504398826979376e+00 5.809593809052956415e-01
5.114858260019549796e+00 6.411913410987463147e-01
5.121212121212121104e+00 6.980092612979420519e-01
5.127565982404691525e+00 7.507223248526841974e-01
5.133919843597262833e+00 7.987406394519219743e-01
5.140273704789833253e+00 8.415752371237266161e-01
5.146627565982404562e+00 8.788380742353326669e-01
5.152981427174975870e+00 9.102432532794000331e-01
5.159335288367546291e+00 9.359806290774629334e-01
5.165689149560116711e+00 9.566395153986460009e-01
5.172043010752688019e+00 9.726873249891395679e-01
5.178396871945259328e+00 9.845691982524129582e-01
5.184750733137829748e+00 9.927080032492067163e-01
5.191104594330400168e+00 9.975043356975448194e-01
5.197458455522971477e+00 9.993376064138579373e-01
5.203812316715542785e+00 9.986516922697411536e-01
5.210166177908113205e+00 9.958485708462846420e-01
5.216520039100683626e+00 9.912350236840580253e-01
5.222873900293254934e+00 9.850668038769678780e-01
5.229227761485826242e+00 9.775486360722547285e-01
5.235581622678396663e+00 9.688342164704991655e-01
5.241935483870967083e+00 9.590274030819443407e-01
5.248289345063538391e+00 9.482513361113513728e-01
5.254643206256109700e+00 9.366393716380371215e-01
5.260997067448680120e+00 9.242907678248580838e-01
5.267350928641250540e+00 9.112837814875008879e-01
5.273704789833821849e+00 8.976756680944903977e-01
5.280058651026393157e+00 8.835026817671850496e-01
5.286412512218963577e+00 8.687800752797852910e-01
5.292766373411533998e+00 8.535021000593214779e-01
5.299120234604105306e+00 8.376420061856616472e-01
5.305474095796676615e+00 8.211540498284446432e-01
5.311827956989247035e+00 8.040454988744257792e-01
5.318181818181817455e+00 7.863535555893199636e-01
5.324535679374388764e+00 7.680950807983382145e-01
5.330889540566960072e+00 7.492756932990841667e-01
5.337243401759530492e+00 7.298897698615658403e-01
5.343597262952100913e+00 7.099204452281785427e-01
5.349951124144672221e+00 6.893396121137158605e-01
5.356304985337243529e+00 6.681079212053646632e-01
5.362658846529813950e+00 6.461747811627162053e-01
5.369012707722384370e+00 6.234783586177486958e-01
5.375366568914955678e+00 5.999455781748387340e-01
5.381720430107526987e+00 5.754921224107555355e-01
5.388074291300097407e+00 5.500224318746744778e-01
5.394428152492667827e+00 5.234373450281121221e-01
5.400782013685239136e+00 4.957889892028370382e-01
5.407135874877810444e+00 4.670029155905185414e-01
5.413489736070380864e+00 4.369323730958186158e-01
5.419843597262951285e+00 4.054366978569080571e-01
5.426197458455523481e+00 3.723813132454771857e-01
5.432551319648093902e+00 3.376377298667517235e-01
5.438905180840664322e+00 3.010835455594639276e-01
5.445259042033234742e+00 2.626024453958714089e-01
5.451612903225806939e+00 2.220842016817464182e-01
5.457966764418377359e+00 1.794246739563997994e-01
5.464320625610947779e+00 1.345258089926458234e-01
5.470674486803518199e+00 8.729564079682503031e-02
5.477028347996090396e+00 3.764829060879128914e-02
5.483382209188660816e+00 -1.449603309805875401e-02
5.489736070381231237e+00 -6.921103461682945324e-02
5.496089931573801657e+00 -1.268013097054082050e-01
5.502443792766373853e+00 -1.880988791197452659e-01
5.508797653958944274e+00 -2.520953185890481008e-01
5.515151515151514694e+00 -3.176259425434200256e-01
5.521505376344085114e+00 -3.836206476908895491e-01
5.527859237536657311e+00 -4.491039130174279692e-01
5.534213098729227731e+00 -5.131947997869121814e-01
5.540566959921798151e+00 -5.751069515411806332e-01
5.546920821114368572e+00 -6.341485940999970206e-01
5.553274682306940768e+00 -6.897225355610654418e-01
5.559628543499511188e+00 -7.413261663000004775e-01
5.565982404692081609e+00 -7.885514589703743749e-01
5.572336265884652029e+00 -8.310849685036854062e-01
5.578690127077224226e+00 -8.687078321093694155e-01
5.585043988269794646e+00 -9.012957692747810556e-01
5.591397849462365066e+00 -9.288190817652252074e-01
5.597751710654935486e+00 -9.513426536239342202e-01
5.604105571847507683e+00 -9.690259511720765717e-01
5.610459433040078103e+00 -9.821230230087469870e-01
5.616813294232648524e+00 -9.909825000109819815e-01
5.623167155425218944e+00 -9.962398366611048273e-01
5.629521016617791140e+00 -9.985678142857423722e-01
5.635874877810361561e+00 -9.983607668975227334e-01
5.642228739002931981e+00 -9.959652838674167841e-01
5.648582600195502401e+00 -9.916817896569536384e-01
5.654936461388074598e+00 -9.857736987729400768e-01
5.661290322580645018e+00 -9.784594323949206141e-01
5.667644183773215438e+00 -9.699226590346220478e-01
5.673998044965785859e+00 -9.603145470511736947e-01
5.680351906158358055e+00 -9.497402219782518085e-01
5.686705767350928475e+00 -9.382965088712705848e-01
5.693059628543498896e+00 -9.260925839187450492e-01
5.699413489736070204e+00 -9.132158535183427794e-01
5.705767350928641513e+00 -8.997317803609823361e-01
5.712121212121211933e+00 -8.856838834308222719e-01
5.718475073313782353e+00 -8.710937380052680146e-01
5.724828934506353662e+00 -8.559609756549683146e-01
5.731182795698924970e+00 -8.402632842438236827e-01
5.737536656891495390e+00 -8.239564079289732890e-01
5.743890518084065810e+00 -8.069915543936402313e-01
5.750244379276637119e+00 -7.894144740553162842e-01
5.756598240469208427e+00 -7.712535118339883811e-01
5.762952101661778848e+00 -7.525190796363868673e-01
5.769305962854349268e+00 -7.332105203622957257e-01
5.775659824046920576e+00 -7.133161079045460262e-01
5.782013685239491885e+00 -6.928130471490284714e-01
5.788367546432062305e+00 -6.716674739746759659e-01
5.794721407624632725e+00 -6.498344552534743856e-01
5.801075268817204034e+00 -6.272579888504573598e-01
5.807429130009775342e+00 -6.038710036237189271e-01
5.813782991202345762e+00 -5.795953594243935525e-01
5.820136852394916183e+00 -5.543418470966703371e-01
5.826490713587487491e+00 -5.280101884777843591e-01
5.832844574780058799e+00 -5.005098297286836306e-01
5.839198435972629220e+00 -4.719096562639109038e-01
5.845552297165199640e+00 -4.420932828229688916e-01
5.851906158357770948e+00 -4.108974965662252621e-01
5.858260019550342257e+00 -3.781692435687279419e-01
5.864613880742912677e+00 -3.437656288201777488e-01
5.870967741935483097e+00 -3.075539162249465996e-01
5.877321603128054406e+00 -2.694115286020671851e-01
5.883675464320625714e+00 -2.292260476852555628e-01
5.890029325513196135e+00 -1.868952141228777675e-01
5.896383186705766555e+00 -1.423269274779720428e-01
5.902737047898337863e+00 -9.543924622823583837e-02
5.909090909090909172e+00 -4.616038776605396743e-02
5.915444770283479592e+00 5.571271601542505079e-03
5.921798631476050012e+00 5.980719665284951747e-02
5.928152492668621321e+00 1.165886932515045743e-01
5.934506353861192629e+00 1.760672672146967044e-01
5.940860215053763049e+00 2.382921981282165313e-01
5.947214076246333470e+00 3.023778876315286746e-01
5.953567937438904778e+00 3.674105067691684767e-01
5.959921798631476086e+00 4.325186554730945376e-01
5.966275659824046507e+00 4.968733625627449468e-01
5.972629521016617815e+00 5.596880857450093893e-01
5.978983382209188235e+00 6.202187116142013901e-01
5.985337243401759544e+00 6.777635556521138804e-01
5.991691104594329964e+00 7.316633622279820059e-01
5.998044965786901273e+00 7.813013045984993354e-01
6.004398826979471693e+00 8.261029849077894394e-01
6.010752688172043001e+00 8.655364341874496326e-01
6.017106549364613421e+00 8.991121123565213313e-01
6.023460410557184730e+00 9.268391998153210354e-01
6.029814271749755150e+00 9.493408023517759808e-01
6.036168132942326459e+00 9.670075782788849494e-01
6.042521994134896879e+00 9.802677956009819837e-01
6.048875855327468187e+00 9.895881503288359582e-01
6.055229716520038608e+00 9.954526000624033255e-01
6.061583577712609916e+00 9.983096147467946935e-01
6.067937438905180336e+00 9.985621406739854100e-01
6.074291300097751645e+00 9.965640213599926689e-01
6.080645161290322065e+00 9.926193964214392595e-01
6.086999022482893373e+00 9.869682626827903649e-01
6.093352883675463794e+00 9.798624039272118003e-01
6.099706744868035102e+00 9.715342569957918784e-01
6.106060606060605522e+00 9.621714286170477415e-01
6.112414467253176831e+00 9.519166954069170350e-01
6.118768328445747251e+00 9.408680038687643465e-01
6.125122189638318559e+00 9.290784703933766542e-01
6.131476050830888980e+00 9.165563812589709869e-01
6.137829912023460288e+00 9.032651926311845436e-01
6.144183773216030708e+00 8.891731757860118490e-01
6.150537634408602017e+00 8.744628028866724412e-01
6.156891495601172437e+00 8.591924649444768747e-01
6.163245356793743746e+00 8.433858786293046972e-01
6.169599217986314166e+00 8.270562700699344294e-01
6.175953079178885474e+00 8.102063748540394572e-01
6.182306940371455894e+00 7.928284380281974686e-01
6.188660801564027203e+00 7.749042140978756876e-01
6.195014662756597623e+00 7.564049670274409776e-01
6.201368523949168932e+00 7.372914702401545117e-01
6.207722385141739352e+00 7.175156197030136962e-01
6.214076246334310660e+00 6.970531824328897175e-01
6.220430107526881081e+00 6.758918043206209036e-01
6.226783968719452389e+00 6.540083012437708510e-01
6.233137829912022809e+00 6.313701466952641450e-01
6.239491691104594118e+00 6.079354717833665989e-01
6.245845552297165426e+00 5.836530652316949119e-01
6.252199413489735846e+00 5.584623733792273281e-01
6.258553274682306267e+00 5.322935001802824306e-01
6.264907135874877575e+00 5.050672072045333527e-01
6.271260997067448884e+00 4.766949136370005058e-01
6.277614858260019304e+00 4.470786962780672336e-01
6.283968719452589724e+00 4.161112895434560532e-01
6.290322580645161032e+00 3.836760854642440877e-01
6.296676441837732341e+00 3.496471336868550162e-01
6.303030303030302761e+00 3.138891414730781149e-01
6.309384164222873181e+00 2.762606152776332369e-01
6.315738025415444490e+00 2.367161224590288437e-01
6.322091886608015798e+00 1.950863323532919524e-01
6.328445747800586219e+00 1.511682536662036225e-01
6.334799608993156639e+00 1.048142592870127676e-01
6.341153470185727947e+00 5.593208628845989377e-02
6.347507331378299256e+00 4.484835926763755531e-03
6.353861192570869676e+00 -4.950902635834816823e-02
6.360215053763440096e+00 -1.059756709436853184e-01
6.366568914956011405e+00 -1.647859040225634897e-01
6.372922776148582713e+00 -2.257551676048218936e-01
6.379276637341153133e+00 -2.886478529254857261e-01
6.385630498533723554e+00 -3.531976348039857494e-01
6.391984359726294862e+00 -4.185063139709473412e-01
6.398338220918866170e+00 -4.835321912531795885e-01
6.404692082111436591e+00 -5.473099014614263291e-01
6.411045943304007011e+00 -6.089504133904229954e-01
6.417399804496578319e+00 -6.676410298188580894e-01
6.423753665689149628e+00 -7.226453875093915569e-01
6.430107526881720048e+00 -7.733034572086219249e-01
6.436461388074290468e+00 -8.190315436471357069e-01
6.442815249266861777e+00 -8.593222855394737625e-01
6.449169110459433085e+00 -8.937490822988382044e-01
6.455522971652003505e+00 -9.223853012667091456e-01
6.461876832844573926e+00 -9.457707789679320465e-01
6.468230694037145234e+00 -9.643752589578062917e-01
6.474584555229716543e+00 -9.786372276843937623e-01
6.480938416422286963e+00 -9.889639144885113975e-01
6.487292277614857383e+00 -9.957312916037427408e-01
6.493646138807428692e+00 -9.992840741564301688e-01
6.500000000000000000e+00 -9.999357201656755567e-01
