x	y
-1.757575757575757569e+00 -1.023944598211411261e+00
-1.753665689149560114e+00 -1.010024108310368929e+00
-1.749755620723362659e+00 -9.993921664898923751e-01
-1.745845552297165204e+00 -9.903837471273589932e-01
-1.741935483870967749e+00 -9.823917699277615601e-01
-1.738025415444770294e+00 -9.751132003907486689e-01
-1.734115347018572839e+00 -9.683708683327799660e-01
-1.730205278592375384e+00 -9.620505618277154225e-01
-1.726295210166177929e+00 -9.560735577421872744e-01
-1.722385141739980474e+00 -9.503828733903322279e-01
-1.718475073313783019e+00 -9.449356905589590960e-01
-1.714565004887585564e+00 -9.396988692760932516e-01
-1.710654936461388109e+00 -9.346461380525625806e-01
-1.706744868035190654e+00 -9.297562531318004364e-01
-1.702834799608993199e+00 -9.250117471633522159e-01
-1.698924731182795744e+00 -9.203980518429260016e-01
-1.695014662756598289e+00 -9.159028663771018319e-01
-1.691104594330400834e+00 -9.115156924980022390e-01
-1.687194525904203379e+00 -9.072274853022732621e-01
-1.683284457478005924e+00 -9.030303864940338876e-01
-1.679374389051808469e+00 -8.989175174425263481e-01
-1.675464320625611014e+00 -8.948828164375672856e-01
-1.671554252199413559e+00 -8.909209091270476888e-01
-1.667644183773216104e+00 -8.870270042253058929e-01
-1.663734115347018649e+00 -8.831968087179868920e-01
-1.659824046920821194e+00 -8.794264582862768576e-01
-1.655913978494623517e+00 -8.757124597399090771e-01
-1.652003910068426062e+00 -8.720516430192519763e-01
-1.648093841642228607e+00 -8.684411208917084402e-01
-1.644183773216031152e+00 -8.648782548868425568e-01
-1.640273704789833698e+00 -8.613606263292714615e-01
-1.636363636363636243e+00 -8.578860115669992847e-01
-1.632453567937438788e+00 -8.544523606757692402e-01
-1.628543499511241333e+00 -8.510577790613916838e-01
-1.624633431085043878e+00 -8.477005114922447904e-01
-1.620723362658846423e+00 -8.443789281808782299e-01
-1.616813294232648968e+00 -8.410915126022806554e-01
-1.612903225806451513e+00 -8.378368507911677643e-01
-1.608993157380254058e+00 -8.346136219046182969e-01
-1.605083088954056603e+00 -8.314205898719448928e-01
-1.601173020527859148e+00 -8.282565959825577417e-01
-1.597262952101661693e+00 -8.251205522862129493e-01
-1.593352883675464238e+00 -8.220114356994356886e-01
-1.589442815249266783e+00 -8.189282827279316113e-01
-1.585532746823069328e+00 -8.158701847281126796e-01
-1.581622678396871873e+00 -8.128362836419300574e-01
-1.577712609970674418e+00 -8.098257681485228066e-01
-1.573802541544476963e+00 -8.068378701839480360e-01
-1.569892473118279508e+00 -8.038718617868929606e-01
-1.565982404692082053e+00 -8.009270522338109988e-01
-1.562072336265884598e+00 -7.980027854316936731e-01
-1.558162267839687143e+00 -7.950984375407181837e-01
-1.554252199413489688e+00 -7.922134148024869704e-01
-1.550342130987292233e+00 -7.893471515525520843e-01
-1.546432062561094778e+00 -7.864991083984618214e-01
-1.542521994134897323e+00 -7.836687705468079468e-01
-1.538611925708699868e+00 -7.808556462646412122e-01
-1.534701857282502413e+00 -7.780592654623068594e-01
-1.530791788856304958e+00 -7.752791783861953112e-01
-1.526881720430107503e+00 -7.725149544111695743e-01
-1.522971652003910048e+00 -7.697661809235394337e-01
-1.519061583577712593e+00 -7.670324622864214126e-01
-1.515151515151515138e+00 -7.643134188801881113e-01
-1.511241446725317683e+00 -7.616086862114471723e-01
-1.507331378299120228e+00 -7.589179140846696869e-01
-1.503421309872922773e+00 -7.562407658311672831e-01
-1.499511241446725318e+00 -7.535769175906458228e-01
-1.495601173020527863e+00 -7.509260576410112797e-01
-1.491691104594330408e+00 -7.482878857725415722e-01
-1.487781036168132953e+00 -7.456621127028769669e-01
-1.483870967741935498e+00 -7.430484595296277250e-01
-1.479960899315738043e+00 -7.404466572176884309e-01
-1.476050830889540588e+00 -7.378564461186063461e-01
-1.472140762463343133e+00 -7.352775755195839480e-01
-1.468230694037145678e+00 -7.327098032199230726e-01
-1.464320625610948223e+00 -7.301528951328988271e-01
-1.460410557184750768e+00 -7.276066249112077555e-01
-1.456500488758553313e+00 -7.250707735943271448e-01
-1.452590420332355858e+00 -7.225451292762276045e-01
-1.448680351906158403e+00 -7.200294867920252750e-01
-1.444770283479960948e+00 -7.175236474222743688e-01
-1.440860215053763493e+00 -7.150274186136970078e-01
-1.436950146627566038e+00 -7.125406137152520136e-01
-1.433040078201368583e+00 -7.100630517285231313e-01
-1.429130009775171128e+00 -7.075945570714956556e-01
-1.425219941348973673e+00 -7.051349593548430494e-01
-1.421309872922776218e+00 -7.026840931699354087e-01
-1.417399804496578763e+00 -7.002417978878211491e-01
-1.413489736070381309e+00 -6.978079174684997943e-01
-1.409579667644183854e+00 -6.953823002798491526e-01
-1.405669599217986399e+00 -6.929647989256104701e-01
-1.401759530791788944e+00 -6.905552700818974321e-01
-1.397849462365591489e+00 -6.881535743417026563e-01
-1.393939393939394034e+00 -6.857595760669474849e-01
-1.390029325513196579e+00 -6.833731432476107814e-01
-1.386119257086999124e+00 -6.809941473675473755e-01
-1.382209188660801669e+00 -6.786224632766064691e-01
-1.378299120234604214e+00 -6.762579690686797429e-01
-1.374389051808406759e+00 -6.739005459653660823e-01
-1.370478983382209304e+00 -6.715500782049336204e-01
-1.366568914956011849e+00 -6.692064529362737879e-01
-1.362658846529814394e+00 -6.668695601176000132e-01
-1.358748778103616939e+00 -6.645392924196138473e-01
-1.354838709677419484e+00 -6.622155451329142517e-01
-1.350928641251222029e+00 -6.598982160794125695e-01
-1.347018572825024574e+00 -6.575872055275571171e-01
-1.343108504398827119e+00 -6.552824161111580059e-01
-1.339198435972629664e+00 -6.529837527516322293e-01
-1.335288367546432209e+00 -6.506911225834960399e-01
-1.331378299120234754e+00 -6.484044348829376414e-01
-1.327468230694037299e+00 -6.461236009993142071e-01
-1.323558162267839844e+00 -6.438485342894362251e-01
-1.319648093841642389e+00 -6.415791500544929526e-01
-1.315738025415444934e+00 -6.393153654794953011e-01
-1.311827956989247257e+00 -6.370570995751150267e-01
-1.307917888563049802e+00 -6.348042731218017654e-01
-1.304007820136852347e+00 -6.325568086160733294e-01
-1.300097751710654892e+00 -6.303146302188767924e-01
-1.296187683284457437e+00 -6.280776637059222178e-01
-1.292277614858259982e+00 -6.258458364198941082e-01
-1.288367546432062527e+00 -6.236190772244669667e-01
-1.284457478005865072e+00 -6.213973164600281596e-01
-1.280547409579667617e+00 -6.191804859010369144e-01
-1.276637341153470162e+00 -6.169685187149518413e-01
-1.272727272727272707e+00 -6.147613494226473740e-01
-1.268817204301075252e+00 -6.125589138602607342e-01
-1.264907135874877797e+00 -6.103611491424015822e-01
-1.260997067448680342e+00 -6.081679936266752851e-01
-1.257086999022482887e+00 -6.059793868794450811e-01
-1.253176930596285432e+00 -6.037952696428017241e-01
-1.249266862170087977e+00 -6.016155838026731040e-01
-1.245356793743890522e+00 -5.994402723580332104e-01
-1.241446725317693067e+00 -5.972692793911646980e-01
-1.237536656891495612e+00 -5.951025500389273137e-01
-1.233626588465298157e+00 -5.929400304649951048e-01
-1.229716520039100702e+00 -5.907816678330212179e-01
-1.225806451612903247e+00 -5.886274102806926534e-01
-1.221896383186705792e+00 -5.864772068946411121e-01
-1.217986314760508337e+00 -5.843310076861666369e-01
-1.214076246334310882e+00 -5.821887635677595041e-01
-1.210166177908113427e+00 -5.800504263303706276e-01
-1.206256109481915972e+00 -5.779159486214133779e-01
-1.202346041055718517e+00 -5.757852839234631759e-01
-1.198435972629521062e+00 -5.736583865336268850e-01
-1.194525904203323607e+00 -5.715352115435620162e-01
-1.190615835777126152e+00 -5.694157148201166585e-01
-1.186705767350928697e+00 -5.672998529865630468e-01
-1.182795698924731020e+00 -5.651875834044173263e-01
-1.178885630498533565e+00 -5.630788641557992191e-01
-1.174975562072336110e+00 -5.609736540263411397e-01
-1.171065493646138655e+00 -5.588719124885986878e-01
-1.167155425219941201e+00 -5.567735996859655145e-01
-1.163245356793743746e+00 -5.546786764170585915e-01
-1.159335288367546291e+00 -5.525871041205705492e-01
-1.155425219941348836e+00 -5.504988448605601103e-01
-1.151515151515151381e+00 -5.484138613121743999e-01
-1.147605083088953926e+00 -5.463321167477842577e-01
-1.143695014662756471e+00 -5.442535750235139025e-01
-1.139784946236559016e+00 -5.421782005661590631e-01
-1.135874877810361561e+00 -5.401059583604762571e-01
-1.131964809384164106e+00 -5.380368139368275626e-01
-1.128054740957966651e+00 -5.359707333591750000e-01
-1.124144672531769196e+00 -5.339076832134068695e-01
-1.120234604105571741e+00 -5.318476305959881634e-01
-1.116324535679374286e+00 -5.297905431029223955e-01
-1.112414467253176831e+00 -5.277363888190172991e-01
-1.108504398826979376e+00 -5.256851363074401817e-01
-1.104594330400781921e+00 -5.236367545995542772e-01
-1.100684261974584466e+00 -5.215912131850329869e-01
-1.096774193548387011e+00 -5.195484820022315819e-01
-1.092864125122189556e+00 -5.175085314288198068e-01
-1.088954056695992101e+00 -5.154713322726582891e-01
-1.085043988269794646e+00 -5.134368557629162000e-01
-1.081133919843597191e+00 -5.114050735414177318e-01
-1.077223851417399736e+00 -5.093759576542163936e-01
-1.073313782991202281e+00 -5.073494805433850230e-01
-1.069403714565004826e+00 -5.053256150390141865e-01
-1.065493646138807371e+00 -5.033043343514185253e-01
-1.061583577712609916e+00 -5.012856120635363899e-01
-1.057673509286412461e+00 -4.992694221235241536e-01
-1.053763440860215006e+00 -4.972557388375341003e-01
-1.049853372434017551e+00 -4.952445368626733901e-01
-1.045943304007820096e+00 -4.932357912001362754e-01
-1.042033235581622641e+00 -4.912294771885083455e-01
-1.038123167155425186e+00 -4.892255704972292008e-01
-1.034213098729227731e+00 -4.872240471202222145e-01
-1.030303030303030276e+00 -4.852248833696711783e-01
-1.026392961876832821e+00 -4.832280558699518780e-01
-1.022482893450635366e+00 -4.812335415517080550e-01
-1.018572825024437911e+00 -4.792413176460674218e-01
-1.014662756598240456e+00 -4.772513616789955671e-01
-1.010752688172043001e+00 -4.752636514657841982e-01
-1.006842619745845546e+00 -4.732781651056666150e-01
-1.002932551319648091e+00 -4.712948809765621361e-01
-9.990224828934506363e-01 -4.693137777299373203e-01
-9.951124144672531813e-01 -4.673348342857933102e-01
-9.912023460410557263e-01 -4.653580298277606442e-01
-9.872922776148582713e-01 -4.633833437983121972e-01
-9.833822091886608163e-01 -4.614107558940813147e-01
-9.794721407624633613e-01 -4.594402460612889150e-01
-9.755620723362659064e-01 -4.574717944912704004e-01
-9.716520039100684514e-01 -4.555053816161054869e-01
-9.677419354838709964e-01 -4.535409881043439007e-01
-9.638318670576735414e-01 -4.515785948568268870e-01
-9.599217986314760864e-01 -4.496181830025994808e-01
-9.560117302052786314e-01 -4.476597338949147020e-01
-9.521016617790811765e-01 -4.457032291073226293e-01
-9.481915933528837215e-01 -4.437486504298472911e-01
-9.442815249266862665e-01 -4.417959798652423831e-01
-9.403714565004888115e-01 -4.398451996253325280e-01
-9.364613880742913565e-01 -4.378962921274288655e-01
-9.325513196480939015e-01 -4.359492399908224125e-01
-9.286412512218964466e-01 -4.340040260333527522e-01
-9.247311827956989916e-01 -4.320606332680479444e-01
-9.208211143695015366e-01 -4.301190448998353233e-01
-9.169110459433040816e-01 -4.281792443223216282e-01
-9.130009775171066266e-01 -4.262412151146391937e-01
-9.090909090909091717e-01 -4.243049410383584186e-01
-9.051808406647117167e-01 -4.223704060344635192e-01
-9.012707722385142617e-01 -4.204375942203903427e-01
-8.973607038123168067e-01 -4.185064898871240224e-01
-8.934506353861193517e-01 -4.165770774963569734e-01
-8.895405669599218967e-01 -4.146493416777029539e-01
-8.856304985337244418e-01 -4.127232672259684709e-01
-8.817204301075269868e-01 -4.107988390984779192e-01
-8.778103616813295318e-01 -4.088760424124525672e-01
-8.739002932551320768e-01 -4.069548624424414451e-01
-8.699902248289343998e-01 -4.050352846178032484e-01
-8.660801564027369448e-01 -4.031172945202367575e-01
-8.621700879765394898e-01 -4.012008778813615506e-01
-8.582600195503420348e-01 -3.992860205803439588e-01
-8.543499511241445799e-01 -3.973727086415697607e-01
-8.504398826979471249e-01 -3.954609282323625630e-01
-8.465298142717496699e-01 -3.935506656607450915e-01
-8.426197458455522149e-01 -3.916419073732433920e-01
-8.387096774193547599e-01 -3.897346399527335525e-01
-8.347996089931573049e-01 -3.878288501163286162e-01
-8.308895405669598500e-01 -3.859245247133057943e-01
-8.269794721407623950e-01 -3.840216507230720389e-01
-8.230694037145649400e-01 -3.821202152531686935e-01
-8.191593352883674850e-01 -3.802202055373121725e-01
-8.152492668621700300e-01 -3.783216089334719978e-01
-8.113391984359725750e-01 -3.764244129219838642e-01
-8.074291300097751201e-01 -3.745286051036967323e-01
-8.035190615835776651e-01 -3.726341731981555050e-01
-7.996089931573802101e-01 -3.707411050418149001e-01
-7.956989247311827551e-01 -3.688493885862871302e-01
-7.917888563049853001e-01 -3.669590118966201131e-01
-7.878787878787878451e-01 -3.650699631496077124e-01
-7.839687194525903902e-01 -3.631822306321303984e-01
-7.800586510263929352e-01 -3.612958027395231086e-01
-7.761485826001954802e-01 -3.594106679739754728e-01
-7.722385141739980252e-01 -3.575268149429566278e-01
-7.683284457478005702e-01 -3.556442323576723963e-01
-7.644183773216031152e-01 -3.537629090315441704e-01
-7.605083088954056603e-01 -3.518828338787184373e-01
-7.565982404692082053e-01 -3.500039959125999522e-01
-7.526881720430107503e-01 -3.481263842444116130e-01
-7.487781036168132953e-01 -3.462499880817778153e-01
-7.448680351906158403e-01 -3.443747967273323995e-01
-7.409579667644183854e-01 -3.425007995773520775e-01
-7.370478983382209304e-01 -3.406279861204103421e-01
-7.331378299120234754e-01 -3.387563459360556917e-01
-7.292277614858260204e-01 -3.368858686935116142e-01
-7.253176930596285654e-01 -3.350165441503994979e-01
-7.214076246334311104e-01 -3.331483621514811366e-01
-7.174975562072336555e-01 -3.312813126274225528e-01
-7.135874877810362005e-01 -3.294153855935795794e-01
-7.096774193548387455e-01 -3.275505711488019278e-01
-7.057673509286412905e-01 -3.256868594742577949e-01
-7.018572825024438355e-01 -3.238242408322761778e-01
-6.979472140762463805e-01 -3.219627055652103942e-01
-6.940371456500489256e-01 -3.201022440943184222e-01
-6.901270772238514706e-01 -3.182428469186607267e-01
-6.862170087976540156e-01 -3.163845046140174588e-01
-6.823069403714565606e-01 -3.145272078318218090e-01
-6.783968719452591056e-01 -3.126709472981102356e-01
-6.744868035190616506e-01 -3.108157138124901797e-01
-6.705767350928641957e-01 -3.089614982471228788e-01
-6.666666666666667407e-01 -3.071082915457240547e-01
-6.627565982404692857e-01 -3.052560847225766483e-01
-6.588465298142718307e-01 -3.034048688615635370e-01
-6.549364613880743757e-01 -3.015546351152114668e-01
-6.510263929618769208e-01 -2.997053747037514704e-01
-6.471163245356794658e-01 -2.978570789141936070e-01
-6.432062561094820108e-01 -2.960097390994149147e-01
-6.392961876832845558e-01 -2.941633466772627381e-01
-6.353861192570871008e-01 -2.923178931296701033e-01
-6.314760508308896458e-01 -2.904733700017849696e-01
-6.275659824046921909e-01 -2.886297689011135814e-01
-6.236559139784945138e-01 -2.867870814966747561e-01
-6.197458455522970588e-01 -2.849452995181683268e-01
-6.158357771260996039e-01 -2.831044147551542989e-01
-6.119257086999021489e-01 -2.812644190562462732e-01
-6.080156402737046939e-01 -2.794253043283144167e-01
-6.041055718475072389e-01 -2.775870625357015897e-01
-6.001955034213097839e-01 -2.757496856994504086e-01
-5.962854349951123289e-01 -2.739131658965408556e-01
-5.923753665689148740e-01 -2.720774952591406004e-01
-5.884652981427174190e-01 -2.702426659738635939e-01
-5.845552297165199640e-01 -2.684086702810408176e-01
-5.806451612903225090e-01 -2.665755004740020251e-01
-5.767350928641250540e-01 -2.647431488983653103e-01
-5.728250244379275991e-01 -2.629116079513395543e-01
-5.689149560117301441e-01 -2.610808700810332561e-01
-5.650048875855326891e-01 -2.592509277857764083e-01
-5.610948191593352341e-01 -2.574217736134496448e-01
-5.571847507331377791e-01 -2.555934001608226036e-01
-5.532746823069403241e-01 -2.537658000729028918e-01
-5.493646138807428692e-01 -2.519389660422923227e-01
-5.454545454545454142e-01 -2.501128908085528124e-01
-5.415444770283479592e-01 -2.482875671575800469e-01
-5.376344086021505042e-01 -2.464629879209868091e-01
-5.337243401759530492e-01 -2.446391459754935493e-01
-5.298142717497555942e-01 -2.428160342423267004e-01
-5.259042033235581393e-01 -2.409936456866268728e-01
-5.219941348973606843e-01 -2.391719733168624074e-01
-5.180840664711632293e-01 -2.373510101842523090e-01
-5.141739980449657743e-01 -2.355307493821958698e-01
-5.102639296187683193e-01 -2.337111840457105350e-01
-5.063538611925708643e-01 -2.318923073508754040e-01
-5.024437927663734094e-01 -2.300741125142840016e-01
-4.985337243401759544e-01 -2.282565927925023497e-01
-4.946236559139784994e-01 -2.264397414815344789e-01
-4.907135874877810444e-01 -2.246235519162949612e-01
-4.868035190615835894e-01 -2.228080174700875771e-01
-4.828934506353861345e-01 -2.209931315540907548e-01
-4.789833822091886795e-01 -2.191788876168493383e-01
-4.750733137829912245e-01 -2.173652791437729048e-01
-4.711632453567937695e-01 -2.155522996566391625e-01
-4.672531769305963145e-01 -2.137399427131051466e-01
-4.633431085043988595e-01 -2.119282019062229683e-01
-4.594330400782014046e-01 -2.101170708639614748e-01
-4.555229716520039496e-01 -2.083065432487345991e-01
-4.516129032258064946e-01 -2.064966127569342613e-01
-4.477028347996090396e-01 -2.046872731184692651e-01
-4.437927663734115846e-01 -2.028785180963099122e-01
-4.398826979472141296e-01 -2.010703414860374461e-01
-4.359726295210166747e-01 -1.992627371153985472e-01
-4.320625610948192197e-01 -1.974556988438657124e-01
-4.281524926686217647e-01 -1.956492205622025193e-01
-4.242424242424243097e-01 -1.938432961920327213e-01
-4.203323558162268547e-01 -1.920379196854160031e-01
-4.164222873900293997e-01 -1.902330850244270954e-01
-4.125122189638319448e-01 -1.884287862207404407e-01
-4.086021505376344898e-01 -1.866250173152184944e-01
-4.046920821114370348e-01 -1.848217723775061605e-01
-4.007820136852395798e-01 -1.830190455056276977e-01
-3.968719452590421248e-01 -1.812168308255897031e-01
-3.929618768328446698e-01 -1.794151224909872333e-01
-3.890518084066472149e-01 -1.776139146826149484e-01
-3.851417399804497599e-01 -1.758132016080815041e-01
-3.812316715542523049e-01 -1.740129775014293556e-01
-3.773216031280548499e-01 -1.722132366227566991e-01
-3.734115347018573949e-01 -1.704139732578451583e-01
-3.695014662756597179e-01 -1.686151817177901635e-01
-3.655913978494622629e-01 -1.668168563386355496e-01
-3.616813294232648079e-01 -1.650189914810118452e-01
-3.577712609970673530e-01 -1.632215815297777539e-01
-3.538611925708698980e-01 -1.614246208936662430e-01
-3.499511241446724430e-01 -1.596281040049327415e-01
-3.460410557184749880e-01 -1.578320253190082789e-01
-3.421309872922775330e-01 -1.560363793141547328e-01
-3.382209188660800780e-01 -1.542411604911244627e-01
-3.343108504398826231e-01 -1.524463633728217749e-01
-3.304007820136851681e-01 -1.506519825039698002e-01
-3.264907135874877131e-01 -1.488580124507780655e-01
-3.225806451612902581e-01 -1.470644478006148115e-01
-3.186705767350928031e-01 -1.452712831616819744e-01
-3.147605083088953482e-01 -1.434785131626928056e-01
-3.108504398826978932e-01 -1.416861324525524324e-01
-3.069403714565004382e-01 -1.398941357000419161e-01
-3.030303030303029832e-01 -1.381025175935040872e-01
-2.991202346041055282e-01 -1.363112728405335150e-01
-2.952101661779080732e-01 -1.345203961676673388e-01
-2.913000977517106183e-01 -1.327298823200809552e-01
-2.873900293255131633e-01 -1.309397260612841507e-01
-2.834799608993157083e-01 -1.291499221728213409e-01
-2.795698924731182533e-01 -1.273604654539738090e-01
-2.756598240469207983e-01 -1.255713507214639424e-01
-2.717497556207233433e-01 -1.237825728091627164e-01
-2.678396871945258884e-01 -1.219941265677988579e-01
-2.639296187683284334e-01 -1.202060068646708113e-01
-2.600195503421309784e-01 -1.184182085833605791e-01
-2.561094819159335234e-01 -1.166307266234498929e-01
-2.521994134897360684e-01 -1.148435559002388556e-01
-2.482893450635386134e-01 -1.130566913444663590e-01
-2.443792766373411585e-01 -1.112701279020327783e-01
-2.404692082111437035e-01 -1.094838605337246085e-01
-2.365591397849462485e-01 -1.076978842149412391e-01
-2.326490713587487935e-01 -1.059121939354235598e-01
-2.287390029325513385e-01 -1.041267846989846479e-01
-2.248289345063538835e-01 -1.023416515232421775e-01
-2.209188660801564286e-01 -1.005567894393527978e-01
-2.170087976539589736e-01 -9.877219349174821972e-02
-2.130987292277615186e-01 -9.698785873787320322e-02
-2.091886608015640636e-01 -9.520378024792493232e-02
-2.052785923753666086e-01 -9.341995310459480506e-02
-2.013685239491691537e-01 -9.163637240281090335e-02
-1.974584555229716987e-01 -8.985303324948284986e-02
-1.935483870967742437e-01 -8.806993076324795555e-02
-1.896383186705767887e-01 -8.628706007421878266e-02
-1.857282502443793337e-01 -8.450441632373249801e-02
-1.818181818181818787e-01 -8.272199466410147528e-02
-1.779081133919844238e-01 -8.093979025836535446e-02
-1.739980449657869688e-01 -7.915779828004466945e-02
-1.700879765395895138e-01 -7.737601391289564146e-02
-1.661779081133920588e-01 -7.559443235066626299e-02
-1.622678396871946038e-01 -7.381304879685406106e-02
-1.583577712609971488e-01 -7.203185846446460983e-02
-1.544477028347996939e-01 -7.025085657577151421e-02
-1.505376344086022389e-01 -6.847003836207792016e-02
-1.466275659824047839e-01 -6.668939906347831625e-02
-1.427174975562073289e-01 -6.490893392862251421e-02
-1.388074291300098739e-01 -6.312863821447987911e-02
-1.348973607038124189e-01 -6.134850718610510012e-02
-1.309872922776149640e-01 -5.956853611640493956e-02
-1.270772238514175090e-01 -5.778872028590565507e-02
-1.231671554252198320e-01 -5.600905498252187198e-02
-1.192570869990223770e-01 -5.422953550132627448e-02
-1.153470185728249220e-01 -5.245015714431974091e-02
-1.114369501466274670e-01 -5.067091522020294309e-02
-1.075268817204300120e-01 -4.889180504414864653e-02
-1.036168132942325570e-01 -4.711282193757462822e-02
-9.970674486803510206e-02 -4.533396122791757271e-02
-9.579667644183764708e-02 -4.355521824840772466e-02
-9.188660801564019209e-02 -4.177658833784409637e-02
-8.797653958944273711e-02 -3.999806684037072319e-02
-8.406647116324528213e-02 -3.821964910525316866e-02
-8.015640273704782715e-02 -3.644133048665600116e-02
-7.624633431085037216e-02 -3.466310634342078395e-02
-7.233626588465291718e-02 -3.288497203884457182e-02
-6.842619745845546220e-02 -3.110692294045907733e-02
-6.451612903225800721e-02 -2.932895441981038867e-02
-6.060606060606055223e-02 -2.755106185223904144e-02
-5.669599217986309725e-02 -2.577324061666072877e-02
-5.278592375366564227e-02 -2.399548609534733409e-02
-4.887585532746818728e-02 -2.221779367370850522e-02
-4.496578690127073230e-02 -2.044015874007350936e-02
-4.105571847507327732e-02 -1.866257668547352880e-02
-3.714565004887582234e-02 -1.688504290342426536e-02
-3.323558162267836735e-02 -1.510755278970881202e-02
-2.932551319648091237e-02 -1.333010174216096161e-02
-2.541544477028345739e-02 -1.155268516044853297e-02
-2.150537634408600240e-02 -9.775298445857165397e-03
-1.759530791788854742e-02 -7.997937001074133939e-03
-1.368523949169109244e-02 -6.220596229972460457e-03
-9.775171065493637457e-03 -4.443271537395093208e-03
-5.865102639296182474e-03 -2.665958328939263371e-03
-1.955034213098727491e-03 -8.886520107408951274e-04
1.955034213098727491e-03 8.886520107408951274e-04
5.865102639296182474e-03 2.665958328939263371e-03
9.775171065493637457e-03 4.443271537395093208e-03
1.368523949169109244e-02 6.220596229972460457e-03
1.759530791788854742e-02 7.997937001074133939e-03
2.150537634408600240e-02 9.775298445857165397e-03
2.541544477028345739e-02 1.155268516044853297e-02
2.932551319648091237e-02 1.333010174216096161e-02
3.323558162267836735e-02 1.510755278970881202e-02
3.714565004887582234e-02 1.688504290342426536e-02
4.105571847507327732e-02 1.866257668547352880e-02
4.496578690127073230e-02 2.044015874007350936e-02
4.887585532746818728e-02 2.221779367370850522e-02
5.278592375366564227e-02 2.399548609534733409e-02
5.669599217986309725e-02 2.577324061666072877e-02
6.060606060606055223e-02 2.755106185223904144e-02
6.451612903225800721e-02 2.932895441981038867e-02
6.842619745845546220e-02 3.110692294045907733e-02
7.233626588465291718e-02 3.288497203884457182e-02
7.624633431085037216e-02 3.466310634342078395e-02
8.015640273704782715e-02 3.644133048665600116e-02
8.406647116324528213e-02 3.821964910525316866e-02
8.797653958944273711e-02 3.999806684037072319e-02
9.188660801564019209e-02 4.177658833784409637e-02
9.579667644183764708e-02 4.355521824840772466e-02
9.970674486803510206e-02 4.533396122791757271e-02
1.036168132942325570e-01 4.711282193757462822e-02
1.075268817204300120e-01 4.889180504414864653e-02
1.114369501466274670e-01 5.067091522020294309e-02
1.153470185728249220e-01 5.245015714431974091e-02
1.192570869990223770e-01 5.422953550132627448e-02
1.231671554252198320e-01 5.600905498252187198e-02
1.270772238514172869e-01 5.778872028590555099e-02
1.309872922776147419e-01 5.956853611640483548e-02
1.348973607038121969e-01 6.134850718610500991e-02
1.388074291300096519e-01 6.312863821447976809e-02
1.427174975562071069e-01 6.490893392862240319e-02
1.466275659824045619e-01 6.668939906347819135e-02
1.505376344086020168e-01 6.847003836207782301e-02
1.544477028347994718e-01 7.025085657577140319e-02
1.583577712609969268e-01 7.203185846446448493e-02
1.622678396871943818e-01 7.381304879685397780e-02
1.661779081133918368e-01 7.559443235066617972e-02
1.700879765395892917e-01 7.737601391289551656e-02
1.739980449657867467e-01 7.915779828004458618e-02
1.779081133919842017e-01 8.093979025836528507e-02
1.818181818181816567e-01 8.272199466410136426e-02
1.857282502443791117e-01 8.450441632373241474e-02
1.896383186705765667e-01 8.628706007421867163e-02
1.935483870967740216e-01 8.806993076324787229e-02
1.974584555229714766e-01 8.985303324948273884e-02
2.013685239491689316e-01 9.163637240281077845e-02
2.052785923753663866e-01 9.341995310459468016e-02
2.091886608015638416e-01 9.520378024792484906e-02
2.130987292277612966e-01 9.698785873787309220e-02
2.170087976539587515e-01 9.877219349174812257e-02
2.209188660801562065e-01 1.005567894393527284e-01
2.248289345063536615e-01 1.023416515232420665e-01
2.287390029325511165e-01 1.041267846989845508e-01
2.326490713587485715e-01 1.059121939354234626e-01
2.365591397849460265e-01 1.076978842149411281e-01
2.404692082111434814e-01 1.094838605337245113e-01
2.443792766373409364e-01 1.112701279020326811e-01
2.482893450635383914e-01 1.130566913444662480e-01
2.521994134897358464e-01 1.148435559002387168e-01
2.561094819159337455e-01 1.166307266234499346e-01
2.600195503421312004e-01 1.184182085833606762e-01
2.639296187683286554e-01 1.202060068646709223e-01
2.678396871945261104e-01 1.219941265677989828e-01
2.717497556207235654e-01 1.237825728091627719e-01
2.756598240469210204e-01 1.255713507214640257e-01
2.795698924731184754e-01 1.273604654539739200e-01
2.834799608993159303e-01 1.291499221728214242e-01
2.873900293255133853e-01 1.309397260612843172e-01
2.913000977517108403e-01 1.327298823200810662e-01
2.952101661779082953e-01 1.345203961676675330e-01
2.991202346041057503e-01 1.363112728405335705e-01
3.030303030303032052e-01 1.381025175935041982e-01
3.069403714565006602e-01 1.398941357000420271e-01
3.108504398826981152e-01 1.416861324525525434e-01
3.147605083088955702e-01 1.434785131626928889e-01
3.186705767350930252e-01 1.452712831616821132e-01
3.225806451612904802e-01 1.470644478006149503e-01
3.264907135874879351e-01 1.488580124507781488e-01
3.304007820136853901e-01 1.506519825039699112e-01
3.343108504398828451e-01 1.524463633728219136e-01
3.382209188660803001e-01 1.542411604911245460e-01
3.421309872922777551e-01 1.560363793141548716e-01
3.460410557184752101e-01 1.578320253190083344e-01
3.499511241446726650e-01 1.596281040049328248e-01
3.538611925708701200e-01 1.614246208936662985e-01
3.577712609970675750e-01 1.632215815297778927e-01
3.616813294232650300e-01 1.650189914810119285e-01
3.655913978494624850e-01 1.668168563386356884e-01
3.695014662756599400e-01 1.686151817177902745e-01
3.734115347018573949e-01 1.704139732578451583e-01
3.773216031280548499e-01 1.722132366227566991e-01
3.812316715542523049e-01 1.740129775014293556e-01
3.851417399804497599e-01 1.758132016080815041e-01
3.890518084066472149e-01 1.776139146826149484e-01
3.929618768328446698e-01 1.794151224909872333e-01
3.968719452590421248e-01 1.812168308255897031e-01
4.007820136852395798e-01 1.830190455056276977e-01
4.046920821114370348e-01 1.848217723775061605e-01
4.086021505376344898e-01 1.866250173152184944e-01
4.125122189638319448e-01 1.884287862207404407e-01
4.164222873900293997e-01 1.902330850244270954e-01
4.203323558162268547e-01 1.920379196854160031e-01
4.242424242424243097e-01 1.938432961920327213e-01
4.281524926686217647e-01 1.956492205622025193e-01
4.320625610948192197e-01 1.974556988438657124e-01
4.359726295210166747e-01 1.992627371153985472e-01
4.398826979472141296e-01 2.010703414860374461e-01
4.437927663734115846e-01 2.028785180963099122e-01
4.477028347996090396e-01 2.046872731184692651e-01
4.516129032258064946e-01 2.064966127569342613e-01
4.555229716520039496e-01 2.083065432487345991e-01
4.594330400782014046e-01 2.101170708639614748e-01
4.633431085043988595e-01 2.119282019062229683e-01
4.672531769305963145e-01 2.137399427131051466e-01
4.711632453567937695e-01 2.155522996566391625e-01
4.750733137829912245e-01 2.173652791437729048e-01
4.789833822091886795e-01 2.191788876168493383e-01
4.828934506353861345e-01 2.209931315540907548e-01
4.868035190615835894e-01 2.228080174700875771e-01
4.907135874877810444e-01 2.246235519162949612e-01
4.946236559139784994e-01 2.264397414815344789e-01
4.985337243401759544e-01 2.282565927925023497e-01
5.024437927663734094e-01 2.300741125142840016e-01
5.063538611925708643e-01 2.318923073508754040e-01
5.102639296187683193e-01 2.337111840457105350e-01
5.141739980449657743e-01 2.355307493821958698e-01
5.180840664711632293e-01 2.373510101842523090e-01
5.219941348973606843e-01 2.391719733168624074e-01
5.259042033235581393e-01 2.409936456866268728e-01
5.298142717497555942e-01 2.428160342423267004e-01
5.337243401759530492e-01 2.446391459754935493e-01
5.376344086021505042e-01 2.464629879209868091e-01
5.415444770283479592e-01 2.482875671575800469e-01
5.454545454545454142e-01 2.501128908085528124e-01
5.493646138807428692e-01 2.519389660422923227e-01
5.532746823069403241e-01 2.537658000729028918e-01
5.571847507331377791e-01 2.555934001608226036e-01
5.610948191593352341e-01 2.574217736134496448e-01
5.650048875855326891e-01 2.592509277857764083e-01
5.689149560117301441e-01 2.610808700810332561e-01
5.728250244379275991e-01 2.629116079513395543e-01
5.767350928641250540e-01 2.647431488983653103e-01
5.806451612903225090e-01 2.665755004740020251e-01
5.845552297165199640e-01 2.684086702810408176e-01
5.884652981427174190e-01 2.702426659738635939e-01
5.923753665689148740e-01 2.720774952591406004e-01
5.962854349951123289e-01 2.739131658965408556e-01
6.001955034213097839e-01 2.757496856994504086e-01
6.041055718475072389e-01 2.775870625357015897e-01
6.080156402737046939e-01 2.794253043283144167e-01
6.119257086999021489e-01 2.812644190562462732e-01
6.158357771260996039e-01 2.831044147551542989e-01
6.197458455522970588e-01 2.849452995181683268e-01
6.236559139784945138e-01 2.867870814966747561e-01
6.275659824046919688e-01 2.886297689011135814e-01
6.314760508308894238e-01 2.904733700017848586e-01
6.353861192570868788e-01 2.923178931296698257e-01
6.392961876832843338e-01 2.941633466772626271e-01
6.432062561094817887e-01 2.960097390994148592e-01
6.471163245356792437e-01 2.978570789141934960e-01
6.510263929618766987e-01 2.997053747037513594e-01
6.549364613880741537e-01 3.015546351152114113e-01
6.588465298142716087e-01 3.034048688615634815e-01
6.627565982404690637e-01 3.052560847225764262e-01
6.666666666666665186e-01 3.071082915457238327e-01
6.705767350928639736e-01 3.089614982471229343e-01
6.744868035190614286e-01 3.108157138124899022e-01
6.783968719452588836e-01 3.126709472981100135e-01
6.823069403714563386e-01 3.145272078318216979e-01
6.862170087976537936e-01 3.163845046140174033e-01
6.901270772238512485e-01 3.182428469186606712e-01
6.940371456500487035e-01 3.201022440943183112e-01
6.979472140762461585e-01 3.219627055652103942e-01
7.018572825024436135e-01 3.238242408322760113e-01
7.057673509286410685e-01 3.256868594742576284e-01
7.096774193548385234e-01 3.275505711488018168e-01
7.135874877810359784e-01 3.294153855935794128e-01
7.174975562072334334e-01 3.312813126274223308e-01
7.214076246334308884e-01 3.331483621514809701e-01
7.253176930596283434e-01 3.350165441503993868e-01
7.292277614858257984e-01 3.368858686935113922e-01
7.331378299120232533e-01 3.387563459360554141e-01
7.370478983382207083e-01 3.406279861204101755e-01
7.409579667644181633e-01 3.425007995773520220e-01
7.448680351906156183e-01 3.443747967273321775e-01
7.487781036168130733e-01 3.462499880817774822e-01
7.526881720430109723e-01 3.481263842444116130e-01
7.565982404692084273e-01 3.500039959125999522e-01
7.605083088954058823e-01 3.518828338787184373e-01
7.644183773216033373e-01 3.537629090315442260e-01
7.683284457478007923e-01 3.556442323576723963e-01
7.722385141739982473e-01 3.575268149429567943e-01
7.761485826001957022e-01 3.594106679739754728e-01
7.800586510263931572e-01 3.612958027395235527e-01
7.839687194525906122e-01 3.631822306321306204e-01
7.878787878787880672e-01 3.650699631496079345e-01
7.917888563049855222e-01 3.669590118966201131e-01
7.956989247311829772e-01 3.688493885862873523e-01
7.996089931573804321e-01 3.707411050418150666e-01
8.035190615835778871e-01 3.726341731981557825e-01
8.074291300097753421e-01 3.745286051036969543e-01
8.113391984359727971e-01 3.764244129219839752e-01
8.152492668621702521e-01 3.783216089334720533e-01
8.191593352883677071e-01 3.802202055373121725e-01
8.230694037145651620e-01 3.821202152531686380e-01
8.269794721407626170e-01 3.840216507230720389e-01
8.308895405669600720e-01 3.859245247133059609e-01
8.347996089931575270e-01 3.878288501163287272e-01
8.387096774193549820e-01 3.897346399527336636e-01
8.426197458455524369e-01 3.916419073732435030e-01
8.465298142717498919e-01 3.935506656607451470e-01
8.504398826979473469e-01 3.954609282323627295e-01
8.543499511241448019e-01 3.973727086415696497e-01
8.582600195503422569e-01 3.992860205803439033e-01
8.621700879765397119e-01 4.012008778813617171e-01
8.660801564027371668e-01 4.031172945202369240e-01
8.699902248289346218e-01 4.050352846178033039e-01
8.739002932551320768e-01 4.069548624424414451e-01
8.778103616813295318e-01 4.088760424124525672e-01
8.817204301075269868e-01 4.107988390984779192e-01
8.856304985337244418e-01 4.127232672259684709e-01
8.895405669599218967e-01 4.146493416777029539e-01
8.934506353861193517e-01 4.165770774963569734e-01
8.973607038123168067e-01 4.185064898871240224e-01
9.012707722385142617e-01 4.204375942203903427e-01
9.051808406647117167e-01 4.223704060344635192e-01
9.090909090909091717e-01 4.243049410383584186e-01
9.130009775171066266e-01 4.262412151146391937e-01
9.169110459433040816e-01 4.281792443223216282e-01
9.208211143695015366e-01 4.301190448998353233e-01
9.247311827956989916e-01 4.320606332680479444e-01
9.286412512218964466e-01 4.340040260333527522e-01
9.325513196480939015e-01 4.359492399908224125e-01
9.364613880742913565e-01 4.378962921274288655e-01
9.403714565004888115e-01 4.398451996253325280e-01
9.442815249266862665e-01 4.417959798652423831e-01
9.481915933528837215e-01 4.437486504298472911e-01
9.521016617790811765e-01 4.457032291073226293e-01
9.560117302052786314e-01 4.476597338949147020e-01
9.599217986314760864e-01 4.496181830025994808e-01
9.638318670576735414e-01 4.515785948568268870e-01
9.677419354838709964e-01 4.535409881043439007e-01
9.716520039100684514e-01 4.555053816161054869e-01
9.755620723362659064e-01 4.574717944912704004e-01
9.794721407624633613e-01 4.594402460612889150e-01
9.833822091886608163e-01 4.614107558940813147e-01
9.872922776148582713e-01 4.633833437983121972e-01
9.912023460410557263e-01 4.653580298277606442e-01
9.951124144672531813e-01 4.673348342857933102e-01
9.990224828934506363e-01 4.693137777299373203e-01
1.002932551319648091e+00 4.712948809765621361e-01
1.006842619745845546e+00 4.732781651056666150e-01
1.010752688172043001e+00 4.752636514657841982e-01
1.014662756598240456e+00 4.772513616789955671e-01
1.018572825024437911e+00 4.792413176460674218e-01
1.022482893450635366e+00 4.812335415517080550e-01
1.026392961876832821e+00 4.832280558699518780e-01
1.030303030303030276e+00 4.852248833696711783e-01
1.034213098729227731e+00 4.872240471202222145e-01
1.038123167155425186e+00 4.892255704972292008e-01
1.042033235581622641e+00 4.912294771885083455e-01
1.045943304007820096e+00 4.932357912001362754e-01
1.049853372434017551e+00 4.952445368626733901e-01
1.053763440860215006e+00 4.972557388375341003e-01
1.057673509286412461e+00 4.992694221235241536e-01
1.061583577712609916e+00 5.012856120635363899e-01
1.065493646138807371e+00 5.033043343514185253e-01
1.069403714565004826e+00 5.053256150390141865e-01
1.073313782991202281e+00 5.073494805433850230e-01
1.077223851417399736e+00 5.093759576542163936e-01
1.081133919843597191e+00 5.114050735414177318e-01
1.085043988269794646e+00 5.134368557629162000e-01
1.088954056695992101e+00 5.154713322726582891e-01
1.092864125122189556e+00 5.175085314288198068e-01
1.096774193548387011e+00 5.195484820022315819e-01
1.100684261974584466e+00 5.215912131850329869e-01
1.104594330400781921e+00 5.236367545995542772e-01
1.108504398826979376e+00 5.256851363074401817e-01
1.112414467253176831e+00 5.277363888190172991e-01
1.116324535679374286e+00 5.297905431029223955e-01
1.120234604105571741e+00 5.318476305959881634e-01
1.124144672531769196e+00 5.339076832134068695e-01
1.128054740957966651e+00 5.359707333591750000e-01
1.131964809384164106e+00 5.380368139368275626e-01
1.135874877810361561e+00 5.401059583604762571e-01
1.139784946236559016e+00 5.421782005661590631e-01
1.143695014662756471e+00 5.442535750235139025e-01
1.147605083088953926e+00 5.463321167477842577e-01
1.151515151515151381e+00 5.484138613121743999e-01
1.155425219941348836e+00 5.504988448605601103e-01
1.159335288367546291e+00 5.525871041205705492e-01
1.163245356793743746e+00 5.546786764170585915e-01
1.167155425219941201e+00 5.567735996859655145e-01
1.171065493646138655e+00 5.588719124885986878e-01
1.174975562072336110e+00 5.609736540263411397e-01
1.178885630498533565e+00 5.630788641557992191e-01
1.182795698924731020e+00 5.651875834044173263e-01
1.186705767350928475e+00 5.672998529865634909e-01
1.190615835777125930e+00 5.694157148201165475e-01
1.194525904203323385e+00 5.715352115435620162e-01
1.198435972629520840e+00 5.736583865336265520e-01
1.202346041055718295e+00 5.757852839234632869e-01
1.206256109481915750e+00 5.779159486214132668e-01
1.210166177908113205e+00 5.800504263303701835e-01
1.214076246334310660e+00 5.821887635677590600e-01
1.217986314760508115e+00 5.843310076861666369e-01
1.221896383186705570e+00 5.864772068946410011e-01
1.225806451612903025e+00 5.886274102806930975e-01
1.229716520039100480e+00 5.907816678330211069e-01
1.233626588465297935e+00 5.929400304649946607e-01
1.237536656891495390e+00 5.951025500389270917e-01
1.241446725317692845e+00 5.972692793911646980e-01
1.245356793743890300e+00 5.994402723580335435e-01
1.249266862170087755e+00 6.016155838026732150e-01
1.253176930596285210e+00 6.037952696428016131e-01
1.257086999022483109e+00 6.059793868794454141e-01
1.260997067448680564e+00 6.081679936266752851e-01
1.264907135874878019e+00 6.103611491424013602e-01
1.268817204301075474e+00 6.125589138602602901e-01
1.272727272727272929e+00 6.147613494226477071e-01
1.276637341153470384e+00 6.169685187149520633e-01
1.280547409579667839e+00 6.191804859010369144e-01
1.284457478005865294e+00 6.213973164600283816e-01
1.288367546432062749e+00 6.236190772244672997e-01
1.292277614858260204e+00 6.258458364198943302e-01
1.296187683284457659e+00 6.280776637059217737e-01
1.300097751710655114e+00 6.303146302188770145e-01
1.304007820136852569e+00 6.325568086160733294e-01
1.307917888563050024e+00 6.348042731218019874e-01
1.311827956989247479e+00 6.370570995751151377e-01
1.315738025415444934e+00 6.393153654794953011e-01
1.319648093841642389e+00 6.415791500544929526e-01
1.323558162267839844e+00 6.438485342894362251e-01
1.327468230694037299e+00 6.461236009993142071e-01
1.331378299120234754e+00 6.484044348829376414e-01
1.335288367546432209e+00 6.506911225834960399e-01
1.339198435972629664e+00 6.529837527516322293e-01
1.343108504398827119e+00 6.552824161111580059e-01
1.347018572825024574e+00 6.575872055275571171e-01
1.350928641251222029e+00 6.598982160794125695e-01
1.354838709677419484e+00 6.622155451329142517e-01
1.358748778103616939e+00 6.645392924196138473e-01
1.362658846529814394e+00 6.668695601176000132e-01
1.366568914956011849e+00 6.692064529362737879e-01
1.370478983382209304e+00 6.715500782049336204e-01
1.374389051808406759e+00 6.739005459653660823e-01
1.378299120234604214e+00 6.762579690686797429e-01
1.382209188660801669e+00 6.786224632766064691e-01
1.386119257086999124e+00 6.809941473675473755e-01
1.390029325513196579e+00 6.833731432476107814e-01
1.393939393939394034e+00 6.857595760669474849e-01
1.397849462365591489e+00 6.881535743417026563e-01
1.401759530791788944e+00 6.905552700818974321e-01
1.405669599217986399e+00 6.929647989256104701e-01
1.409579667644183854e+00 6.953823002798491526e-01
1.413489736070381309e+00 6.978079174684997943e-01
1.417399804496578763e+00 7.002417978878211491e-01
1.421309872922776218e+00 7.026840931699354087e-01
1.425219941348973673e+00 7.051349593548430494e-01
1.429130009775171128e+00 7.075945570714956556e-01
1.433040078201368583e+00 7.100630517285231313e-01
1.436950146627566038e+00 7.125406137152520136e-01
1.440860215053763493e+00 7.150274186136970078e-01
1.444770283479960948e+00 7.175236474222743688e-01
1.448680351906158403e+00 7.200294867920252750e-01
1.452590420332355858e+00 7.225451292762276045e-01
1.456500488758553313e+00 7.250707735943271448e-01
1.460410557184750768e+00 7.276066249112077555e-01
1.464320625610948223e+00 7.301528951328988271e-01
1.468230694037145678e+00 7.327098032199230726e-01
1.472140762463343133e+00 7.352775755195839480e-01
1.476050830889540588e+00 7.378564461186063461e-01
1.479960899315738043e+00 7.404466572176884309e-01
1.483870967741935498e+00 7.430484595296277250e-01
1.487781036168132953e+00 7.456621127028769669e-01
1.491691104594330408e+00 7.482878857725415722e-01
1.495601173020527863e+00 7.509260576410112797e-01
1.499511241446725318e+00 7.535769175906458228e-01
1.503421309872922773e+00 7.562407658311672831e-01
1.507331378299120228e+00 7.589179140846696869e-01
1.511241446725317683e+00 7.616086862114471723e-01
1.515151515151515138e+00 7.643134188801881113e-01
1.519061583577712593e+00 7.670324622864214126e-01
1.522971652003910048e+00 7.697661809235394337e-01
1.526881720430107503e+00 7.725149544111695743e-01
1.530791788856304958e+00 7.752791783861953112e-01
1.534701857282502413e+00 7.780592654623068594e-01
1.538611925708699868e+00 7.808556462646412122e-01
1.542521994134897323e+00 7.836687705468079468e-01
1.546432062561094778e+00 7.864991083984618214e-01
1.550342130987292233e+00 7.893471515525520843e-01
1.554252199413489688e+00 7.922134148024869704e-01
1.558162267839687143e+00 7.950984375407181837e-01
1.562072336265884598e+00 7.980027854316936731e-01
1.565982404692082053e+00 8.009270522338109988e-01
1.569892473118279508e+00 8.038718617868929606e-01
1.573802541544476963e+00 8.068378701839480360e-01
1.577712609970674418e+00 8.098257681485228066e-01
1.581622678396871873e+00 8.128362836419300574e-01
1.585532746823069328e+00 8.158701847281126796e-01
1.589442815249266783e+00 8.189282827279316113e-01
1.593352883675464238e+00 8.220114356994356886e-01
1.597262952101661693e+00 8.251205522862129493e-01
1.601173020527859148e+00 8.282565959825577417e-01
1.605083088954056603e+00 8.314205898719448928e-01
1.608993157380254058e+00 8.346136219046182969e-01
1.612903225806451513e+00 8.378368507911677643e-01
1.616813294232648968e+00 8.410915126022806554e-01
1.620723362658846423e+00 8.443789281808782299e-01
1.624633431085043878e+00 8.477005114922447904e-01
1.628543499511241333e+00 8.510577790613916838e-01
1.632453567937438788e+00 8.544523606757692402e-01
1.636363636363636243e+00 8.578860115669992847e-01
1.640273704789833698e+00 8.613606263292714615e-01
1.644183773216031152e+00 8.648782548868425568e-01
1.648093841642228607e+00 8.684411208917084402e-01
1.652003910068426062e+00 8.720516430192519763e-01
1.655913978494623517e+00 8.757124597399090771e-01
1.659824046920820972e+00 8.794264582862765245e-01
1.663734115347018427e+00 8.831968087179870031e-01
1.667644183773215882e+00 8.870270042253058929e-01
1.671554252199413337e+00 8.909209091270470227e-01
1.675464320625610792e+00 8.948828164375677297e-01
1.679374389051808247e+00 8.989175174425249049e-01
1.683284457478005702e+00 9.030303864940331104e-01
1.687194525904203157e+00 9.072274853022721519e-01
1.691104594330400612e+00 9.115156924980020170e-01
1.695014662756598067e+00 9.159028663771013878e-01
1.698924731182795522e+00 9.203980518429266677e-01
1.702834799608992977e+00 9.250117471633519939e-01
1.706744868035190432e+00 9.297562531318007695e-01
1.710654936461387887e+00 9.346461380525623586e-01
1.714565004887585342e+00 9.396988692760916972e-01
1.718475073313782797e+00 9.449356905589584299e-01
1.722385141739980252e+00 9.503828733903323389e-01
1.726295210166177707e+00 9.560735577421848319e-01
1.730205278592375162e+00 9.620505618277165327e-01
1.734115347018572617e+00 9.683708683327795219e-01
1.738025415444770072e+00 9.751132003907501122e-01
1.741935483870967527e+00 9.823917699277611160e-01
1.745845552297164982e+00 9.903837471273579940e-01
1.749755620723362437e+00 9.993921664898925972e-01
1.753665689149560336e+00 1.010024108310375146e+00
1.757575757575757791e+00 1.023944598211409041e+00
