x	y
8.660254037844385966e-01 1.432759909098055839e+00
8.671338833506316846e-01 1.434158734343884189e+00
8.682423629168248835e-01 1.435577216245280230e+00
8.693508424830179715e-01 1.437008647857860533e+00
8.704593220492110595e-01 1.438450635712932746e+00
8.715678016154041474e-01 1.439901796458600503e+00
8.726762811815973464e-01 1.441361196671929967e+00
8.737847607477904344e-01 1.442828151066251285e+00
8.748932403139835223e-01 1.444302128646599570e+00
8.760017198801767213e-01 1.445782702179558177e+00
8.771101994463698093e-01 1.447269518204779670e+00
8.782186790125628972e-01 1.448762277947363675e+00
8.793271585787559852e-01 1.450260724507340893e+00
8.804356381449491842e-01 1.451764633896446499e+00
8.815441177111422721e-01 1.453273808552248747e+00
8.826525972773353601e-01 1.454788072512812169e+00
8.837610768435285591e-01 1.456307267742052325e+00
8.848695564097216471e-01 1.457831251275203188e+00
8.859780359759147350e-01 1.459359892963014049e+00
8.870865155421078230e-01 1.460893073662234976e+00
8.881949951083010220e-01 1.462430683764883055e+00
8.893034746744941099e-01 1.463972621988839373e+00
8.904119542406871979e-01 1.465518794372930866e+00
8.915204338068803969e-01 1.467069113434072758e+00
8.926289133730734848e-01 1.468623497454340621e+00
8.937373929392665728e-01 1.470181869873291136e+00
8.948458725054596608e-01 1.471744158766363775e+00
8.959543520716528597e-01 1.473310296394283903e+00
8.970628316378459477e-01 1.474880218811506882e+00
8.981713112040390357e-01 1.476453865524114617e+00
8.992797907702322346e-01 1.478031179189404076e+00
9.003882703364253226e-01 1.479612105350863960e+00
9.014967499026184106e-01 1.481196592203345874e+00
9.026052294688114985e-01 1.482784590384147005e+00
9.037137090350046975e-01 1.484376052786443134e+00
9.048221886011977855e-01 1.485970934392082388e+00
9.059306681673908734e-01 1.487569192121237505e+00
9.070391477335840724e-01 1.489170784696786765e+00
9.081476272997771604e-01 1.490775672521620132e+00
9.092561068659702483e-01 1.492383817567330517e+00
9.103645864321633363e-01 1.493995183272962768e+00
9.114730659983565353e-01 1.495609734452686856e+00
9.125815455645496233e-01 1.497227437211402279e+00
9.136900251307427112e-01 1.498848258867423011e+00
9.147985046969359102e-01 1.500472167881496732e+00
9.159069842631289982e-01 1.502099133791502394e+00
9.170154638293220861e-01 1.503729127152261480e+00
9.181239433955151741e-01 1.505362119479953353e+00
9.192324229617083731e-01 1.506998083200694172e+00
9.203409025279014610e-01 1.508636991602887445e+00
9.214493820940945490e-01 1.510278818792996969e+00
9.225578616602877480e-01 1.511923539654431048e+00
9.236663412264808359e-01 1.513571129809264226e+00
9.247748207926739239e-01 1.515221565582549612e+00
9.258833003588670119e-01 1.516874823968998864e+00
9.269917799250602108e-01 1.518530882601832444e+00
9.281002594912532988e-01 1.520189719723621824e+00
9.292087390574463868e-01 1.521851314158964907e+00
9.303172186236394747e-01 1.523515645288843201e+00
9.314256981898326737e-01 1.525182693026537306e+00
9.325341777560257617e-01 1.526852437794975259e+00
9.336426573222188496e-01 1.528524860505409144e+00
9.347511368884120486e-01 1.530199942537320723e+00
9.358596164546051366e-01 1.531877665719465043e+00
9.369680960207982245e-01 1.533558012311972751e+00
9.380765755869913125e-01 1.535240964989435186e+00
9.391850551531845115e-01 1.536926506824904060e+00
9.402935347193775995e-01 1.538614621274741134e+00
9.414020142855706874e-01 1.540305292164265927e+00
9.425104938517638864e-01 1.541998503674142151e+00
9.436189734179569744e-01 1.543694240327458056e+00
9.447274529841500623e-01 1.545392486977456459e+00
9.458359325503431503e-01 1.547093228795870301e+00
9.469444121165363493e-01 1.548796451261827745e+00
9.480528916827294372e-01 1.550502140151290842e+00
9.491613712489225252e-01 1.552210281526997138e+00
9.502698508151157242e-01 1.553920861728870229e+00
9.513783303813088121e-01 1.555633867364874634e+00
9.524868099475019001e-01 1.557349285302286335e+00
9.535952895136949881e-01 1.559067102659360327e+00
9.547037690798881870e-01 1.560787306797361884e+00
9.558122486460812750e-01 1.562509885312954205e+00
9.569207282122743630e-01 1.564234826030912240e+00
9.580292077784675620e-01 1.565962116997149378e+00
9.591376873446606499e-01 1.567691746472039460e+00
9.602461669108537379e-01 1.569423702924017894e+00
9.613546464770468258e-01 1.571157975023446118e+00
9.624631260432400248e-01 1.572894551636727867e+00
9.635716056094331128e-01 1.574633421820662571e+00
9.646800851756262007e-01 1.576374574817021479e+00
9.657885647418193997e-01 1.578118000047344038e+00
9.668970443080124877e-01 1.579863687107927461e+00
9.680055238742055757e-01 1.581611625765020790e+00
9.691140034403986636e-01 1.583361805950192158e+00
9.702224830065918626e-01 1.585114217755878574e+00
9.713309625727849506e-01 1.586868851431096017e+00
9.724394421389780385e-01 1.588625697377312962e+00
9.735479217051712375e-01 1.590384746144471340e+00
9.746564012713643255e-01 1.592145988427151382e+00
9.757648808375574134e-01 1.593909415060878132e+00
9.768733604037505014e-01 1.595675017018552078e+00
9.779818399699437004e-01 1.597442785407011012e+00
9.790903195361367883e-01 1.599212711463708914e+00
9.801987991023298763e-01 1.600984786553507178e+00
9.813072786685230753e-01 1.602759002165579760e+00
9.824157582347161632e-01 1.604535349910418018e+00
9.835242378009092512e-01 1.606313821516939022e+00
9.846327173671023392e-01 1.608094408829687350e+00
9.857411969332955382e-01 1.609877103806129917e+00
9.868496764994886261e-01 1.611661898514038072e+00
9.879581560656817141e-01 1.613448785128955176e+00
9.890666356318749131e-01 1.615237755931742347e+00
9.901751151980680010e-01 1.617028803306204132e+00
9.912835947642610890e-01 1.618821919736788351e+00
9.923920743304541769e-01 1.620617097806355211e+00
9.935005538966473759e-01 1.622414330194019039e+00
9.946090334628404639e-01 1.624213609673050396e+00
9.957175130290335519e-01 1.626014929108847262e+00
9.968259925952267508e-01 1.627818281456963279e+00
9.979344721614198388e-01 1.629623659761195054e+00
9.990429517276129268e-01 1.631431057151727870e+00
1.000151431293806015e+00 1.633240466843333794e+00
1.001259910859999103e+00 1.635051882133622403e+00
1.002368390426192413e+00 1.636865296401341707e+00
1.003476869992385501e+00 1.638680703104727465e+00
1.004585349558578589e+00 1.640498095779900023e+00
1.005693829124771677e+00 1.642317468039305561e+00
1.006802308690964765e+00 1.644138813570199753e+00
1.007910788257157852e+00 1.645962126133175385e+00
1.009019267823350940e+00 1.647787399560727284e+00
1.010127747389544250e+00 1.649614627755861651e+00
1.011236226955737338e+00 1.651443804690733819e+00
1.012344706521930426e+00 1.653274924405334190e+00
1.013453186088123514e+00 1.655107981006197937e+00
1.014561665654316602e+00 1.656942968665157334e+00
1.015670145220509690e+00 1.658779881618119845e+00
1.016778624786702778e+00 1.660618714163884402e+00
1.017887104352896088e+00 1.662459460662982114e+00
1.018995583919089176e+00 1.664302115536550941e+00
1.020104063485282264e+00 1.666146673265238132e+00
1.021212543051475352e+00 1.667993128388128410e+00
1.022321022617668440e+00 1.669841475501701034e+00
1.023429502183861528e+00 1.671691709258812164e+00
1.024537981750054616e+00 1.673543824367701882e+00
1.025646461316247926e+00 1.675397815591027184e+00
1.026754940882441014e+00 1.677253677744914517e+00
1.027863420448634102e+00 1.679111405698040738e+00
1.028971900014827190e+00 1.680970994370733163e+00
1.030080379581020278e+00 1.682832438734089830e+00
1.031188859147213366e+00 1.684695733809122409e+00
1.032297338713406454e+00 1.686560874665920418e+00
1.033405818279599764e+00 1.688427856422832329e+00
1.034514297845792852e+00 1.690296674245665987e+00
1.035622777411985940e+00 1.692167323346910335e+00
1.036731256978179028e+00 1.694039798984972034e+00
1.037839736544372116e+00 1.695914096463429610e+00
1.038948216110565204e+00 1.697790211130306703e+00
1.040056695676758292e+00 1.699668138377359083e+00
1.041165175242951602e+00 1.701547873639380093e+00
1.042273654809144690e+00 1.703429412393517417e+00
1.043382134375337777e+00 1.705312750158610280e+00
1.044490613941530865e+00 1.707197882494537744e+00
1.045599093507723953e+00 1.709084805001581442e+00
1.046707573073917041e+00 1.710973513319802741e+00
1.047816052640110129e+00 1.712864003128433010e+00
1.048924532206303439e+00 1.714756270145278094e+00
1.050033011772496527e+00 1.716650310126132561e+00
1.051141491338689615e+00 1.718546118864209271e+00
1.052249970904882703e+00 1.720443692189580931e+00
1.053358450471075791e+00 1.722343025968628982e+00
1.054466930037268879e+00 1.724244116103510915e+00
1.055575409603461967e+00 1.726146958531631803e+00
1.056683889169655277e+00 1.728051549225130712e+00
1.057792368735848365e+00 1.729957884190376216e+00
1.058900848302041453e+00 1.731865959467473015e+00
1.060009327868234541e+00 1.733775771129777654e+00
1.061117807434427629e+00 1.735687315283423127e+00
1.062226287000620717e+00 1.737600588066855245e+00
1.063334766566813805e+00 1.739515585650376117e+00
1.064443246133007115e+00 1.741432304235698503e+00
1.065551725699200203e+00 1.743350740055505055e+00
1.066660205265393291e+00 1.745270889373023326e+00
1.067768684831586379e+00 1.747192748481599667e+00
1.068877164397779467e+00 1.749116313704290215e+00
1.069985643963972555e+00 1.751041581393452784e+00
1.071094123530165643e+00 1.752968547930351839e+00
1.072202603096358953e+00 1.754897209724766816e+00
1.073311082662552041e+00 1.756827563214609755e+00
1.074419562228745129e+00 1.758759604865550941e+00
1.075528041794938217e+00 1.760693331170650078e+00
1.076636521361131305e+00 1.762628738649993698e+00
1.077745000927324392e+00 1.764565823850341886e+00
1.078853480493517480e+00 1.766504583344778334e+00
1.079961960059710790e+00 1.768445013732370397e+00
1.081070439625903878e+00 1.770387111637829358e+00
1.082178919192096966e+00 1.772330873711185806e+00
1.083287398758290054e+00 1.774276296627461669e+00
1.084395878324483142e+00 1.776223377086354471e+00
1.085504357890676230e+00 1.778172111811923806e+00
1.086612837456869318e+00 1.780122497552284688e+00
1.087721317023062628e+00 1.782074531079306690e+00
1.088829796589255716e+00 1.784028209188316172e+00
1.089938276155448804e+00 1.785983528697807632e+00
1.091046755721641892e+00 1.787940486449155486e+00
1.092155235287834980e+00 1.789899079306334517e+00
1.093263714854028068e+00 1.791859304155642985e+00
1.094372194420221156e+00 1.793821157905431063e+00
1.095480673986414466e+00 1.795784637485835278e+00
1.096589153552607554e+00 1.797749739848512274e+00
1.097697633118800642e+00 1.799716461966386349e+00
1.098806112684993730e+00 1.801684800833391886e+00
1.099914592251186818e+00 1.803654753464225102e+00
1.101023071817379906e+00 1.805626316894099137e+00
1.102131551383572994e+00 1.807599488178502689e+00
1.103240030949766304e+00 1.809574264392962428e+00
1.104348510515959392e+00 1.811550642632809183e+00
1.105456990082152480e+00 1.813528620012949899e+00
1.106565469648345568e+00 1.815508193667640713e+00
1.107673949214538656e+00 1.817489360750264904e+00
1.108782428780731744e+00 1.819472118433114627e+00
1.109890908346924832e+00 1.821456463907175083e+00
1.110999387913118142e+00 1.823442394381914244e+00
1.112107867479311230e+00 1.825429907085071690e+00
1.113216347045504317e+00 1.827418999262457211e+00
1.114324826611697405e+00 1.829409668177746529e+00
1.115433306177890493e+00 1.831401911112283010e+00
1.116541785744083581e+00 1.833395725364882267e+00
1.117650265310276669e+00 1.835391108251640313e+00
1.118758744876469979e+00 1.837388057105743044e+00
1.119867224442663067e+00 1.839386569277279282e+00
1.120975704008856155e+00 1.841386642133057583e+00
1.122084183575049243e+00 1.843388273056425719e+00
1.123192663141242331e+00 1.845391459447091487e+00
1.124301142707435419e+00 1.847396198720947735e+00
1.125409622273628507e+00 1.849402488309898507e+00
1.126518101839821817e+00 1.851410325661689837e+00
1.127626581406014905e+00 1.853419708239740782e+00
1.128735060972207993e+00 1.855430633522979322e+00
1.129843540538401081e+00 1.857443099005678500e+00
1.130952020104594169e+00 1.859457102197296541e+00
1.132060499670787257e+00 1.861472640622317654e+00
1.133168979236980345e+00 1.863489711820098371e+00
1.134277458803173655e+00 1.865508313344711677e+00
1.135385938369366743e+00 1.867528442764796015e+00
1.136494417935559831e+00 1.869550097663407184e+00
1.137602897501752919e+00 1.871573275637871347e+00
1.138711377067946007e+00 1.873597974299639146e+00
1.139819856634139095e+00 1.875624191274142705e+00
1.140928336200332183e+00 1.877651924200655964e+00
1.142036815766525493e+00 1.879681170732155460e+00
1.143145295332718581e+00 1.881711928535181544e+00
1.144253774898911669e+00 1.883744195289706935e+00
1.145362254465104757e+00 1.885777968689000161e+00
1.146470734031297845e+00 1.887813246439496773e+00
1.147579213597490932e+00 1.889850026260669225e+00
1.148687693163684020e+00 1.891888305884897203e+00
1.149796172729877330e+00 1.893928083057345946e+00
1.150904652296070418e+00 1.895969355535837453e+00
1.152013131862263506e+00 1.898012121090731030e+00
1.153121611428456594e+00 1.900056377504801608e+00
1.154230090994649682e+00 1.902102122573120502e+00
1.155338570560842770e+00 1.904149354102937730e+00
1.156447050127035858e+00 1.906198069913566107e+00
1.157555529693229168e+00 1.908248267836267553e+00
1.158664009259422256e+00 1.910299945714137193e+00
1.159772488825615344e+00 1.912353101401996325e+00
1.160880968391808432e+00 1.914407732766279624e+00
1.161989447958001520e+00 1.916463837684927007e+00
1.163097927524194608e+00 1.918521414047276608e+00
1.164206407090387696e+00 1.920580459753959301e+00
1.165314886656581006e+00 1.922640972716795460e+00
1.166423366222774094e+00 1.924702950858688366e+00
1.167531845788967182e+00 1.926766392113526960e+00
1.168640325355160270e+00 1.928831294426083698e+00
1.169748804921353358e+00 1.930897655751913522e+00
1.170857284487546446e+00 1.932965474057260158e+00
1.171965764053739534e+00 1.935034747318956194e+00
1.173074243619932844e+00 1.937105473524328936e+00
1.174182723186125932e+00 1.939177650671106257e+00
1.175291202752319020e+00 1.941251276767323342e+00
1.176399682318512108e+00 1.943326349831232758e+00
1.177508161884705196e+00 1.945402867891210530e+00
1.178616641450898284e+00 1.947480828985669099e+00
1.179725121017091372e+00 1.949560231162969393e+00
1.180833600583284682e+00 1.951641072481331340e+00
1.181942080149477770e+00 1.953723351008747944e+00
1.183050559715670857e+00 1.955807064822903563e+00
1.184159039281863945e+00 1.957892212011084432e+00
1.185267518848057033e+00 1.959978790670100501e+00
1.186375998414250121e+00 1.962066798906199949e+00
1.187484477980443209e+00 1.964156234834989467e+00
1.188592957546636519e+00 1.966247096581355880e+00
1.189701437112829607e+00 1.968339382279381766e+00
1.190809916679022695e+00 1.970433090072273963e+00
1.191918396245215783e+00 1.972528218112281184e+00
1.193026875811408871e+00 1.974624764560620305e+00
1.194135355377601959e+00 1.976722727587399753e+00
1.195243834943795047e+00 1.978822105371546014e+00
1.196352314509988357e+00 1.980922896100729025e+00
1.197460794076181445e+00 1.983025097971288897e+00
1.198569273642374533e+00 1.985128709188165752e+00
1.199677753208567621e+00 1.987233727964827557e+00
1.200786232774760709e+00 1.989340152523199512e+00
1.201894712340953797e+00 1.991447981093594999e+00
1.203003191907146885e+00 1.993557211914647409e+00
1.204111671473340195e+00 1.995667843233241534e+00
1.205220151039533283e+00 1.997779873304446063e+00
1.206328630605726371e+00 1.999893300391448525e+00
1.207437110171919459e+00 2.002008122765489340e+00
1.208545589738112547e+00 2.004124338705795871e+00
1.209654069304305635e+00 2.006241946499520257e+00
1.210762548870498723e+00 2.008360944441673457e+00
1.211871028436692033e+00 2.010481330835066416e+00
1.212979508002885121e+00 2.012603103990242559e+00
1.214087987569078209e+00 2.014726262225423170e+00
1.215196467135271297e+00 2.016850803866440334e+00
1.216304946701464385e+00 2.018976727246682756e+00
1.217413426267657472e+00 2.021104030707033150e+00
1.218521905833850560e+00 2.023232712595808280e+00
1.219630385400043870e+00 2.025362771268706119e+00
1.220738864966236736e+00 2.027494205088742341e+00
1.221847344532430046e+00 2.029627012426200583e+00
1.222955824098623134e+00 2.031761191658569388e+00
1.224064303664816222e+00 2.033896741170491129e+00
1.225172783231009310e+00 2.036033659353705172e+00
1.226281262797202398e+00 2.038171944606996355e+00
1.227389742363395708e+00 2.040311595336138151e+00
1.228498221929588574e+00 2.042452609953838927e+00
1.229606701495781884e+00 2.044594986879694876e+00
1.230715181061974972e+00 2.046738724540131393e+00
1.231823660628168060e+00 2.048883821368356450e+00
1.232932140194361148e+00 2.051030275804306413e+00
1.234040619760554236e+00 2.053178086294598526e+00
1.235149099326747546e+00 2.055327251292479396e+00
1.236257578892940412e+00 2.057477769257775257e+00
1.237366058459133722e+00 2.059629638656845341e+00
1.238474538025326810e+00 2.061782857962530802e+00
1.239583017591519898e+00 2.063937425654109425e+00
1.240691497157712986e+00 2.066093340217246777e+00
1.241799976723906074e+00 2.068250600143951345e+00
1.242908456290099384e+00 2.070409203932525255e+00
1.244016935856292250e+00 2.072569150087519407e+00
1.245125415422485560e+00 2.074730437119692628e+00
1.246233894988678648e+00 2.076893063545958817e+00
1.247342374554871736e+00 2.079057027889347875e+00
1.248450854121064824e+00 2.081222328678961286e+00
1.249559333687257912e+00 2.083388964449927272e+00
1.250667813253451222e+00 2.085556933743359931e+00
1.251776292819644087e+00 2.087726235106310391e+00
1.252884772385837397e+00 2.089896867091734389e+00
1.253993251952030485e+00 2.092068828258441204e+00
1.255101731518223573e+00 2.094242117171058126e+00
1.256210211084416661e+00 2.096416732399987382e+00
1.257318690650609749e+00 2.098592672521364833e+00
1.258427170216803059e+00 2.100769936117022230e+00
1.259535649782995925e+00 2.102948521774443247e+00
1.260644129349189235e+00 2.105128428086730175e+00
1.261752608915382323e+00 2.107309653652559067e+00
1.262861088481575411e+00 2.109492197076144215e+00
1.263969568047768499e+00 2.111676056967199511e+00
1.265078047613961587e+00 2.113861231940899810e+00
1.266186527180154897e+00 2.116047720617845407e+00
1.267295006746347763e+00 2.118235521624020290e+00
1.268403486312541073e+00 2.120424633590762831e+00
1.269511965878734161e+00 2.122615055154721375e+00
1.270620445444927249e+00 2.124806784957823602e+00
1.271728925011120337e+00 2.126999821647239219e+00
1.272837404577313425e+00 2.129194163875342660e+00
1.273945884143506735e+00 2.131389810299682441e+00
1.275054363709699601e+00 2.133586759582941195e+00
1.276162843275892911e+00 2.135785010392906358e+00
1.277271322842085999e+00 2.137984561402430650e+00
1.278379802408279087e+00 2.140185411289403650e+00
1.279488281974472175e+00 2.142387558736716269e+00
1.280596761540665263e+00 2.144591002432224780e+00
1.281705241106858573e+00 2.146795741068723729e+00
1.282813720673051439e+00 2.149001773343907296e+00
1.283922200239244749e+00 2.151209097960343986e+00
1.285030679805437837e+00 2.153417713625436658e+00
1.286139159371630925e+00 2.155627619051397659e+00
1.287247638937824012e+00 2.157838812955214625e+00
1.288356118504017100e+00 2.160051294058619398e+00
1.289464598070210410e+00 2.162265061088058715e+00
1.290573077636403276e+00 2.164480112774660903e+00
1.291681557202596586e+00 2.166696447854210117e+00
1.292790036768789674e+00 2.168914065067110819e+00
1.293898516334982762e+00 2.171132963158364682e+00
1.295006995901175850e+00 2.173353140877533729e+00
1.296115475467368938e+00 2.175574596978719022e+00
1.297223955033562248e+00 2.177797330220526462e+00
1.298332434599755114e+00 2.180021339366038369e+00
1.299440914165948424e+00 2.182246623182789946e+00
1.300549393732141512e+00 2.184473180442733753e+00
1.301657873298334600e+00 2.186701009922220162e+00
1.302766352864527688e+00 2.188930110401961393e+00
1.303874832430720776e+00 2.191160480667012411e+00
1.304983311996914086e+00 2.193392119506737181e+00
1.306091791563106952e+00 2.195625025714784240e+00
1.307200271129300262e+00 2.197859198089063160e+00
1.308308750695493350e+00 2.200094635431712575e+00
1.309417230261686438e+00 2.202331336549077090e+00
1.310525709827879526e+00 2.204569300251681963e+00
1.311634189394072614e+00 2.206808525354206019e+00
1.312742668960265924e+00 2.209049010675457225e+00
1.313851148526458790e+00 2.211290755038344713e+00
1.314959628092652100e+00 2.213533757269860125e+00
1.316068107658845188e+00 2.215778016201043865e+00
1.317176587225038276e+00 2.218023530666967780e+00
1.318285066791231364e+00 2.220270299506708067e+00
1.319393546357424452e+00 2.222518321563320409e+00
1.320502025923617762e+00 2.224767595683817767e+00
1.321610505489810627e+00 2.227018120719144179e+00
1.322718985056003937e+00 2.229269895524154332e+00
1.323827464622197025e+00 2.231522918957587809e+00
1.324935944188390113e+00 2.233777189882045988e+00
1.326044423754583201e+00 2.236032707163969846e+00
1.327152903320776289e+00 2.238289469673619081e+00
1.328261382886969599e+00 2.240547476285044581e+00
1.329369862453162465e+00 2.242806725876068885e+00
1.330478342019355775e+00 2.245067217328267972e+00
1.331586821585548863e+00 2.247328949526940178e+00
1.332695301151741951e+00 2.249591921361092428e+00
1.333803780717935039e+00 2.251856131723414478e+00
1.334912260284128127e+00 2.254121579510259377e+00
1.336020739850321437e+00 2.256388263621620371e+00
1.337129219416514303e+00 2.258656182961110037e+00
1.338237698982707613e+00 2.260925336435942512e+00
1.339346178548900701e+00 2.263195722956906852e+00
1.340454658115093789e+00 2.265467341438352378e+00
1.341563137681286877e+00 2.267740190798163802e+00
1.342671617247479965e+00 2.270014269957743469e+00
1.343780096813673275e+00 2.272289577841990926e+00
1.344888576379866141e+00 2.274566113379280718e+00
1.345997055946059451e+00 2.276843875501446401e+00
1.347105535512252539e+00 2.279122863143757449e+00
1.348214015078445627e+00 2.281403075244901935e+00
1.349322494644638715e+00 2.283684510746965657e+00
1.350430974210831803e+00 2.285967168595414822e+00
1.351539453777025113e+00 2.288251047739075617e+00
1.352647933343217979e+00 2.290536147130114664e+00
1.353756412909411289e+00 2.292822465724023484e+00
1.354864892475604377e+00 2.295110002479594513e+00
1.355973372041797465e+00 2.297398756358909555e+00
1.357081851607990552e+00 2.299688726327315358e+00
1.358190331174183640e+00 2.301979911353409403e+00
1.359298810740376950e+00 2.304272310409020807e+00
1.360407290306569816e+00 2.306565922469189012e+00
1.361515769872763126e+00 2.308860746512154449e+00
1.362624249438956214e+00 2.311156781519331460e+00
1.363732729005149302e+00 2.313454026475297187e+00
1.364841208571342390e+00 2.315752480367772481e+00
1.365949688137535478e+00 2.318052142187603248e+00
1.367058167703728788e+00 2.320353010928746240e+00
1.368166647269921654e+00 2.322655085588248181e+00
1.369275126836114964e+00 2.324958365166235552e+00
1.370383606402308052e+00 2.327262848665889283e+00
1.371492085968501140e+00 2.329568535093436310e+00
1.372600565534694228e+00 2.331875423458127372e+00
1.373709045100887316e+00 2.334183512772225022e+00
1.374817524667080626e+00 2.336492802050984086e+00
1.375926004233273492e+00 2.338803290312637007e+00
1.377034483799466802e+00 2.341114976578379192e+00
1.378142963365659890e+00 2.343427859872351249e+00
1.379251442931852978e+00 2.345741939221624328e+00
1.380359922498046066e+00 2.348057213656184583e+00
1.381468402064239154e+00 2.350373682208917625e+00
1.382576881630432464e+00 2.352691343915592981e+00
1.383685361196625330e+00 2.355010197814848549e+00
1.384793840762818640e+00 2.357330242948178167e+00
1.385902320329011728e+00 2.359651478359912069e+00
1.387010799895204816e+00 2.361973903097205341e+00
1.388119279461397904e+00 2.364297516210023709e+00
1.389227759027590992e+00 2.366622316751125332e+00
1.390336238593784302e+00 2.368948303776051034e+00
1.391444718159977167e+00 2.371275476343104316e+00
1.392553197726170477e+00 2.373603833513342920e+00
1.393661677292363565e+00 2.375933374350560623e+00
1.394770156858556653e+00 2.378264097921273912e+00
1.395878636424749741e+00 2.380596003294709107e+00
1.396987115990942829e+00 2.382929089542786816e+00
1.398095595557136139e+00 2.385263355740110836e+00
1.399204075123329005e+00 2.387598800963950385e+00
1.400312554689522315e+00 2.389935424294230781e+00
1.401421034255715403e+00 2.392273224813516119e+00
1.402529513821908491e+00 2.394612201606999502e+00
1.403637993388101579e+00 2.396952353762487054e+00
1.404746472954294667e+00 2.399293680370385040e+00
1.405854952520487977e+00 2.401636180523689212e+00
1.406963432086680843e+00 2.403979853317967041e+00
1.408071911652874153e+00 2.406324697851351058e+00
1.409180391219067241e+00 2.408670713224518423e+00
1.410288870785260329e+00 2.411017898540686932e+00
1.411397350351453417e+00 2.413366252905594145e+00
1.412505829917646505e+00 2.415715775427490275e+00
1.413614309483839815e+00 2.418066465217124428e+00
1.414722789050032681e+00 2.420418321387728611e+00
1.415831268616225991e+00 2.422771343055013293e+00
1.416939748182419079e+00 2.425125529337145647e+00
1.418048227748612167e+00 2.427480879354745102e+00
1.419156707314805255e+00 2.429837392230866921e+00
1.420265186880998343e+00 2.432195067090993312e+00
1.421373666447191653e+00 2.434553903063018776e+00
1.422482146013384519e+00 2.436913899277238560e+00
1.423590625579577829e+00 2.439275054866341552e+00
1.424699105145770917e+00 2.441637368965389410e+00
1.425807584711964004e+00 2.444000840711814782e+00
1.426916064278157092e+00 2.446365469245404434e+00
1.428024543844350180e+00 2.448731253708288591e+00
1.429133023410543490e+00 2.451098193244931611e+00
1.430241502976736356e+00 2.453466287002115997e+00
1.431349982542929666e+00 2.455835534128938846e+00
1.432458462109122754e+00 2.458205933776792307e+00
1.433566941675315842e+00 2.460577485099358253e+00
1.434675421241508930e+00 2.462950187252597178e+00
1.435783900807702018e+00 2.465324039394733102e+00
1.436892380373895328e+00 2.467699040686248679e+00
1.438000859940088194e+00 2.470075190289867884e+00
1.439109339506281504e+00 2.472452487370552010e+00
1.440217819072474592e+00 2.474830931095483688e+00
1.441326298638667680e+00 2.477210520634060664e+00
1.442434778204860768e+00 2.479591255157882035e+00
1.443543257771053856e+00 2.481973133840738477e+00
1.444651737337247166e+00 2.484356155858605586e+00
1.445760216903440032e+00 2.486740320389627001e+00
1.446868696469633342e+00 2.489125626614112630e+00
1.447977176035826430e+00 2.491512073714518660e+00
1.449085655602019518e+00 2.493899660875447566e+00
1.450194135168212606e+00 2.496288387283629895e+00
1.451302614734405694e+00 2.498678252127920274e+00
1.452411094300599004e+00 2.501069254599285419e+00
1.453519573866791870e+00 2.503461393890791253e+00
1.454628053432985180e+00 2.505854669197600249e+00
1.455736532999178268e+00 2.508249079716954544e+00
1.456845012565371356e+00 2.510644624648170620e+00
1.457953492131564444e+00 2.513041303192629083e+00
1.459061971697757532e+00 2.515439114553764455e+00
1.460170451263950842e+00 2.517838057937057172e+00
1.461278930830143707e+00 2.520238132550021604e+00
1.462387410396337017e+00 2.522639337602200715e+00
1.463495889962530105e+00 2.525041672305151863e+00
1.464604369528723193e+00 2.527445135872442794e+00
1.465712849094916281e+00 2.529849727519639657e+00
1.466821328661109369e+00 2.532255446464298121e+00
1.467929808227302679e+00 2.534662291925956268e+00
1.469038287793495545e+00 2.537070263126120828e+00
1.470146767359688855e+00 2.539479359288265847e+00
1.471255246925881943e+00 2.541889579637817587e+00
1.472363726492075031e+00 2.544300923402148307e+00
1.473472206058268119e+00 2.546713389810567385e+00
1.474580685624461207e+00 2.549126978094312879e+00
1.475689165190654517e+00 2.551541687486543530e+00
1.476797644756847383e+00 2.553957517222325890e+00
1.477906124323040693e+00 2.556374466538635204e+00
1.479014603889233781e+00 2.558792534674335872e+00
1.480123083455426869e+00 2.561211720870180120e+00
1.481231563021619957e+00 2.563632024368799112e+00
1.482340042587813045e+00 2.566053444414691853e+00
1.483448522154006355e+00 2.568475980254221192e+00
1.484557001720199221e+00 2.570899631135599162e+00
1.485665481286392531e+00 2.573324396308887430e+00
1.486773960852585619e+00 2.575750275025981750e+00
1.487882440418778707e+00 2.578177266540606194e+00
1.488990919984971795e+00 2.580605370108309593e+00
1.490099399551164883e+00 2.583034584986451332e+00
1.491207879117358193e+00 2.585464910434196462e+00
1.492316358683551059e+00 2.587896345712506818e+00
1.493424838249744369e+00 2.590328890084136582e+00
1.494533317815937457e+00 2.592762542813619397e+00
1.495641797382130544e+00 2.595197303167264824e+00
1.496750276948323632e+00 2.597633170413149450e+00
1.497858756514516720e+00 2.600070143821107127e+00
1.498967236080710030e+00 2.602508222662726300e+00
1.500075715646902896e+00 2.604947406211336247e+00
1.501184195213096206e+00 2.607387693742007517e+00
1.502292674779289294e+00 2.609829084531535504e+00
1.503401154345482382e+00 2.612271577858440885e+00
1.504509633911675470e+00 2.614715173002958526e+00
1.505618113477868558e+00 2.617159869247029480e+00
1.506726593044061868e+00 2.619605665874296996e+00
1.507835072610254734e+00 2.622052562170094969e+00
1.508943552176448044e+00 2.624500557421447500e+00
1.510052031742641132e+00 2.626949650917054235e+00
1.511160511308834220e+00 2.629399841947287708e+00
1.512268990875027308e+00 2.631851129804185785e+00
1.513377470441220396e+00 2.634303513781443229e+00
1.514485950007413706e+00 2.636756993174409036e+00
1.515594429573606572e+00 2.639211567280071780e+00
1.516702909139799882e+00 2.641667235397061830e+00
1.517811388705992970e+00 2.644123996825637590e+00
1.518919868272186058e+00 2.646581850867681940e+00
1.520028347838379146e+00 2.649040796826695132e+00
1.521136827404572234e+00 2.651500834007787688e+00
1.522245306970765544e+00 2.653961961717675511e+00
1.523353786536958410e+00 2.656424179264667895e+00
1.524462266103151720e+00 2.658887485958670194e+00
1.525570745669344808e+00 2.661351881111167383e+00
1.526679225235537896e+00 2.663817364035224511e+00
1.527787704801730984e+00 2.666283934045477810e+00
1.528896184367924072e+00 2.668751590458128486e+00
1.530004663934117382e+00 2.671220332590935609e+00
1.531113143500310247e+00 2.673690159763209451e+00
1.532221623066503557e+00 2.676161071295809712e+00
1.533330102632696645e+00 2.678633066511132643e+00
1.534438582198889733e+00 2.681106144733108376e+00
1.535547061765082821e+00 2.683580305287195600e+00
1.536655541331275909e+00 2.686055547500374008e+00
1.537764020897469219e+00 2.688531870701136750e+00
1.538872500463662085e+00 2.691009274219485992e+00
1.539980980029855395e+00 2.693487757386931580e+00
1.541089459596048483e+00 2.695967319536472395e+00
1.542197939162241571e+00 2.698447960002603896e+00
1.543306418728434659e+00 2.700929678121304800e+00
1.544414898294627747e+00 2.703412473230034418e+00
1.545523377860821057e+00 2.705896344667722442e+00
1.546631857427013923e+00 2.708381291774766719e+00
1.547740336993207233e+00 2.710867313893029706e+00
1.548848816559400321e+00 2.713354410365826030e+00
1.549957296125593409e+00 2.715842580537922046e+00
1.551065775691786497e+00 2.718331823755527843e+00
1.552174255257979585e+00 2.720822139366294135e+00
1.553282734824172895e+00 2.723313526719301159e+00
1.554391214390365761e+00 2.725805985165058676e+00
1.555499693956559071e+00 2.728299514055500197e+00
1.556608173522752159e+00 2.730794112743971436e+00
1.557716653088945247e+00 2.733289780585232087e+00
1.558825132655138335e+00 2.735786516935445611e+00
1.559933612221331423e+00 2.738284321152176126e+00
1.561042091787524733e+00 2.740783192594382189e+00
1.562150571353717599e+00 2.743283130622409249e+00
1.563259050919910909e+00 2.745784134597990533e+00
1.564367530486103997e+00 2.748286203884234169e+00
1.565476010052297084e+00 2.750789337845621851e+00
1.566584489618490172e+00 2.753293535848004403e+00
1.567692969184683260e+00 2.755798797258594224e+00
1.568801448750876570e+00 2.758305121445960850e+00
1.569909928317069436e+00 2.760812507780026070e+00
1.571018407883262746e+00 2.763320955632059484e+00
1.572126887449455834e+00 2.765830464374670061e+00
1.573235367015648922e+00 2.768341033381806149e+00
1.574343846581842010e+00 2.770852662028746138e+00
1.575452326148035098e+00 2.773365349692095805e+00
1.576560805714228408e+00 2.775879095749781200e+00
1.577669285280421274e+00 2.778393899581045545e+00
1.578777764846614584e+00 2.780909760566445676e+00
1.579886244412807672e+00 2.783426678087841388e+00
1.580994723979000760e+00 2.785944651528395877e+00
1.582103203545193848e+00 2.788463680272570411e+00
1.583211683111386936e+00 2.790983763706115450e+00
1.584320162677580246e+00 2.793504901216071534e+00
1.585428642243773112e+00 2.796027092190758623e+00
1.586537121809966422e+00 2.798550336019776541e+00
1.587645601376159510e+00 2.801074632093996097e+00
1.588754080942352598e+00 2.803599979805557307e+00
1.589862560508545686e+00 2.806126378547863176e+00
1.590971040074738774e+00 2.808653827715574813e+00
1.592079519640932084e+00 2.811182326704608769e+00
1.593187999207124950e+00 2.813711874912127264e+00
1.594296478773318260e+00 2.816242471736542630e+00
1.595404958339511348e+00 2.818774116577502209e+00
1.596513437905704436e+00 2.821306808835892355e+00
1.597621917471897524e+00 2.823840547913828658e+00
1.598730397038090612e+00 2.826375333214653285e+00
1.599838876604283922e+00 2.828911164142932311e+00
1.600947356170476787e+00 2.831448040104445507e+00
1.602055835736670097e+00 2.833985960506190338e+00
1.603164315302863185e+00 2.836524924756369526e+00
1.604272794869056273e+00 2.839064932264391938e+00
1.605381274435249361e+00 2.841605982440864153e+00
1.606489754001442449e+00 2.844148074697591344e+00
1.607598233567635759e+00 2.846691208447567956e+00
1.608706713133828625e+00 2.849235383104974151e+00
1.609815192700021935e+00 2.851780598085177143e+00
1.610923672266215023e+00 2.854326852804716985e+00
1.612032151832408111e+00 2.856874146681311455e+00
1.613140631398601199e+00 2.859422479133847617e+00
1.614249110964794287e+00 2.861971849582376937e+00
1.615357590530987597e+00 2.864522257448114839e+00
1.616466070097180463e+00 2.867073702153430048e+00
1.617574549663373773e+00 2.869626183121850360e+00
1.618683029229566861e+00 2.872179699778046658e+00
1.619791508795759949e+00 2.874734251547839126e+00
1.620899988361953037e+00 2.877289837858186150e+00
1.622008467928146125e+00 2.879846458137185206e+00
1.623116947494339435e+00 2.882404111814065750e+00
1.624225427060532301e+00 2.884962798319185229e+00
1.625333906626725611e+00 2.887522517084028184e+00
1.626442386192918699e+00 2.890083267541196932e+00
1.627550865759111787e+00 2.892645049124413781e+00
1.628659345325304875e+00 2.895207861268512151e+00
1.629767824891497963e+00 2.897771703409436128e+00
1.630876304457691273e+00 2.900336574984233806e+00
1.631984784023884139e+00 2.902902475431053730e+00
1.633093263590077449e+00 2.905469404189144900e+00
1.634201743156270537e+00 2.908037360698847440e+00
1.635310222722463624e+00 2.910606344401592604e+00
1.636418702288656712e+00 2.913176354739897445e+00
1.637527181854849800e+00 2.915747391157360813e+00
1.638635661421043110e+00 2.918319453098662031e+00
1.639744140987235976e+00 2.920892540009551119e+00
1.640852620553429286e+00 2.923466651336854571e+00
1.641961100119622374e+00 2.926041786528462474e+00
1.643069579685815462e+00 2.928617945033328951e+00
1.644178059252008550e+00 2.931195126301469500e+00
1.645286538818201638e+00 2.933773329783956552e+00
1.646395018384394948e+00 2.936352554932913250e+00
1.647503497950587814e+00 2.938932801201512124e+00
1.648611977516781124e+00 2.941514068043974639e+00
1.649720457082974212e+00 2.944096354915559655e+00
1.650828936649167300e+00 2.946679661272567863e+00
1.651937416215360388e+00 2.949263986572332463e+00
1.653045895781553476e+00 2.951849330273219607e+00
1.654154375347746786e+00 2.954435691834623956e+00
1.655262854913939652e+00 2.957023070716961133e+00
1.656371334480132962e+00 2.959611466381673051e+00
1.657479814046326050e+00 2.962200878291214146e+00
1.658588293612519138e+00 2.964791305909055819e+00
1.659696773178712226e+00 2.967382748699678441e+00
1.660805252744905314e+00 2.969975206128571354e+00
1.661913732311098624e+00 2.972568677662226655e+00
1.663022211877291490e+00 2.975163162768136083e+00
1.664130691443484800e+00 2.977758660914790578e+00
1.665239171009677888e+00 2.980355171571672734e+00
1.666347650575870976e+00 2.982952694209257238e+00
1.667456130142064064e+00 2.985551228299004656e+00
1.668564609708257152e+00 2.988150773313360098e+00
1.669673089274450462e+00 2.990751328725749669e+00
1.670781568840643327e+00 2.993352894010574694e+00
1.671890048406836637e+00 2.995955468643214825e+00
1.672998527973029725e+00 2.998559052100016054e+00
1.674107007539222813e+00 3.001163643858293373e+00
1.675215487105415901e+00 3.003769243396327671e+00
1.676323966671608989e+00 3.006375850193360399e+00
1.677432446237802299e+00 3.008983463729590024e+00
1.678540925803995165e+00 3.011592083486169802e+00
1.679649405370188475e+00 3.014201708945208225e+00
1.680757884936381563e+00 3.016812339589757919e+00
1.681866364502574651e+00 3.019423974903818753e+00
1.682974844068767739e+00 3.022036614372334729e+00
1.684083323634960827e+00 3.024650257481187321e+00
1.685191803201154137e+00 3.027264903717195477e+00
1.686300282767347003e+00 3.029880552568109398e+00
1.687408762333540313e+00 3.032497203522612317e+00
1.688517241899733401e+00 3.035114856070312506e+00
1.689625721465926489e+00 3.037733509701743717e+00
1.690734201032119577e+00 3.040353163908360301e+00
1.691842680598312665e+00 3.042973818182534540e+00
1.692951160164505975e+00 3.045595472017556204e+00
1.694059639730698841e+00 3.048218124907623228e+00
1.695168119296892151e+00 3.050841776347847034e+00
1.696276598863085239e+00 3.053466425834243214e+00
1.697385078429278327e+00 3.056092072863731079e+00
1.698493557995471415e+00 3.058718716934131443e+00
1.699602037561664503e+00 3.061346357544163066e+00
1.700710517127857813e+00 3.063974994193437773e+00
1.701818996694050679e+00 3.066604626382460896e+00
1.702927476260243989e+00 3.069235253612627723e+00
1.704035955826437077e+00 3.071866875386216833e+00
1.705144435392630164e+00 3.074499491206393653e+00
1.706252914958823252e+00 3.077133100577202907e+00
1.707361394525016340e+00 3.079767703003566837e+00
1.708469874091209650e+00 3.082403297991284763e+00
1.709578353657402516e+00 3.085039885047024644e+00
1.710686833223595826e+00 3.087677463678328404e+00
1.711795312789788914e+00 3.090316033393601725e+00
1.712903792355982002e+00 3.092955593702115369e+00
1.714012271922175090e+00 3.095596144114002968e+00
1.715120751488368178e+00 3.098237684140254355e+00
1.716229231054561488e+00 3.100880213292717791e+00
1.717337710620754354e+00 3.103523731084091963e+00
1.718446190186947664e+00 3.106168237027930434e+00
1.719554669753140752e+00 3.108813730638630535e+00
1.720663149319333840e+00 3.111460211431437806e+00
1.721771628885526928e+00 3.114107678922438449e+00
1.722880108451720016e+00 3.116756132628560660e+00
1.723988588017913326e+00 3.119405572067570187e+00
1.725097067584106192e+00 3.122055996758065000e+00
1.726205547150299502e+00 3.124707406219478845e+00
1.727314026716492590e+00 3.127359799972073251e+00
1.728422506282685678e+00 3.130013177536936642e+00
1.729530985848878766e+00 3.132667538435983001e+00
1.730639465415071854e+00 3.135322882191948768e+00
1.731747944981265164e+00 3.137979208328389280e+00
1.732856424547458030e+00 3.140636516369675668e+00
1.733964904113651340e+00 3.143294805840996631e+00
1.735073383679844428e+00 3.145954076268349997e+00
1.736181863246037516e+00 3.148614327178544503e+00
1.737290342812230604e+00 3.151275558099196239e+00
1.738398822378423692e+00 3.153937768558724208e+00
1.739507301944617002e+00 3.156600958086352549e+00
1.740615781510809867e+00 3.159265126212101649e+00
1.741724261077003177e+00 3.161930272466792147e+00
1.742832740643196265e+00 3.164596396382037380e+00
1.743941220209389353e+00 3.167263497490244717e+00
1.745049699775582441e+00 3.169931575324609785e+00
1.746158179341775529e+00 3.172600629419118246e+00
1.747266658907968839e+00 3.175270659308538690e+00
1.748375138474161705e+00 3.177941664528423971e+00
1.749483618040355015e+00 3.180613644615108537e+00
1.750592097606548103e+00 3.183286599105701775e+00
1.751700577172741191e+00 3.185960527538091114e+00
1.752809056738934279e+00 3.188635429450938030e+00
1.753917536305127367e+00 3.191311304383674496e+00
1.755026015871320677e+00 3.193988151876500758e+00
1.756134495437513543e+00 3.196665971470384005e+00
1.757242975003706853e+00 3.199344762707057033e+00
1.758351454569899941e+00 3.202024525129012922e+00
1.759459934136093029e+00 3.204705258279505475e+00
1.760568413702286117e+00 3.207386961702545225e+00
1.761676893268479205e+00 3.210069634942898986e+00
1.762785372834672515e+00 3.212753277546087194e+00
1.763893852400865381e+00 3.215437889058377241e+00
1.765002331967058691e+00 3.218123469026791028e+00
1.766110811533251779e+00 3.220810016999091197e+00
1.767219291099444867e+00 3.223497532523788234e+00
1.768327770665637955e+00 3.226186015150132924e+00
1.769436250231831043e+00 3.228875464428116793e+00
1.770544729798024353e+00 3.231565879908468109e+00
1.771653209364217219e+00 3.234257261142650108e+00
1.772761688930410529e+00 3.236949607682861885e+00
1.773870168496603617e+00 3.239642919082030392e+00
1.774978648062796704e+00 3.242337194893813557e+00
1.776087127628989792e+00 3.245032434672595834e+00
1.777195607195182880e+00 3.247728637973486876e+00
1.778304086761376190e+00 3.250425804352317982e+00
1.779412566327569056e+00 3.253123933365640319e+00
1.780521045893762366e+00 3.255823024570726698e+00
1.781629525459955454e+00 3.258523077525562250e+00
1.782738005026148542e+00 3.261224091788849755e+00
1.783846484592341630e+00 3.263926066920002533e+00
1.784954964158534718e+00 3.266629002479143562e+00
1.786063443724728028e+00 3.269332898027105916e+00
1.787171923290920894e+00 3.272037753125425663e+00
1.788280402857114204e+00 3.274743567336347638e+00
1.789388882423307292e+00 3.277450340222813008e+00
1.790497361989500380e+00 3.280158071348467708e+00
1.791605841555693468e+00 3.282866760277652673e+00
1.792714321121886556e+00 3.285576406575405617e+00
1.793822800688079866e+00 3.288287009807459693e+00
1.794931280254272732e+00 3.290998569540237284e+00
1.796039759820466042e+00 3.293711085340854439e+00
1.797148239386659130e+00 3.296424556777110659e+00
1.798256718952852218e+00 3.299138983417496451e+00
1.799365198519045306e+00 3.301854364831182664e+00
1.800473678085238394e+00 3.304570700588024490e+00
1.801582157651431704e+00 3.307287990258557464e+00
1.802690637217624570e+00 3.310006233413993026e+00
1.803799116783817880e+00 3.312725429626221629e+00
1.804907596350010968e+00 3.315445578467808296e+00
1.806016075916204056e+00 3.318166679511988626e+00
1.807124555482397144e+00 3.320888732332670124e+00
1.808233035048590231e+00 3.323611736504429537e+00
1.809341514614783542e+00 3.326335691602510636e+00
1.810449994180976407e+00 3.329060597202819771e+00
1.811558473747169717e+00 3.331786452881931648e+00
1.812666953313362805e+00 3.334513258217076448e+00
1.813775432879555893e+00 3.337241012786148708e+00
1.814883912445748981e+00 3.339969716167696667e+00
1.815992392011942069e+00 3.342699367940927591e+00
1.817100871578135379e+00 3.345429967685700667e+00
1.818209351144328245e+00 3.348161514982527898e+00
1.819317830710521555e+00 3.350894009412573649e+00
1.820426310276714643e+00 3.353627450557646661e+00
1.821534789842907731e+00 3.356361838000205378e+00
1.822643269409100819e+00 3.359097171323353059e+00
1.823751748975293907e+00 3.361833450110836008e+00
1.824860228541487217e+00 3.364570673947040458e+00
1.825968708107680083e+00 3.367308842416993908e+00
1.827077187673873393e+00 3.370047955106362014e+00
1.828185667240066481e+00 3.372788011601445035e+00
1.829294146806259569e+00 3.375529011489178277e+00
1.830402626372452657e+00 3.378270954357129874e+00
1.831511105938645745e+00 3.381013839793498565e+00
1.832619585504839055e+00 3.383757667387113699e+00
1.833728065071031921e+00 3.386502436727428567e+00
1.834836544637225231e+00 3.389248147404526623e+00
1.835945024203418319e+00 3.391994799009111272e+00
1.837053503769611407e+00 3.394742391132511194e+00
1.838161983335804495e+00 3.397490923366674132e+00
1.839270462901997583e+00 3.400240395304167329e+00
1.840378942468190893e+00 3.402990806538175317e+00
1.841487422034383759e+00 3.405742156662496800e+00
1.842595901600577069e+00 3.408494445271548212e+00
1.843704381166770156e+00 3.411247671960353056e+00
1.844812860732963244e+00 3.414001836324548567e+00
1.845921340299156332e+00 3.416756937960381713e+00
1.847029819865349420e+00 3.419512976464703424e+00
1.848138299431542730e+00 3.422269951434974367e+00
1.849246778997735596e+00 3.425027862469254725e+00
1.850355258563928906e+00 3.427786709166212198e+00
1.851463738130121994e+00 3.430546491125110453e+00
1.852572217696315082e+00 3.433307207945814898e+00
1.853680697262508170e+00 3.436068859228788241e+00
1.854789176828701258e+00 3.438831444575089158e+00
1.855897656394894568e+00 3.441594963586370515e+00
1.857006135961087434e+00 3.444359415864877150e+00
1.858114615527280744e+00 3.447124801013447204e+00
1.859223095093473832e+00 3.449891118635506349e+00
1.860331574659666920e+00 3.452658368335069561e+00
1.861440054225860008e+00 3.455426549716738016e+00
1.862548533792053096e+00 3.458195662385696867e+00
1.863657013358246406e+00 3.460965705947717463e+00
1.864765492924439272e+00 3.463736680009148916e+00
1.865873972490632582e+00 3.466508584176923868e+00
1.866982452056825670e+00 3.469281418058553168e+00
1.868090931623018758e+00 3.472055181262123646e+00
1.869199411189211846e+00 3.474829873396299451e+00
1.870307890755404934e+00 3.477605494070317160e+00
1.871416370321598022e+00 3.480382042893988448e+00
1.872524849887791110e+00 3.483159519477692978e+00
1.873633329453984420e+00 3.485937923432385066e+00
1.874741809020177508e+00 3.488717254369581688e+00
1.875850288586370596e+00 3.491497511901369588e+00
1.876958768152563684e+00 3.494278695640400390e+00
1.878067247718756771e+00 3.497060805199888822e+00
1.879175727284949859e+00 3.499843840193613609e+00
1.880284206851142947e+00 3.502627800235912137e+00
1.881392686417336257e+00 3.505412684941683121e+00
1.882501165983529345e+00 3.508198493926380834e+00
1.883609645549722433e+00 3.510985226806019099e+00
1.884718125115915521e+00 3.513772883197163743e+00
1.885826604682108609e+00 3.516561462716936592e+00
1.886935084248301697e+00 3.519350964983009700e+00
1.888043563814494785e+00 3.522141389613607121e+00
1.889152043380688095e+00 3.524932736227503138e+00
1.890260522946881183e+00 3.527725004444016932e+00
1.891369002513074271e+00 3.530518193883017020e+00
1.892477482079267359e+00 3.533312304164915485e+00
1.893585961645460447e+00 3.536107334910667976e+00
1.894694441211653535e+00 3.538903285741774596e+00
1.895802920777846623e+00 3.541700156280273237e+00
1.896911400344039933e+00 3.544497946148744028e+00
1.898019879910233021e+00 3.547296654970303553e+00
1.899128359476426109e+00 3.550096282368604861e+00
1.900236839042619197e+00 3.552896827967838345e+00
1.901345318608812285e+00 3.555698291392726862e+00
1.902453798175005373e+00 3.558500672268526621e+00
1.903562277741198461e+00 3.561303970221024073e+00
1.904670757307391771e+00 3.564108184876537688e+00
1.905779236873584859e+00 3.566913315861912626e+00
1.906887716439777947e+00 3.569719362804521179e+00
1.907996196005971035e+00 3.572526325332263664e+00
1.909104675572164123e+00 3.575334203073563089e+00
1.910213155138357211e+00 3.578142995657366932e+00
1.911321634704550299e+00 3.580952702713144031e+00
1.912430114270743609e+00 3.583763323870884143e+00
1.913538593836936696e+00 3.586574858761095719e+00
1.914647073403129784e+00 3.589387307014805906e+00
1.915755552969322872e+00 3.592200668263559216e+00
1.916864032535515960e+00 3.595014942139413527e+00
1.917972512101709048e+00 3.597830128274942307e+00
1.919080991667902136e+00 3.600646226303233277e+00
1.920189471234095446e+00 3.603463235857883973e+00
1.921297950800288534e+00 3.606281156573001745e+00
1.922406430366481622e+00 3.609099988083202426e+00
1.923514909932674710e+00 3.611919730023613440e+00
1.924623389498867798e+00 3.614740382029864030e+00
1.925731869065060886e+00 3.617561943738092367e+00
1.926840348631253974e+00 3.620384414784938443e+00
1.927948828197447284e+00 3.623207794807546733e+00
1.929057307763640372e+00 3.626032083443559983e+00
1.930165787329833460e+00 3.628857280331124979e+00
1.931274266896026548e+00 3.631683385108884554e+00
1.932382746462219636e+00 3.634510397415981142e+00
1.933491226028412724e+00 3.637338316892053669e+00
1.934599705594605812e+00 3.640167143177235332e+00
1.935708185160799122e+00 3.642996875912154486e+00
1.936816664726992210e+00 3.645827514737931541e+00
1.937925144293185298e+00 3.648659059296178953e+00
1.939033623859378386e+00 3.651491509228999455e+00
1.940142103425571474e+00 3.654324864178984722e+00
1.941250582991764562e+00 3.657159123789216704e+00
1.942359062557957650e+00 3.659994287703260518e+00
1.943467542124150960e+00 3.662830355565171114e+00
1.944576021690344048e+00 3.665667327019483945e+00
1.945684501256537136e+00 3.668505201711219854e+00
1.946792980822730224e+00 3.671343979285882408e+00
1.947901460388923311e+00 3.674183659389455681e+00
1.949009939955116399e+00 3.677024241668402027e+00
1.950118419521309487e+00 3.679865725769664309e+00
1.951226899087502797e+00 3.682708111340663226e+00
1.952335378653695885e+00 3.685551398029292436e+00
1.953443858219888973e+00 3.688395585483925210e+00
1.954552337786082061e+00 3.691240673353405111e+00
1.955660817352275149e+00 3.694086661287051321e+00
1.956769296918468237e+00 3.696933548934654201e+00
1.957877776484661325e+00 3.699781335946472183e+00
1.958986256050854635e+00 3.702630021973237096e+00
1.960094735617047723e+00 3.705479606666146619e+00
1.961203215183240811e+00 3.708330089676864727e+00
1.962311694749433899e+00 3.711181470657524795e+00
1.963420174315626987e+00 3.714033749260723383e+00
1.964528653881820075e+00 3.716886925139518905e+00
1.965637133448013163e+00 3.719740997947436068e+00
1.966745613014206473e+00 3.722595967338460543e+00
1.967854092580399561e+00 3.725451832967035415e+00
1.968962572146592649e+00 3.728308594488066507e+00
1.970071051712785737e+00 3.731166251556916169e+00
1.971179531278978825e+00 3.734024803829405936e+00
1.972288010845171913e+00 3.736884250961811649e+00
1.973396490411365001e+00 3.739744592610865670e+00
1.974504969977558311e+00 3.742605828433753778e+00
1.975613449543751399e+00 3.745467958088113392e+00
1.976721929109944487e+00 3.748330981232035342e+00
1.977830408676137575e+00 3.751194897524061211e+00
1.978938888242330663e+00 3.754059706623182002e+00
1.980047367808523751e+00 3.756925408188838134e+00
1.981155847374716839e+00 3.759792001880915002e+00
1.982264326940910149e+00 3.762659487359748756e+00
1.983372806507103236e+00 3.765527864286117410e+00
1.984481286073296324e+00 3.768397132321245291e+00
1.985589765639489412e+00 3.771267291126799481e+00
1.986698245205682500e+00 3.774138340364889377e+00
1.987806724771875588e+00 3.777010279698066242e+00
1.988915204338068676e+00 3.779883108789321877e+00
1.990023683904261986e+00 3.782756827302087288e+00
1.991132163470455074e+00 3.785631434900230019e+00
1.992240643036648162e+00 3.788506931248056819e+00
1.993349122602841250e+00 3.791383316010310089e+00
1.994457602169034338e+00 3.794260588852167881e+00
1.995566081735227426e+00 3.797138749439240790e+00
1.996674561301420514e+00 3.800017797437575506e+00
1.997783040867613824e+00 3.802897732513648155e+00
1.998891520433806912e+00 3.805778554334366959e+00
2.000000000000000000e+00 3.808660262567070465e+00
