x	y
1.021006350757205583e+00 9.700580426587348537e-01
1.021983390327308339e+00 9.660513915066215596e-01
1.022960429897410872e+00 9.616075406019923832e-01
1.023937469467513406e+00 9.567309693518064595e-01
1.024914509037615939e+00 9.514290383392838280e-01
1.025891548607718473e+00 9.457120623342130106e-01
1.026868588177821229e+00 9.395933136215531833e-01
1.027845627747923762e+00 9.330889491671828795e-01
1.028822667318026296e+00 9.262178590359877450e-01
1.029799706888129052e+00 9.190014379774230635e-01
1.030776746458231585e+00 9.114632867791706561e-01
1.031753786028334119e+00 9.036288543777032389e-01
1.032730825598436653e+00 8.955250353313130018e-01
1.033707865168539186e+00 8.871797397183992517e-01
1.034684904738641942e+00 8.786214535840571882e-01
1.035661944308744475e+00 8.698788076688241944e-01
1.036638983878847009e+00 8.609801704474112638e-01
1.037616023448949765e+00 8.519532787653006922e-01
1.038593063019052298e+00 8.428249159621977737e-01
1.039570102589154832e+00 8.336206437147529735e-01
1.040547142159257366e+00 8.243645902835239347e-01
1.041524181729359899e+00 8.150792946995758514e-01
1.042501221299462655e+00 8.057856038639533702e-01
1.043478260869565188e+00 7.965026176463130270e-01
1.044455300439667722e+00 7.872476758577957590e-01
1.045432340009770478e+00 7.780363803736644046e-01
1.046409379579873011e+00 7.688826455891281109e-01
1.047386419149975545e+00 7.597987706862725510e-01
1.048363458720078079e+00 7.507955277510800496e-01
1.049340498290180612e+00 7.418822604995495285e-01
1.050317537860283368e+00 7.330669891629671975e-01
1.051294577430385901e+00 7.243565178772675139e-01
1.052271617000488435e+00 7.157565416735146568e-01
1.053248656570591191e+00 7.072717508466008773e-01
1.054225696140693724e+00 6.989059310719987206e-01
1.055202735710796258e+00 6.906620581411099247e-01
1.056179775280898792e+00 6.825423865968750503e-01
1.057156814851001325e+00 6.745485318796498042e-01
1.058133854421104081e+00 6.666815458485584323e-01
1.059110893991206614e+00 6.589419857358714827e-01
1.060087933561309148e+00 6.513299767318687650e-01
1.061064973131411904e+00 6.438452684948794413e-01
1.062042012701514437e+00 6.364872859443281294e-01
1.063019052271616971e+00 6.292551747312534749e-01
1.063996091841719505e+00 6.221478417972940989e-01
1.064973131411822038e+00 6.151639914345431448e-01
1.065950170981924794e+00 6.083021572494733409e-01
1.066927210552027327e+00 6.015607304173909986e-01
1.067904250122129861e+00 5.949379845923156163e-01
1.068881289692232617e+00 5.884320978128237956e-01
1.069858329262335150e+00 5.820411717185587364e-01
1.070835368832437684e+00 5.757632483660086731e-01
1.071812408402540218e+00 5.695963249066023915e-01
1.072789447972642751e+00 5.635383663654833786e-01
1.073766487542745507e+00 5.575873167360848592e-01
1.074743527112848041e+00 5.517411085838944684e-01
1.075720566682950574e+00 5.459976713326807340e-01
1.076697606253053330e+00 5.403549383880593693e-01
1.077674645823155863e+00 5.348108532364835854e-01
1.078651685393258397e+00 5.293633746424957209e-01
1.079628724963360931e+00 5.240104810534199631e-01
1.080605764533463464e+00 5.187501743082847394e-01
1.081582804103566220e+00 5.135804827367397296e-01
1.082559843673668754e+00 5.084994637238704485e-01
1.083536883243771287e+00 5.035052058079729775e-01
1.084513922813874043e+00 4.985958303705649297e-01
1.085490962383976576e+00 4.937694929709198766e-01
1.086468001954079110e+00 4.890243843712231975e-01
1.087445041524181644e+00 4.843587312930297539e-01
1.088422081094284177e+00 4.797707969407931095e-01
1.089399120664386933e+00 4.752588813239898569e-01
1.090376160234489467e+00 4.708213214055663176e-01
1.091353199804592000e+00 4.664564911010583015e-01
1.092330239374694756e+00 4.621628011498253308e-01
1.093307278944797289e+00 4.579386988771873002e-01
1.094284318514899823e+00 4.537826678639583777e-01
1.095261358085002357e+00 4.496932275378556776e-01
1.096238397655104890e+00 4.456689326994480727e-01
1.097215437225207646e+00 4.417083729937383851e-01
1.098192476795310180e+00 4.378101723370808052e-01
1.099169516365412713e+00 4.339729883078901618e-01
1.100146555935515469e+00 4.301955115085473458e-01
1.101123595505618002e+00 4.264764649049253009e-01
1.102100635075720536e+00 4.228146031491238355e-01
1.103077674645823070e+00 4.192087118902759757e-01
1.104054714215925603e+00 4.156576070776241694e-01
1.105031753786028359e+00 4.121601342594935491e-01
1.106008793356130893e+00 4.087151678812956379e-01
1.106985832926233426e+00 4.053216105852261442e-01
1.107962872496336182e+00 4.019783925139720493e-01
1.108939912066438715e+00 3.986844706203639954e-01
1.109916951636541249e+00 3.954388279846209331e-01
1.110893991206643783e+00 3.922404731405824130e-01
1.111871030776746316e+00 3.890884394120778245e-01
1.112848070346849072e+00 3.859817842603827098e-01
1.113825109916951606e+00 3.829195886435471374e-01
1.114802149487054139e+00 3.799009563881980966e-01
1.115779189057156895e+00 3.769250135743235641e-01
1.116756228627259429e+00 3.739909079333958997e-01
1.117733268197361962e+00 3.710978082600921990e-01
1.118710307767464496e+00 3.682449038378078354e-01
1.119687347337567029e+00 3.654314038780493989e-01
1.120664386907669785e+00 3.626565369737477229e-01
1.121641426477772319e+00 3.599195505664684602e-01
1.122618466047874852e+00 3.572197104274443813e-01
1.123595505617977608e+00 3.545563001523275859e-01
1.124572545188080142e+00 3.519286206695027563e-01
1.125549584758182675e+00 3.493359897617888121e-01
1.126526624328285209e+00 3.467777416013303471e-01
1.127503663898387742e+00 3.442532262974483670e-01
1.128480703468490498e+00 3.417618094572180687e-01
1.129457743038593032e+00 3.393028717585201415e-01
1.130434782608695565e+00 3.368758085352921428e-01
1.131411822178798321e+00 3.344800293747245967e-01
1.132388861748900855e+00 3.321149577261138797e-01
1.133365901319003388e+00 3.297800305210878968e-01
1.134342940889105922e+00 3.274746978049308810e-01
1.135319980459208455e+00 3.251984223787137140e-01
1.136297020029311211e+00 3.229506794519496071e-01
1.137274059599413745e+00 3.207309563054892565e-01
1.138251099169516278e+00 3.185387519643754217e-01
1.139228138739619034e+00 3.163735768803791482e-01
1.140205178309721568e+00 3.142349526239446300e-01
1.141182217879824101e+00 3.121224115852664904e-01
1.142159257449926635e+00 3.100354966842405746e-01
1.143136297020029168e+00 3.079737610890238564e-01
1.144113336590131924e+00 3.059367679429483844e-01
1.145090376160234458e+00 3.039240900995393568e-01
1.146067415730336991e+00 3.019353098653912437e-01
1.147044455300439747e+00 2.999700187506673665e-01
1.148021494870542281e+00 2.980278172269871795e-01
1.148998534440644814e+00 2.961083144924727684e-01
1.149975574010747348e+00 2.942111282437385733e-01
1.150952613580849881e+00 2.923358844546058988e-01
1.151929653150952637e+00 2.904822171613341553e-01
1.152906692721055171e+00 2.886497682541685483e-01
1.153883732291157704e+00 2.868381872749987127e-01
1.154860771861260460e+00 2.850471312209497121e-01
1.155837811431362994e+00 2.832762643537092284e-01
1.156814851001465527e+00 2.815252580144139150e-01
1.157791890571568061e+00 2.797937904439227741e-01
1.158768930141670594e+00 2.780815466083051413e-01
1.159745969711773350e+00 2.763882180293815716e-01
1.160723009281875884e+00 2.747135026201570907e-01
1.161700048851978417e+00 2.730571045249925999e-01
1.162677088422081173e+00 2.714187339643676644e-01
1.163654127992183707e+00 2.697981070840904105e-01
1.164631167562286240e+00 2.681949458088102589e-01
1.165608207132388774e+00 2.666089776997049854e-01
1.166585246702491308e+00 2.650399358162068841e-01
1.167562286272594063e+00 2.634875585816437993e-01
1.168539325842696597e+00 2.619515896526706800e-01
1.169516365412799130e+00 2.604317777923756405e-01
1.170493404982901886e+00 2.589278767469423426e-01
1.171470444553004420e+00 2.574396451257655594e-01
1.172447484123106953e+00 2.559668462849006287e-01
1.173424523693209487e+00 2.545092482137563117e-01
1.174401563263312021e+00 2.530666234249217550e-01
1.175378602833414776e+00 2.516387488470338551e-01
1.176355642403517310e+00 2.502254057205934856e-01
1.177332681973619843e+00 2.488263794966336095e-01
1.178309721543722599e+00 2.474414597381600911e-01
1.179286761113825133e+00 2.460704400242740286e-01
1.180263800683927666e+00 2.447131178568953125e-01
1.181240840254030200e+00 2.433692945700100807e-01
1.182217879824132734e+00 2.420387752413633575e-01
1.183194919394235489e+00 2.407213686065237668e-01
1.184171958964338023e+00 2.394168869752484052e-01
1.185148998534440556e+00 2.381251461500778210e-01
1.186126038104543312e+00 2.368459653470948723e-01
1.187103077674645846e+00 2.355791671187845993e-01
1.188080117244748379e+00 2.343245772789261661e-01
1.189057156814850913e+00 2.330820248294645791e-01
1.190034196384953447e+00 2.318513418892958755e-01
1.191011235955056202e+00 2.306323636249141273e-01
1.191988275525158736e+00 2.294249281828637521e-01
1.192965315095261269e+00 2.282288766239417843e-01
1.193942354665364025e+00 2.270440528591013141e-01
1.194919394235466559e+00 2.258703035870080755e-01
1.195896433805569092e+00 2.247074782331943688e-01
1.196873473375671626e+00 2.235554288907738718e-01
1.197850512945774160e+00 2.224140102626636362e-01
1.198827552515876915e+00 2.212830796052744353e-01
1.199804592085979449e+00 2.201624966736264455e-01
1.200781631656081982e+00 2.190521236678465711e-01
1.201758671226184738e+00 2.179518251810109997e-01
1.202735710796287272e+00 2.168614681482947948e-01
1.203712750366389805e+00 2.157809217973863103e-01
1.204689789936492339e+00 2.147100576001381156e-01
1.205666829506594873e+00 2.136487492254122711e-01
1.206643869076697628e+00 2.125968724930913101e-01
1.207620908646800162e+00 2.115543053292202880e-01
1.208597948216902696e+00 2.105209277222464259e-01
1.209574987787005451e+00 2.094966216803287873e-01
1.210552027357107985e+00 2.084812711896878723e-01
1.211529066927210518e+00 2.074747621739621573e-01
1.212506106497313052e+00 2.064769824545500954e-01
1.213483146067415586e+00 2.054878217119046058e-01
1.214460185637518341e+00 2.045071714477581792e-01
1.215437225207620875e+00 2.035349249482498735e-01
1.216414264777723409e+00 2.025709772479317716e-01
1.217391304347826164e+00 2.016152250946294799e-01
1.218368343917928698e+00 2.006675669151355146e-01
1.219345383488031231e+00 1.997279027817096819e-01
1.220322423058133765e+00 1.987961343793681890e-01
1.221299462628236299e+00 1.978721649739383082e-01
1.222276502198339054e+00 1.969558993808586678e-01
1.223253541768441588e+00 1.960472439347054896e-01
1.224230581338544122e+00 1.951461064594236516e-01
1.225207620908646877e+00 1.942523962392473103e-01
1.226184660478749411e+00 1.933660239902892652e-01
1.227161700048851944e+00 1.924869018327806658e-01
1.228138739618954478e+00 1.916149432639474293e-01
1.229115779189057012e+00 1.907500631315035278e-01
1.230092818759159767e+00 1.898921776077458212e-01
1.231069858329262301e+00 1.890412041642368646e-01
1.232046897899364835e+00 1.881970615470557606e-01
1.233023937469467590e+00 1.873596697526078436e-01
1.234000977039570124e+00 1.865289500039758741e-01
1.234978016609672657e+00 1.857048247277976183e-01
1.235955056179775191e+00 1.848872175316594868e-01
1.236932095749877725e+00 1.840760531819910228e-01
1.237909135319980480e+00 1.832712575824477774e-01
1.238886174890083014e+00 1.824727577527711364e-01
1.239863214460185548e+00 1.816804818081103889e-01
1.240840254030288303e+00 1.808943589387997652e-01
1.241817293600390837e+00 1.801143193905751783e-01
1.242794333170493370e+00 1.793402944452202608e-01
1.243771372740595904e+00 1.785722164016338154e-01
1.244748412310698438e+00 1.778100185573041059e-01
1.245725451880801193e+00 1.770536351901828842e-01
1.246702491450903727e+00 1.763030015409488560e-01
1.247679531021006261e+00 1.755580537956484000e-01
1.248656570591109016e+00 1.748187290687084894e-01
1.249633610161211550e+00 1.740849653863097701e-01
1.250610649731314084e+00 1.733567016701106078e-01
1.251587689301416617e+00 1.726338777213164977e-01
1.252564728871519151e+00 1.719164342050832350e-01
1.253541768441621906e+00 1.712043126352480737e-01
1.254518808011724440e+00 1.704974553593799902e-01
1.255495847581826974e+00 1.697958055441401992e-01
1.256472887151929729e+00 1.690993071609487031e-01
1.257449926722032263e+00 1.684079049719465759e-01
1.258426966292134797e+00 1.677215445162474616e-01
1.259404005862237330e+00 1.670401720964731773e-01
1.260381045432339864e+00 1.663637347655643750e-01
1.261358085002442619e+00 1.656921803138616256e-01
1.262335124572545153e+00 1.650254572564496536e-01
1.263312164142647687e+00 1.643635148207576169e-01
1.264289203712750442e+00 1.637063029344121567e-01
1.265266243282852976e+00 1.630537722133349743e-01
1.266243282852955510e+00 1.624058739500793824e-01
1.267220322423058043e+00 1.617625601024015314e-01
1.268197361993160577e+00 1.611237832820604787e-01
1.269174401563263332e+00 1.604894967438404985e-01
1.270151441133365866e+00 1.598596543747932142e-01
1.271128480703468400e+00 1.592342106836912852e-01
1.272105520273571155e+00 1.586131207906910368e-01
1.273082559843673689e+00 1.579963404171998154e-01
1.274059599413776223e+00 1.573838258759403530e-01
1.275036638983878756e+00 1.567755340612109749e-01
1.276013678553981290e+00 1.561714224393355166e-01
1.276990718124084045e+00 1.555714490392989813e-01
1.277967757694186579e+00 1.549755724435654958e-01
1.278944797264289113e+00 1.543837517790722924e-01
1.279921836834391868e+00 1.537959467083989673e-01
1.280898876404494402e+00 1.532121174211062697e-01
1.281875915974596936e+00 1.526322246252397874e-01
1.282852955544699469e+00 1.520562295389968899e-01
1.283829995114802003e+00 1.514840938825528227e-01
1.284807034684904758e+00 1.509157798700406228e-01
1.285784074255007292e+00 1.503512502016849939e-01
1.286761113825109826e+00 1.497904680560825930e-01
1.287738153395212581e+00 1.492333970826288658e-01
1.288715192965315115e+00 1.486800013940875742e-01
1.289692232535417649e+00 1.481302455592976297e-01
1.290669272105520182e+00 1.475840945960177619e-01
1.291646311675622716e+00 1.470415139639034141e-01
1.292623351245725472e+00 1.465024695576143399e-01
1.293600390815828005e+00 1.459669277000497090e-01
1.294577430385930539e+00 1.454348551357076413e-01
1.295554469956033294e+00 1.449062190241669212e-01
1.296531509526135828e+00 1.443809869336893370e-01
1.297508549096238362e+00 1.438591268349372621e-01
1.298485588666340895e+00 1.433406070948071986e-01
1.299462628236443429e+00 1.428253964703747048e-01
1.300439667806546185e+00 1.423134641029496217e-01
1.301416707376648718e+00 1.418047795122385490e-01
1.302393746946751252e+00 1.412993125906123193e-01
1.303370786516854007e+00 1.407970335974768339e-01
1.304347826086956541e+00 1.402979131537450408e-01
1.305324865657059075e+00 1.398019222364070835e-01
1.306301905227161608e+00 1.393090321731978720e-01
1.307278944797264142e+00 1.388192146373589397e-01
1.308255984367366898e+00 1.383324416424937253e-01
1.309233023937469431e+00 1.378486855375135323e-01
1.310210063507571965e+00 1.373679190016721119e-01
1.311187103077674720e+00 1.368901150396880928e-01
1.312164142647777254e+00 1.364152469769534803e-01
1.313141182217879788e+00 1.359432884548241183e-01
1.314118221787982321e+00 1.354742134259943886e-01
1.315095261358084855e+00 1.350079961499505987e-01
1.316072300928187611e+00 1.345446111885043594e-01
1.317049340498290144e+00 1.340840334014029300e-01
1.318026380068392678e+00 1.336262379420144197e-01
1.319003419638495433e+00 1.331712002530883732e-01
1.319980459208597967e+00 1.327188960625887981e-01
1.320957498778700501e+00 1.322693013795976369e-01
1.321934538348803034e+00 1.318223924902889865e-01
1.322911577918905568e+00 1.313781459539717922e-01
1.323888617489008324e+00 1.309365385991987651e-01
1.324865657059110857e+00 1.304975475199429968e-01
1.325842696629213391e+00 1.300611500718364399e-01
1.326819736199316146e+00 1.296273238684742257e-01
1.327796775769418680e+00 1.291960467777796828e-01
1.328773815339521214e+00 1.287672969184302518e-01
1.329750854909623747e+00 1.283410526563437404e-01
1.330727894479726281e+00 1.279172926012220324e-01
1.331704934049829037e+00 1.274959956031535002e-01
1.332681973619931570e+00 1.270771407492709004e-01
1.333659013190034104e+00 1.266607073604642253e-01
1.334636052760136860e+00 1.262466749881484829e-01
1.335613092330239393e+00 1.258350234110842125e-01
1.336590131900341927e+00 1.254257326322500699e-01
1.337567171470444460e+00 1.250187828757665376e-01
1.338544211040546994e+00 1.246141545838699988e-01
1.339521250610649750e+00 1.242118284139359929e-01
1.340498290180752283e+00 1.238117852355507115e-01
1.341475329750854817e+00 1.234140061276296635e-01
1.342452369320957573e+00 1.230184723755829990e-01
1.343429408891060106e+00 1.226251654685271142e-01
1.344406448461162640e+00 1.222340670965396253e-01
1.345383488031265173e+00 1.218451591479596391e-01
1.346360527601367707e+00 1.214584237067305034e-01
1.347337567171470463e+00 1.210738430497849821e-01
1.348314606741572996e+00 1.206913996444722997e-01
1.349291646311675530e+00 1.203110761460252781e-01
1.350268685881778286e+00 1.199328553950682885e-01
1.351245725451880819e+00 1.195567204151643942e-01
1.352222765021983353e+00 1.191826544104003099e-01
1.353199804592085886e+00 1.188106407630104694e-01
1.354176844162188420e+00 1.184406630310373687e-01
1.355153883732291176e+00 1.180727049460287420e-01
1.356130923302393709e+00 1.177067504107709855e-01
1.357107962872496243e+00 1.173427834970570127e-01
1.358085002442598999e+00 1.169807884434892753e-01
1.359062042012701532e+00 1.166207496533171462e-01
1.360039081582804066e+00 1.162626516923063735e-01
1.361016121152906599e+00 1.159064792866425359e-01
1.361993160723009133e+00 1.155522173208663184e-01
1.362970200293111889e+00 1.151998508358400702e-01
1.363947239863214422e+00 1.148493650267460447e-01
1.364924279433316956e+00 1.145007452411143933e-01
1.365901319003419712e+00 1.141539769768816770e-01
1.366878358573522245e+00 1.138090458804789651e-01
1.367855398143624779e+00 1.134659377449480366e-01
1.368832437713727312e+00 1.131246385080869055e-01
1.369809477283829846e+00 1.127851342506227539e-01
1.370786516853932602e+00 1.124474111944124971e-01
1.371763556424035135e+00 1.121114557006702844e-01
1.372740595994137669e+00 1.117772542682213266e-01
1.373717635564240425e+00 1.114447935317819938e-01
1.374694675134342958e+00 1.111140602602654903e-01
1.375671714704445492e+00 1.107850413551123708e-01
1.376648754274548025e+00 1.104577238486461194e-01
1.377625793844650559e+00 1.101320949024528761e-01
1.378602833414753315e+00 1.098081418057848674e-01
1.379579872984855848e+00 1.094858519739879410e-01
1.380556912554958382e+00 1.091652129469511123e-01
1.381533952125061138e+00 1.088462123875797299e-01
1.382510991695163671e+00 1.085288380802906655e-01
1.383488031265266205e+00 1.082130779295289447e-01
1.384465070835368738e+00 1.078989199583067077e-01
1.385442110405471272e+00 1.075863523067627919e-01
1.386419149975574028e+00 1.072753632307431454e-01
1.387396189545676561e+00 1.069659411004024452e-01
1.388373229115779095e+00 1.066580743988245344e-01
1.389350268685881851e+00 1.063517517206638979e-01
1.390327308255984384e+00 1.060469617708062751e-01
1.391304347826086918e+00 1.057436933630476611e-01
1.392281387396189452e+00 1.054419354187933339e-01
1.393258426966291985e+00 1.051416769657745887e-01
1.394235466536394741e+00 1.048429071367838333e-01
1.395212506106497274e+00 1.045456151684280161e-01
1.396189545676599808e+00 1.042497903998990255e-01
1.397166585246702564e+00 1.039554222717617021e-01
1.398143624816805097e+00 1.036625003247595156e-01
1.399120664386907631e+00 1.033710141986356051e-01
1.400097703957010165e+00 1.030809536309718472e-01
1.401074743527112698e+00 1.027923084560431188e-01
1.402051783097215454e+00 1.025050686036879793e-01
1.403028822667317987e+00 1.022192240981950884e-01
1.404005862237420521e+00 1.019347650572046959e-01
1.404982901807523277e+00 1.016516816906257448e-01
1.405959941377625810e+00 1.013699642995680300e-01
1.406936980947728344e+00 1.010896032752883755e-01
1.407914020517830878e+00 1.008105890981521452e-01
1.408891060087933411e+00 1.005329123366085764e-01
1.409868099658036167e+00 1.002565636461801024e-01
1.410845139228138700e+00 9.998153376846594109e-02
1.411822178798241234e+00 9.970781353015846504e-02
1.412799218368343990e+00 9.943539384207367160e-02
1.413776257938446523e+00 9.916426569819479508e-02
1.414753297508549057e+00 9.889442017472825641e-02
1.415730337078651591e+00 9.862584842917289374e-02
1.416707376648754124e+00 9.835854169940182190e-02
1.417684416218856880e+00 9.809249130275615736e-02
1.418661455788959413e+00 9.782768863515160784e-02
1.419638495359061947e+00 9.756412517019615038e-02
1.420615534929164703e+00 9.730179245832029644e-02
1.421592574499267236e+00 9.704068212591877851e-02
1.422569614069369770e+00 9.678078587450311687e-02
1.423546653639472304e+00 9.652209547986631555e-02
1.424523693209574837e+00 9.626460279125789721e-02
1.425500732779677593e+00 9.600829973057030398e-02
1.426477772349780127e+00 9.575317829153585925e-02
1.427454811919882660e+00 9.549923053893437375e-02
1.428431851489985416e+00 9.524644860781081301e-02
1.429408891060087949e+00 9.499482470270419199e-02
1.430385930630190483e+00 9.474435109688507384e-02
1.431362970200293017e+00 9.449502013160464287e-02
1.432340009770395550e+00 9.424682421535217347e-02
1.433317049340498306e+00 9.399975582312329603e-02
1.434294088910600840e+00 9.375380749569682537e-02
1.435271128480703373e+00 9.350897183892153963e-02
1.436248168050806129e+00 9.326524152301199355e-02
1.437225207620908662e+00 9.302260928185350497e-02
1.438202247191011196e+00 9.278106791231588435e-02
1.439179286761113730e+00 9.254061027357611546e-02
1.440156326331216263e+00 9.230122928644970970e-02
1.441133365901319019e+00 9.206291793273072011e-02
1.442110405471421553e+00 9.182566925454006823e-02
1.443087445041524086e+00 9.158947635368193396e-02
1.444064484611626842e+00 9.135433239100877734e-02
1.445041524181729375e+00 9.112023058579436785e-02
1.446018563751831909e+00 9.088716421511415511e-02
1.446995603321934443e+00 9.065512661323422983e-02
1.447972642892036976e+00 9.042411117100766782e-02
1.448949682462139732e+00 9.019411133527827085e-02
1.449926722032242266e+00 8.996512060829223167e-02
1.450903761602344799e+00 8.973713254711679355e-02
1.451880801172447555e+00 8.951014076306622325e-02
1.452857840742550088e+00 8.928413892113537531e-02
1.453834880312652622e+00 8.905912073943958451e-02
1.454811919882755156e+00 8.883507998866227440e-02
1.455788959452857689e+00 8.861201049150882469e-02
1.456765999022960445e+00 8.838990612216750253e-02
1.457743038593062979e+00 8.816876080577720765e-02
1.458720078163165512e+00 8.794856851790115726e-02
1.459697117733268268e+00 8.772932328400777358e-02
1.460674157303370801e+00 8.751101917895767746e-02
1.461651196873473335e+00 8.729365032649659406e-02
1.462628236443575869e+00 8.707721089875519738e-02
1.463605276013678402e+00 8.686169511575433932e-02
1.464582315583781158e+00 8.664709724491674592e-02
1.465559355153883692e+00 8.643341160058473638e-02
1.466536394723986225e+00 8.622063254354328521e-02
1.467513434294088981e+00 8.600875448054927375e-02
1.468490473864191515e+00 8.579777186386652876e-02
1.469467513434294048e+00 8.558767919080602360e-02
1.470444553004396582e+00 8.537847100327185246e-02
1.471421592574499115e+00 8.517014188731301949e-02
1.472398632144601871e+00 8.496268647267982144e-02
1.473375671714704405e+00 8.475609943238643362e-02
1.474352711284806938e+00 8.455037548227789523e-02
1.475329750854909694e+00 8.434550938060278447e-02
1.476306790425012228e+00 8.414149592759101459e-02
1.477283829995114761e+00 8.393832996503609867e-02
1.478260869565217295e+00 8.373600637588307638e-02
1.479237909135319828e+00 8.353452008382078464e-02
1.480214948705422584e+00 8.333386605287915194e-02
1.481191988275525118e+00 8.313403928703147483e-02
1.482169027845627651e+00 8.293503482980069119e-02
1.483146067415730407e+00 8.273684776387103812e-02
1.484123106985832941e+00 8.253947321070402576e-02
1.485100146555935474e+00 8.234290633015831085e-02
1.486077186126038008e+00 8.214714232011510742e-02
1.487054225696140541e+00 8.195217641610702541e-02
1.488031265266243297e+00 8.175800389095162768e-02
1.489008304836345831e+00 8.156462005438938623e-02
1.489985344406448364e+00 8.137202025272527450e-02
1.490962383976551120e+00 8.118019986847517522e-02
1.491939423546653654e+00 8.098915432001606296e-02
1.492916463116756187e+00 8.079887906123990604e-02
1.493893502686858721e+00 8.060936958121228679e-02
1.494870542256961254e+00 8.042062140383414437e-02
1.495847581827064010e+00 8.023263008750804171e-02
1.496824621397166544e+00 8.004539122480794355e-02
1.497801660967269077e+00 7.985890044215256112e-02
1.498778700537371833e+00 7.967315339948295716e-02
1.499755740107474367e+00 7.948814578994339852e-02
1.500732779677576900e+00 7.930387333956588625e-02
1.501709819247679434e+00 7.912033180695846046e-02
1.502686858817781967e+00 7.893751698299675268e-02
1.503663898387884723e+00 7.875542469051931282e-02
1.504640937957987257e+00 7.857405078402622534e-02
1.505617977528089790e+00 7.839339114938093100e-02
1.506595017098192546e+00 7.821344170351580971e-02
1.507572056668295080e+00 7.803419839414073300e-02
1.508549096238397613e+00 7.785565719945494734e-02
1.509526135808500147e+00 7.767781412786232964e-02
1.510503175378602680e+00 7.750066521768955718e-02
1.511480214948705436e+00 7.732420653690762202e-02
1.512457254518807970e+00 7.714843418285649568e-02
1.513434294088910503e+00 7.697334428197250000e-02
1.514411333659013259e+00 7.679893298951905034e-02
1.515388373229115793e+00 7.662519648932031302e-02
1.516365412799218326e+00 7.645213099349751351e-02
1.517342452369320860e+00 7.627973274220861688e-02
1.518319491939423393e+00 7.610799800339033971e-02
1.519296531509526149e+00 7.593692307250360374e-02
1.520273571079628683e+00 7.576650427228125151e-02
1.521250610649731216e+00 7.559673795247856543e-02
1.522227650219833972e+00 7.542762048962699251e-02
1.523204689789936506e+00 7.525914828679006185e-02
1.524181729360039039e+00 7.509131777332192503e-02
1.525158768930141573e+00 7.492412540462900505e-02
1.526135808500244107e+00 7.475756766193374092e-02
1.527112848070346862e+00 7.459164105204109385e-02
1.528089887640449396e+00 7.442634210710767639e-02
1.529066927210551929e+00 7.426166738441306037e-02
1.530043966780654685e+00 7.409761346613377708e-02
1.531021006350757219e+00 7.393417695911987109e-02
1.531998045920859752e+00 7.377135449467343842e-02
1.532975085490962286e+00 7.360914272832987104e-02
1.533952125061064820e+00 7.344753833964141887e-02
1.534929164631167575e+00 7.328653803196277794e-02
1.535906204201270109e+00 7.312613853223942639e-02
1.536883243771372642e+00 7.296633659079779233e-02
1.537860283341475398e+00 7.280712898113773923e-02
1.538837322911577932e+00 7.264851249972750780e-02
1.539814362481680465e+00 7.249048396580044795e-02
1.540791402051782999e+00 7.233304022115422116e-02
1.541768441621885533e+00 7.217617812995186233e-02
1.542745481191988288e+00 7.201989457852511767e-02
1.543722520762090822e+00 7.186418647517985037e-02
1.544699560332193355e+00 7.170905075000322260e-02
1.545676599902296111e+00 7.155448435467320900e-02
1.546653639472398645e+00 7.140048426227009470e-02
1.547630679042501178e+00 7.124704746708955538e-02
1.548607718612603712e+00 7.109417098445816596e-02
1.549584758182706246e+00 7.094185185055060239e-02
1.550561797752809001e+00 7.079008712220850874e-02
1.551538837322911535e+00 7.063887387676193175e-02
1.552515876893014068e+00 7.048820921185174060e-02
1.553492916463116824e+00 7.033809024525437825e-02
1.554469956033219358e+00 7.018851411470863888e-02
1.555446995603321891e+00 7.003947797774345840e-02
1.556424035173424425e+00 6.989097901150828629e-02
1.557401074743526959e+00 6.974301441260470635e-02
1.558378114313629714e+00 6.959558139691991718e-02
1.559355153883732248e+00 6.944867719946207218e-02
1.560332193453834781e+00 6.930229907419686863e-02
1.561309233023937537e+00 6.915644429388634329e-02
1.562286272594040071e+00 6.901111014992894477e-02
1.563263312164142604e+00 6.886629395220135452e-02
1.564240351734245138e+00 6.872199302890177885e-02
1.565217391304347672e+00 6.857820472639512832e-02
1.566194430874450427e+00 6.843492640905936286e-02
1.567171470444552961e+00 6.829215545913383534e-02
1.568148510014655495e+00 6.814988927656864814e-02
1.569125549584758250e+00 6.800812527887596659e-02
1.570102589154860784e+00 6.786686090098272006e-02
1.571079628724963317e+00 6.772609359508441340e-02
1.572056668295065851e+00 6.758582083050108935e-02
1.573033707865168385e+00 6.744604009353397100e-02
1.574010747435271140e+00 6.730674888732418593e-02
1.574987787005373674e+00 6.716794473171251723e-02
1.575964826575476208e+00 6.702962516310057017e-02
1.576941866145578963e+00 6.689178773431343761e-02
1.577918905715681497e+00 6.675443001446380864e-02
1.578895945285784030e+00 6.661754958881707656e-02
1.579872984855886564e+00 6.648114405865816756e-02
1.580850024425989098e+00 6.634521104115932710e-02
1.581827063996091853e+00 6.620974816924961315e-02
1.582804103566194387e+00 6.607475309148536091e-02
1.583781143136296921e+00 6.594022347192185496e-02
1.584758182706399676e+00 6.580615698998659724e-02
1.585735222276502210e+00 6.567255134035365760e-02
1.586712261846604743e+00 6.553940423281902350e-02
1.587689301416707277e+00 6.540671339217747626e-02
1.588666340986809811e+00 6.527447655810059146e-02
1.589643380556912566e+00 6.514269148501578011e-02
1.590620420127015100e+00 6.501135594198681478e-02
1.591597459697117634e+00 6.488046771259492473e-02
1.592574499267220389e+00 6.475002459482183392e-02
1.593551538837322923e+00 6.462002440093332634e-02
1.594528578407425456e+00 6.449046495736406037e-02
1.595505617977527990e+00 6.436134410460367383e-02
1.596482657547630524e+00 6.423265969708386036e-02
1.597459697117733279e+00 6.410440960306641733e-02
1.598436736687835813e+00 6.397659170453272315e-02
1.599413776257938347e+00 6.384920389707375576e-02
1.600390815828041102e+00 6.372224408978154064e-02
1.601367855398143636e+00 6.359571020514169504e-02
1.602344894968246169e+00 6.346960017892662453e-02
1.603321934538348703e+00 6.334391196008991309e-02
1.604298974108451237e+00 6.321864351066203147e-02
1.605276013678553992e+00 6.309379280564633707e-02
1.606253053248656526e+00 6.296935783291697508e-02
1.607230092818759060e+00 6.284533659311671017e-02
1.608207132388861815e+00 6.272172709955659009e-02
1.609184171958964349e+00 6.259852737811616441e-02
1.610161211529066883e+00 6.247573546714460524e-02
1.611138251099169416e+00 6.235334941736282721e-02
1.612115290669271950e+00 6.223136729176668297e-02
1.613092330239374705e+00 6.210978716553076928e-02
1.614069369809477239e+00 6.198860712591344052e-02
1.615046409379579773e+00 6.186782527216236338e-02
1.616023448949682528e+00 6.174743971542127896e-02
1.617000488519785062e+00 6.162744857863751424e-02
1.617977528089887596e+00 6.150784999647020829e-02
1.618954567659990129e+00 6.138864211519957231e-02
1.619931607230092663e+00 6.126982309263701021e-02
1.620908646800195418e+00 6.115139109803584272e-02
1.621885686370297952e+00 6.103334431200316962e-02
1.622862725940400486e+00 6.091568092641226617e-02
1.623839765510503241e+00 6.079839914431588166e-02
1.624816805080605775e+00 6.068149717986050240e-02
1.625793844650708309e+00 6.056497325820107275e-02
1.626770884220810842e+00 6.044882561541682631e-02
1.627747923790913376e+00 6.033305249842760981e-02
1.628724963361016131e+00 6.021765216491117845e-02
1.629702002931118665e+00 6.010262288322120589e-02
1.630679042501221199e+00 5.998796293230589105e-02
1.631656082071323954e+00 5.987367060162744614e-02
1.632633121641426488e+00 5.975974419108248670e-02
1.633610161211529022e+00 5.964618201092253963e-02
1.634587200781631555e+00 5.953298238167605699e-02
1.635564240351734089e+00 5.942014363407059629e-02
1.636541279921836844e+00 5.930766410895580570e-02
1.637518319491939378e+00 5.919554215722728358e-02
1.638495359062041912e+00 5.908377613975089593e-02
1.639472398632144667e+00 5.897236442728796824e-02
1.640449438202247201e+00 5.886130540042093517e-02
1.641426477772349735e+00 5.875059744947993406e-02
1.642403517342452268e+00 5.864023897446973138e-02
1.643380556912554802e+00 5.853022838499759295e-02
1.644357596482657558e+00 5.842056410020161211e-02
1.645334636052760091e+00 5.831124454867984974e-02
1.646311675622862625e+00 5.820226816841980733e-02
1.647288715192965380e+00 5.809363340672882986e-02
1.648265754763067914e+00 5.798533872016504997e-02
1.649242794333170448e+00 5.787738257446879003e-02
1.650219833903272981e+00 5.776976344449480383e-02
1.651196873473375515e+00 5.766247981414485829e-02
1.652173913043478271e+00 5.755553017630120338e-02
1.653150952613580804e+00 5.744891303276034727e-02
1.654127992183683338e+00 5.734262689416765035e-02
1.655105031753786093e+00 5.723667027995225920e-02
1.656082071323888627e+00 5.713104171826287325e-02
1.657059110893991161e+00 5.702573974590383066e-02
1.658036150464093694e+00 5.692076290827186719e-02
1.659013190034196228e+00 5.681610975929347884e-02
1.659990229604298984e+00 5.671177886136272162e-02
1.660967269174401517e+00 5.660776878527967737e-02
1.661944308744504051e+00 5.650407811018926668e-02
1.662921348314606806e+00 5.640070542352071392e-02
1.663898387884709340e+00 5.629764932092769236e-02
1.664875427454811874e+00 5.619490840622862193e-02
1.665852467024914407e+00 5.609248129134780658e-02
1.666829506595016941e+00 5.599036659625688389e-02
1.667806546165119697e+00 5.588856294891686449e-02
1.668783585735222230e+00 5.578706898522084456e-02
1.669760625305324764e+00 5.568588334893668362e-02
1.670737664875427519e+00 5.558500469165077867e-02
1.671714704445530053e+00 5.548443167271198406e-02
1.672691744015632587e+00 5.538416295917607257e-02
1.673668783585735120e+00 5.528419722575070305e-02
1.674645823155837654e+00 5.518453315474079052e-02
1.675622862725940410e+00 5.508516943599445909e-02
1.676599902296042943e+00 5.498610476684936965e-02
1.677576941866145477e+00 5.488733785207949162e-02
1.678553981436248232e+00 5.478886740384235343e-02
1.679531021006350766e+00 5.469069214162680659e-02
1.680508060576453300e+00 5.459281079220108801e-02
1.681485100146555833e+00 5.449522208956140978e-02
1.682462139716658367e+00 5.439792477488102768e-02
1.683439179286761123e+00 5.430091759645963578e-02
1.684416218856863656e+00 5.420419930967330241e-02
1.685393258426966190e+00 5.410776867692468350e-02
1.686370297997068946e+00 5.401162446759372182e-02
1.687347337567171479e+00 5.391576545798888731e-02
1.688324377137274013e+00 5.382019043129860486e-02
1.689301416707376546e+00 5.372489817754316083e-02
1.690278456277479080e+00 5.362988749352712997e-02
1.691255495847581836e+00 5.353515718279211466e-02
1.692232535417684369e+00 5.344070605556978937e-02
1.693209574987786903e+00 5.334653292873548641e-02
1.694186614557889659e+00 5.325263662576203150e-02
1.695163654127992192e+00 5.315901597667417600e-02
1.696140693698094726e+00 5.306566981800306393e-02
1.697117733268197259e+00 5.297259699274140671e-02
1.698094772838299793e+00 5.287979635029885217e-02
1.699071812408402549e+00 5.278726674645778383e-02
1.700048851978505082e+00 5.269500704332946012e-02
1.701025891548607616e+00 5.260301610931046590e-02
1.702002931118710372e+00 5.251129281903960805e-02
1.702979970688812905e+00 5.241983605335523433e-02
1.703957010258915439e+00 5.232864469925259387e-02
1.704934049829017972e+00 5.223771764984190547e-02
1.705911089399120506e+00 5.214705380430654375e-02
1.706888128969223262e+00 5.205665206786166260e-02
1.707865168539325795e+00 5.196651135171318631e-02
1.708842208109428329e+00 5.187663057301692554e-02
1.709819247679531085e+00 5.178700865483830407e-02
1.710796287249633618e+00 5.169764452611229355e-02
1.711773326819736152e+00 5.160853712160357043e-02
1.712750366389838685e+00 5.151968538186713770e-02
1.713727405959941219e+00 5.143108825320925198e-02
1.714704445530043975e+00 5.134274468764858657e-02
1.715681485100146508e+00 5.125465364287777603e-02
1.716658524670249042e+00 5.116681408222526622e-02
1.717635564240351798e+00 5.107922497461730299e-02
1.718612603810454331e+00 5.099188529454067725e-02
1.719589643380556865e+00 5.090479402200514397e-02
1.720566682950659398e+00 5.081795014250665987e-02
1.721543722520761932e+00 5.073135264699064201e-02
1.722520762090864688e+00 5.064500053181563571e-02
1.723497801660967221e+00 5.055889279871723929e-02
1.724474841231069755e+00 5.047302845477225075e-02
1.725451880801172511e+00 5.038740651236321005e-02
1.726428920371275044e+00 5.030202598914320505e-02
1.727405959941377578e+00 5.021688590800081620e-02
1.728382999511480111e+00 5.013198529702557471e-02
1.729360039081582645e+00 5.004732318947344161e-02
1.730337078651685401e+00 4.996289862373280710e-02
1.731314118221787934e+00 4.987871064329059412e-02
1.732291157791890468e+00 4.979475829669858383e-02
1.733268197361993224e+00 4.971104063754019226e-02
1.734245236932095757e+00 4.962755672439746191e-02
1.735222276502198291e+00 4.954430562081807432e-02
1.736199316072300824e+00 4.946128639528298010e-02
1.737176355642403358e+00 4.937849812117403592e-02
1.738153395212506114e+00 4.929593987674193989e-02
1.739130434782608647e+00 4.921361074507454858e-02
1.740107474352711181e+00 4.913150981406526341e-02
1.741084513922813937e+00 4.904963617638167378e-02
1.742061553492916470e+00 4.896798892943469983e-02
1.743038593063019004e+00 4.888656717534762414e-02
1.744015632633121538e+00 4.880537002092554671e-02
1.744992672203224071e+00 4.872439657762510368e-02
1.745969711773326827e+00 4.864364596152433856e-02
1.746946751343429360e+00 4.856311729329288590e-02
1.747923790913531894e+00 4.848280969816225194e-02
1.748900830483634650e+00 4.840272230589649782e-02
1.749877870053737183e+00 4.832285425076300600e-02
1.750854909623839717e+00 4.824320467150353814e-02
1.751831949193942251e+00 4.816377271130552890e-02
1.752808988764044784e+00 4.808455751777358789e-02
1.753786028334147540e+00 4.800555824290108492e-02
1.754763067904250073e+00 4.792677404304229727e-02
1.755740107474352607e+00 4.784820407888435573e-02
1.756717147044455363e+00 4.776984751541964169e-02
1.757694186614557896e+00 4.769170352191846873e-02
1.758671226184660430e+00 4.761377127190166009e-02
1.759648265754762964e+00 4.753604994311368126e-02
1.760625305324865497e+00 4.745853871749577263e-02
1.761602344894968253e+00 4.738123678115931797e-02
1.762579384465070786e+00 4.730414332435949748e-02
1.763556424035173320e+00 4.722725754146901711e-02
1.764533463605276076e+00 4.715057863095205304e-02
1.765510503175378609e+00 4.707410579533864714e-02
1.766487542745481143e+00 4.699783824119881104e-02
1.767464582315583677e+00 4.692177517911728241e-02
1.768441621885686210e+00 4.684591582366822576e-02
1.769418661455788966e+00 4.677025939339014837e-02
1.770395701025891499e+00 4.669480511076118390e-02
1.771372740595994033e+00 4.661955220217429974e-02
1.772349780166096789e+00 4.654449989791273334e-02
1.773326819736199322e+00 4.646964743212594201e-02
1.774303859306301856e+00 4.639499404280521266e-02
1.775280898876404390e+00 4.632053897175986840e-02
1.776257938446506923e+00 4.624628146459348194e-02
1.777234978016609679e+00 4.617222077068024177e-02
1.778212017586712212e+00 4.609835614314163055e-02
1.779189057156814746e+00 4.602468683882309647e-02
1.780166096726917502e+00 4.595121211827097457e-02
1.781143136297020035e+00 4.587793124570973408e-02
1.782120175867122569e+00 4.580484348901906616e-02
1.783097215437225103e+00 4.573194811971146440e-02
1.784074255007327636e+00 4.565924441290972885e-02
1.785051294577430392e+00 4.558673164732483102e-02
1.786028334147532926e+00 4.551440910523386896e-02
1.787005373717635459e+00 4.544227607245798772e-02
1.787982413287738215e+00 4.537033183834079941e-02
1.788959452857840748e+00 4.529857569572685871e-02
1.789936492427943282e+00 4.522700694093999274e-02
1.790913531998045816e+00 4.515562487376231088e-02
1.791890571568148349e+00 4.508442879741288850e-02
1.792867611138251105e+00 4.501341801852690172e-02
1.793844650708353639e+00 4.494259184713487315e-02
1.794821690278456172e+00 4.487194959664189686e-02
1.795798729848558928e+00 4.480149058380718946e-02
1.796775769418661461e+00 4.473121412872383545e-02
1.797752808988763995e+00 4.466111955479836609e-02
1.798729848558866529e+00 4.459120618873090025e-02
1.799706888128969062e+00 4.452147336049516041e-02
1.800683927699071818e+00 4.445192040331864131e-02
1.801660967269174352e+00 4.438254665366308388e-02
1.802638006839276885e+00 4.431335145120494923e-02
1.803615046409379641e+00 4.424433413881600358e-02
1.804592085979482174e+00 4.417549406254427102e-02
1.805569125549584708e+00 4.410683057159477116e-02
1.806546165119687242e+00 4.403834301831075632e-02
1.807523204689789775e+00 4.397003075815479611e-02
1.808500244259892531e+00 4.390189314969018819e-02
1.809477283829995065e+00 4.383392955456240359e-02
1.810454323400097598e+00 4.376613933748070562e-02
1.811431362970200354e+00 4.369852186619983814e-02
1.812408402540302887e+00 4.363107651150197053e-02
1.813385442110405421e+00 4.356380264717863576e-02
1.814362481680507955e+00 4.349669965001282806e-02
1.815339521250610488e+00 4.342976689976134341e-02
1.816316560820713244e+00 4.336300377913705761e-02
1.817293600390815778e+00 4.329640967379153743e-02
1.818270639960918311e+00 4.322998397229754070e-02
1.819247679531021067e+00 4.316372606613183560e-02
1.820224719101123600e+00 4.309763534965808940e-02
1.821201758671226134e+00 4.303171122010979871e-02
1.822178798241328668e+00 4.296595307757340720e-02
1.823155837811431201e+00 4.290036032497161755e-02
1.824132877381533957e+00 4.283493236804659238e-02
1.825109916951636491e+00 4.276966861534358538e-02
1.826086956521739024e+00 4.270456847819439211e-02
1.827063996091841780e+00 4.263963137070105047e-02
1.828041035661944314e+00 4.257485670971977720e-02
1.829018075232046847e+00 4.251024391484472392e-02
1.829995114802149381e+00 4.244579240839210788e-02
1.830972154372251914e+00 4.238150161538434962e-02
1.831949193942354670e+00 4.231737096353425931e-02
1.832926233512457204e+00 4.225339988322954210e-02
1.833903273082559737e+00 4.218958780751714405e-02
1.834880312652662493e+00 4.212593417208782692e-02
1.835857352222765027e+00 4.206243841526097205e-02
1.836834391792867560e+00 4.199909997796929390e-02
1.837811431362970094e+00 4.193591830374374108e-02
1.838788470933072627e+00 4.187289283869848749e-02
1.839765510503175383e+00 4.181002303151610394e-02
1.840742550073277917e+00 4.174730833343270192e-02
1.841719589643380450e+00 4.168474819822331340e-02
1.842696629213483206e+00 4.162234208218717341e-02
1.843673668783585740e+00 4.156008944413341899e-02
1.844650708353688273e+00 4.149798974536656609e-02
1.845627747923790807e+00 4.143604244967222239e-02
1.846604787493893340e+00 4.137424702330295967e-02
1.847581827063996096e+00 4.131260293496418629e-02
1.848558866634098630e+00 4.125110965580017913e-02
1.849535906204201163e+00 4.118976665938010873e-02
1.850512945774303919e+00 4.112857342168432795e-02
1.851489985344406453e+00 4.106752942109056365e-02
1.852467024914508986e+00 4.100663413836037191e-02
1.853444064484611520e+00 4.094588705662555866e-02
1.854421104054714053e+00 4.088528766137477372e-02
1.855398143624816809e+00 4.082483544044016727e-02
1.856375183194919343e+00 4.076452988398408805e-02
1.857352222765021876e+00 4.070437048448599660e-02
1.858329262335124632e+00 4.064435673672930904e-02
1.859306301905227166e+00 4.058448813778848391e-02
1.860283341475329699e+00 4.052476418701605326e-02
1.861260381045432233e+00 4.046518438602984824e-02
1.862237420615534766e+00 4.040574823870026616e-02
1.863214460185637522e+00 4.034645525113758624e-02
1.864191499755740056e+00 4.028730493167954202e-02
1.865168539325842589e+00 4.022829679087867871e-02
1.866145578895945345e+00 4.016943034149004360e-02
1.867122618466047879e+00 4.011070509845893889e-02
1.868099658036150412e+00 4.005212057890857047e-02
1.869076697606252946e+00 3.999367630212800895e-02
1.870053737176355479e+00 3.993537178956006045e-02
1.871030776746458235e+00 3.987720656478934561e-02
1.872007816316560769e+00 3.981918015353035772e-02
1.872984855886663302e+00 3.976129208361563888e-02
1.873961895456766058e+00 3.970354188498402548e-02
1.874938935026868592e+00 3.964592908966905332e-02
1.875915974596971125e+00 3.958845323178727948e-02
1.876893014167073659e+00 3.953111384752679841e-02
1.877870053737176192e+00 3.947391047513582746e-02
1.878847093307278948e+00 3.941684265491134792e-02
1.879824132877381482e+00 3.935990992918778075e-02
1.880801172447484015e+00 3.930311184232578720e-02
1.881778212017586771e+00 3.924644794070113879e-02
1.882755251587689305e+00 3.918991777269369842e-02
1.883732291157791838e+00 3.913352088867633194e-02
1.884709330727894372e+00 3.907725684100406272e-02
1.885686370297996906e+00 3.902112518400318447e-02
1.886663409868099661e+00 3.896512547396049214e-02
1.887640449438202195e+00 3.890925726911263066e-02
1.888617489008304728e+00 3.885352012963533275e-02
1.889594528578407484e+00 3.879791361763296198e-02
1.890571568148510018e+00 3.874243729712801426e-02
1.891548607718612551e+00 3.868709073405058457e-02
1.892525647288715085e+00 3.863187349622811129e-02
1.893502686858817619e+00 3.857678515337500252e-02
1.894479726428920374e+00 3.852182527708246373e-02
1.895456765999022908e+00 3.846699344080835303e-02
1.896433805569125441e+00 3.841228921986696021e-02
1.897410845139228197e+00 3.835771219141912575e-02
1.898387884709330731e+00 3.830326193446222799e-02
1.899364924279433264e+00 3.824893802982017726e-02
1.900341963849535798e+00 3.819474006013374306e-02
1.901319003419638332e+00 3.814066760985062449e-02
1.902296042989741087e+00 3.808672026521587456e-02
1.903273082559843621e+00 3.803289761426217885e-02
1.904250122129946154e+00 3.797919924680023124e-02
1.905227161700048910e+00 3.792562475440929004e-02
1.906204201270151444e+00 3.787217373042767871e-02
1.907181240840253977e+00 3.781884576994334890e-02
1.908158280410356511e+00 3.776564046978458239e-02
1.909135319980459045e+00 3.771255742851065129e-02
1.910112359550561800e+00 3.765959624640267955e-02
1.911089399120664334e+00 3.760675652545440034e-02
1.912066438690766867e+00 3.755403786936305915e-02
1.913043478260869623e+00 3.750143988352036550e-02
1.914020517830972157e+00 3.744896217500358337e-02
1.914997557401074690e+00 3.739660435256640658e-02
1.915974596971177224e+00 3.734436602663027821e-02
1.916951636541279758e+00 3.729224680927544638e-02
1.917928676111382513e+00 3.724024631423220738e-02
1.918905715681485047e+00 3.718836415687228059e-02
1.919882755251587581e+00 3.713659995420005161e-02
1.920859794821690336e+00 3.708495332484396806e-02
1.921836834391792870e+00 3.703342388904810878e-02
1.922813873961895403e+00 3.698201126866357269e-02
1.923790913531997937e+00 3.693071508714004803e-02
1.924767953102100471e+00 3.687953496951747873e-02
1.925744992672203226e+00 3.682847054241767532e-02
1.926722032242305760e+00 3.677752143403610618e-02
1.927699071812408294e+00 3.672668727413356399e-02
1.928676111382511049e+00 3.667596769402805407e-02
1.929653150952613583e+00 3.662536232658667595e-02
1.930630190522716116e+00 3.657487080621747710e-02
1.931607230092818650e+00 3.652449276886148011e-02
1.932584269662921184e+00 3.647422785198470990e-02
1.933561309233023939e+00 3.642407569457020711e-02
1.934538348803126473e+00 3.637403593711024258e-02
1.935515388373229007e+00 3.632410822159837932e-02
1.936492427943331762e+00 3.627429219152175643e-02
1.937469467513434296e+00 3.622458749185339388e-02
1.938446507083536829e+00 3.617499376904438624e-02
1.939423546653639363e+00 3.612551067101637398e-02
1.940400586223741897e+00 3.607613784715389682e-02
1.941377625793844652e+00 3.602687494829688586e-02
1.942354665363947186e+00 3.597772162673315566e-02
1.943331704934049720e+00 3.592867753619090332e-02
1.944308744504152475e+00 3.587974233183137407e-02
1.945285784074255009e+00 3.583091567024148522e-02
1.946262823644357542e+00 3.578219720942646398e-02
1.947239863214460076e+00 3.573358660880263798e-02
1.948216902784562610e+00 3.568508352919018412e-02
1.949193942354665365e+00 3.563668763280589818e-02
1.950170981924767899e+00 3.558839858325619360e-02
1.951148021494870433e+00 3.554021604552985714e-02
1.952125061064973188e+00 3.549213968599107538e-02
1.953102100635075722e+00 3.544416917237241949e-02
1.954079140205178255e+00 3.539630417376789240e-02
1.955056179775280789e+00 3.534854436062596222e-02
1.956033219345383323e+00 3.530088940474270659e-02
1.957010258915486078e+00 3.525333897925500559e-02
1.957987298485588612e+00 3.520589275863373474e-02
1.958964338055691146e+00 3.515855041867691627e-02
1.959941377625793901e+00 3.511131163650314801e-02
1.960918417195896435e+00 3.506417609054483797e-02
1.961895456765998969e+00 3.501714346054158461e-02
1.962872496336101502e+00 3.497021342753360573e-02
1.963849535906204036e+00 3.492338567385516734e-02
1.964826575476306791e+00 3.487665988312805415e-02
1.965803615046409325e+00 3.483003574025515109e-02
1.966780654616511859e+00 3.478351293141395545e-02
1.967757694186614614e+00 3.473709114405013065e-02
1.968734733756717148e+00 3.469077006687131676e-02
1.969711773326819682e+00 3.464454938984060789e-02
1.970688812896922215e+00 3.459842880417040439e-02
1.971665852467024749e+00 3.455240800231612619e-02
1.972642892037127504e+00 3.450648667796998165e-02
1.973619931607230038e+00 3.446066452605481972e-02
1.974596971177332572e+00 3.441494124271800986e-02
1.975574010747435327e+00 3.436931652532531495e-02
1.976551050317537861e+00 3.432379007245484059e-02
1.977528089887640395e+00 3.427836158389100524e-02
1.978505129457742928e+00 3.423303076061857964e-02
1.979482169027845462e+00 3.418779730481665696e-02
1.980459208597948217e+00 3.414266091985283802e-02
1.981436248168050751e+00 3.409762131027724991e-02
1.982413287738153285e+00 3.405267818181679368e-02
1.983390327308256040e+00 3.400783124136921853e-02
1.984367366878358574e+00 3.396308019699743885e-02
1.985344406448461108e+00 3.391842475792373329e-02
1.986321446018563641e+00 3.387386463452403407e-02
1.987298485588666175e+00 3.382939953832230645e-02
1.988275525158768930e+00 3.378502918198480337e-02
1.989252564728871464e+00 3.374075327931456286e-02
1.990229604298973998e+00 3.369657154524574594e-02
1.991206643869076753e+00 3.365248369583810628e-02
1.992183683439179287e+00 3.360848944827153628e-02
1.993160723009281821e+00 3.356458852084050204e-02
1.994137762579384354e+00 3.352078063294863797e-02
1.995114802149486888e+00 3.347706550510332751e-02
1.996091841719589643e+00 3.343344285891030471e-02
1.997068881289692177e+00 3.338991241706833896e-02
1.998045920859794711e+00 3.334647390336382272e-02
1.999022960429897466e+00 3.330312704266558121e-02
2.000000000000000000e+00 3.325987156091955721e-02
