x	y
0.000000000000000000e+00 4.990677342234757230e-01
1.955034213098729226e-03 4.990696311165335186e-01
3.910068426197458452e-03 4.990753218817441383e-01
5.865102639296187678e-03 4.990848067772281071e-01
7.820136852394916904e-03 4.990980862332187740e-01
9.775171065493646130e-03 4.991151608521112726e-01
1.173020527859237536e-02 4.991360314085286354e-01
1.368523949169110458e-02 4.991606988494108887e-01
1.564027370478983381e-02 4.991891642941207463e-01
1.759530791788856130e-02 4.992214290345698968e-01
1.955034213098729226e-02 4.992574945353638327e-01
2.150537634408602322e-02 4.992973624339681060e-01
2.346041055718475071e-02 4.993410345408922923e-01
2.541544477028347820e-02 4.993885128398934392e-01
2.737047898338220916e-02 4.994397994882012748e-01
2.932551319648094013e-02 4.994948968167600700e-01
3.128054740957966762e-02 4.995538073304927607e-01
3.323558162267839511e-02 4.996165337085833325e-01
3.519061583577712260e-02 4.996830788047801342e-01
3.714565004887585703e-02 4.997534456477170650e-01
3.910068426197458452e-02 4.998276374412575773e-01
4.105571847507331201e-02 4.999056575648567757e-01
4.301075268817204644e-02 4.999875095739434450e-01
4.496578690127077393e-02 5.000731972003240600e-01
4.692082111436950143e-02 5.001627243526042266e-01
4.887585532746822892e-02 5.002560951166339365e-01
5.083088954056695641e-02 5.003533137559705857e-01
5.278592375366569084e-02 5.004543847123623657e-01
5.474095796676441833e-02 5.005593126062560794e-01
5.669599217986314582e-02 5.006681022373200562e-01
5.865102639296188025e-02 5.007807585849928245e-01
6.060606060606060774e-02 5.008972868090498798e-01
6.256109481915933523e-02 5.010176922501927699e-01
6.451612903225806273e-02 5.011419804306591619e-01
6.647116324535679022e-02 5.012701570548537822e-01
6.842619745845551771e-02 5.014022280100017825e-01
7.038123167155424520e-02 5.015381993668235339e-01
7.233626588465298657e-02 5.016780773802292925e-01
7.429130009775171406e-02 5.018218684900400683e-01
7.624633431085044155e-02 5.019695793217245905e-01
7.820136852394916904e-02 5.021212166871645843e-01
8.015640273704789653e-02 5.022767875854379227e-01
8.211143695014662403e-02 5.024362992036274234e-01
8.406647116324535152e-02 5.025997589176494085e-01
8.602150537634409289e-02 5.027671742931087984e-01
8.797653958944282038e-02 5.029385530861725240e-01
8.993157380254154787e-02 5.031139032444721382e-01
9.188660801564027536e-02 5.032932329080245237e-01
9.384164222873900285e-02 5.034765504101794686e-01
9.579667644183773034e-02 5.036638642785903341e-01
9.775171065493645783e-02 5.038551832362065941e-01
9.970674486803518533e-02 5.040505162022973495e-01
1.016617790811339128e-01 5.042498722934899424e-01
1.036168132942326542e-01 5.044532608248402106e-01
1.055718475073313817e-01 5.046606913109268344e-01
1.075268817204301092e-01 5.048721734669675554e-01
1.094819159335288367e-01 5.050877172099652590e-01
1.114369501466275642e-01 5.053073326598755965e-01
1.133919843597262916e-01 5.055310301408044715e-01
1.153470185728250191e-01 5.057588201822289520e-01
1.173020527859237605e-01 5.059907135202458273e-01
1.192570869990224880e-01 5.062267210988482535e-01
1.212121212121212155e-01 5.064668540712250477e-01
1.231671554252199430e-01 5.067111238010946206e-01
1.251221896383186705e-01 5.069595418640576723e-01
1.270772238514173980e-01 5.072121200489871917e-01
1.290322580645161255e-01 5.074688703594389949e-01
1.309872922776148529e-01 5.077298050150954589e-01
1.329423264907135804e-01 5.079949364532364564e-01
1.348973607038123079e-01 5.082642773302394890e-01
1.368523949169110354e-01 5.085378405231110177e-01
1.388074291300097629e-01 5.088156391310452165e-01
1.407624633431084904e-01 5.090976864770152543e-01
1.427174975562072456e-01 5.093839961093933333e-01
1.446725317693059731e-01 5.096745818036056974e-01
1.466275659824047006e-01 5.099694575638120675e-01
1.485826001955034281e-01 5.102686376246242661e-01
1.505376344086021556e-01 5.105721364528523765e-01
1.524926686217008831e-01 5.108799687492862063e-01
1.544477028347996106e-01 5.111921494505067276e-01
1.564027370478983381e-01 5.115086937307351533e-01
1.583577712609970656e-01 5.118296170037111015e-01
1.603128054740957931e-01 5.121549349246096172e-01
1.622678396871945206e-01 5.124846633919902805e-01
1.642228739002932481e-01 5.128188185497820628e-01
1.661779081133919755e-01 5.131574167893035998e-01
1.681329423264907030e-01 5.135004747513212120e-01
1.700879765395894305e-01 5.138480093281421190e-01
1.720430107526881858e-01 5.142000376657444027e-01
1.739980449657869133e-01 5.145565771659463827e-01
1.759530791788856408e-01 5.149176454886138510e-01
1.779081133919843682e-01 5.152832605539034994e-01
1.798631476050830957e-01 5.156534405445506453e-01
1.818181818181818232e-01 5.160282039081904859e-01
1.837732160312805507e-01 5.164075693597248717e-01
1.857282502443792782e-01 5.167915558837294920e-01
1.876832844574780057e-01 5.171801827368990301e-01
1.896383186705767332e-01 5.175734694505377265e-01
1.915933528836754607e-01 5.179714358330933521e-01
1.935483870967741882e-01 5.183741019727312604e-01
1.955034213098729157e-01 5.187814882399542915e-01
1.974584555229716432e-01 5.191936152902694168e-01
1.994134897360703707e-01 5.196105040668972386e-01
2.013685239491690981e-01 5.200321758035260089e-01
2.033235581622678256e-01 5.204586520271177186e-01
2.052785923753665809e-01 5.208899545607564852e-01
2.072336265884653084e-01 5.213261055265473454e-01
2.091886608015640359e-01 5.217671273485647854e-01
2.111436950146627634e-01 5.222130427558484556e-01
2.130987292277614908e-01 5.226638747854519540e-01
2.150537634408602183e-01 5.231196467855410148e-01
2.170087976539589458e-01 5.235803824185452093e-01
2.189638318670576733e-01 5.240461056643600513e-01
2.209188660801564008e-01 5.245168408236070556e-01
2.228739002932551283e-01 5.249926125209424255e-01
2.248289345063538558e-01 5.254734457084269117e-01
2.267839687194525833e-01 5.259593656689486307e-01
2.287390029325513108e-01 5.264503980197040578e-01
2.306940371456500383e-01 5.269465687157364187e-01
2.326490713587487658e-01 5.274479040535342556e-01
2.346041055718475210e-01 5.279544306746889459e-01
2.365591397849462485e-01 5.284661755696150598e-01
2.385141739980449760e-01 5.289831660813295588e-01
2.404692082111437035e-01 5.295054299092968320e-01
2.424242424242424310e-01 5.300329951133377904e-01
2.443792766373411585e-01 5.305658901176006914e-01
2.463343108504398860e-01 5.311041437146026833e-01
2.482893450635386134e-01 5.316477850693370755e-01
2.502443792766373409e-01 5.321968437234458893e-01
2.521994134897360684e-01 5.327513495994685710e-01
2.541544477028347959e-01 5.333113330051545420e-01
2.561094819159335234e-01 5.338768246378531313e-01
2.580645161290322509e-01 5.344478555889731197e-01
2.600195503421309784e-01 5.350244573485199995e-01
2.619745845552297059e-01 5.356066618097055088e-01
2.639296187683284334e-01 5.361945012736385463e-01
2.658846529814271609e-01 5.367880084540883612e-01
2.678396871945258884e-01 5.373872164823360054e-01
2.697947214076246158e-01 5.379921589120986170e-01
2.717497556207233433e-01 5.386028697245415220e-01
2.737047898338220708e-01 5.392193833333728259e-01
2.756598240469207983e-01 5.398417345900240472e-01
2.776148582600195258e-01 5.404699587889166823e-01
2.795698924731182533e-01 5.411040916728190320e-01
2.815249266862169808e-01 5.417441694382926221e-01
2.834799608993157638e-01 5.423902287412293299e-01
2.854349951124144913e-01 5.430423067024843231e-01
2.873900293255132188e-01 5.437004409136020344e-01
2.893450635386119463e-01 5.443646694426412802e-01
2.913000977517106738e-01 5.450350308400955246e-01
2.932551319648094013e-01 5.457115641449185039e-01
2.952101661779081287e-01 5.463943088906475509e-01
2.971652003910068562e-01 5.470833051116342771e-01
2.991202346041055837e-01 5.477785933493800608e-01
3.010752688172043112e-01 5.484802146589792260e-01
3.030303030303030387e-01 5.491882106156740218e-01
3.049853372434017662e-01 5.499026233215195125e-01
3.069403714565004937e-01 5.506234954121650427e-01
3.088954056695992212e-01 5.513508700637499427e-01
3.108504398826979487e-01 5.520847909999190284e-01
3.128054740957966762e-01 5.528253024989591147e-01
3.147605083088954037e-01 5.535724494010574315e-01
3.167155425219941312e-01 5.543262771156870494e-01
3.186705767350928586e-01 5.550868316291185378e-01
3.206256109481915861e-01 5.558541595120627399e-01
3.225806451612903136e-01 5.566283079274469969e-01
3.245356793743890411e-01 5.574093246383242661e-01
3.264907135874877686e-01 5.581972580159234587e-01
3.284457478005864961e-01 5.589921570478372237e-01
3.304007820136852236e-01 5.597940713463550599e-01
3.323558162267839511e-01 5.606030511569426444e-01
3.343108504398826786e-01 5.614191473668672661e-01
3.362658846529814061e-01 5.622424115139790235e-01
3.382209188660801336e-01 5.630728957956451231e-01
3.401759530791788610e-01 5.639106530778400517e-01
3.421309872922775885e-01 5.647557369044009512e-01
3.440860215053763715e-01 5.656082015064436419e-01
3.460410557184750990e-01 5.664681018119465117e-01
3.479960899315738265e-01 5.673354934555081552e-01
3.499511241446725540e-01 5.682104327882762096e-01
3.519061583577712815e-01 5.690929768880537143e-01
3.538611925708700090e-01 5.699831835695886584e-01
3.558162267839687365e-01 5.708811113950486016e-01
3.577712609970674640e-01 5.717868196846810358e-01
3.597262952101661915e-01 5.727003685276692568e-01
3.616813294232649190e-01 5.736218187931847456e-01
3.636363636363636465e-01 5.745512321416356150e-01
3.655913978494623739e-01 5.754886710361256652e-01
3.675464320625611014e-01 5.764341987541182766e-01
3.695014662756598289e-01 5.773878793993147962e-01
3.714565004887585564e-01 5.783497779137496408e-01
3.734115347018572839e-01 5.793199600901063340e-01
3.753665689149560114e-01 5.802984925842643582e-01
3.773216031280547389e-01 5.812854429280711610e-01
3.792766373411534664e-01 5.822808795423557449e-01
3.812316715542521939e-01 5.832848717501799563e-01
3.831867057673509214e-01 5.842974897903365772e-01
3.851417399804496489e-01 5.853188048311006586e-01
3.870967741935483764e-01 5.863488889842335405e-01
3.890518084066471038e-01 5.873878153192543250e-01
3.910068426197458313e-01 5.884356578779735836e-01
3.929618768328445588e-01 5.894924916893043987e-01
3.949169110459432863e-01 5.905583927843497394e-01
3.968719452590420138e-01 5.916334382117784951e-01
3.988269794721407413e-01 5.927177060534888353e-01
4.007820136852394688e-01 5.938112754405724392e-01
4.027370478983381963e-01 5.949142265695817056e-01
4.046920821114369238e-01 5.960266407191068261e-01
4.066471163245356513e-01 5.971486002666707149e-01
4.086021505376344343e-01 5.982801887059515655e-01
4.105571847507331618e-01 5.994214906643311469e-01
4.125122189638318893e-01 6.005725919207844932e-01
4.144672531769306167e-01 6.017335794241198688e-01
4.164222873900293442e-01 6.029045413115659002e-01
4.183773216031280717e-01 6.040855669277256368e-01
4.203323558162267992e-01 6.052767468438959853e-01
4.222873900293255267e-01 6.064781728777709491e-01
4.242424242424242542e-01 6.076899381135256739e-01
4.261974584555229817e-01 6.089121369222999514e-01
4.281524926686217092e-01 6.101448649830832904e-01
4.301075268817204367e-01 6.113882193040143243e-01
4.320625610948191642e-01 6.126422982441025455e-01
4.340175953079178917e-01 6.139072015353825851e-01
4.359726295210166191e-01 6.151830303055093596e-01
4.379276637341153466e-01 6.164698871008077452e-01
4.398826979472140741e-01 6.177678759097813277e-01
4.418377321603128016e-01 6.190771021870979940e-01
4.437927663734115291e-01 6.203976728780553618e-01
4.457478005865102566e-01 6.217296964435469198e-01
4.477028347996089841e-01 6.230732828855281014e-01
4.496578690127077116e-01 6.244285437730069388e-01
4.516129032258064391e-01 6.257955922685624062e-01
4.535679374389051666e-01 6.271745431554047734e-01
4.555229716520038941e-01 6.285655128649926260e-01
4.574780058651026216e-01 6.299686195052214277e-01
4.594330400782013490e-01 6.313839828891891770e-01
4.613880742913000765e-01 6.328117245645613620e-01
4.633431085043988040e-01 6.342519678435455388e-01
4.652981427174975315e-01 6.357048378334898553e-01
4.672531769305962590e-01 6.371704614681219514e-01
4.692082111436950420e-01 6.386489675394411147e-01
4.711632453567937695e-01 6.401404867302827872e-01
4.731182795698924970e-01 6.416451516475697447e-01
4.750733137829912245e-01 6.431630968562650486e-01
4.770283479960899520e-01 6.446944589140465309e-01
4.789833822091886795e-01 6.462393764067186908e-01
4.809384164222874070e-01 6.477979899843809841e-01
4.828934506353861345e-01 6.493704423983703844e-01
4.848484848484848619e-01 6.509568785389956425e-01
4.868035190615835894e-01 6.525574454740866726e-01
4.887585532746823169e-01 6.541722924883759394e-01
4.907135874877810444e-01 6.558015711237332734e-01
4.926686217008797719e-01 6.574454352202733221e-01
4.946236559139784994e-01 6.591040409583639459e-01
4.965786901270772269e-01 6.607775469015486625e-01
4.985337243401759544e-01 6.624661140404142223e-01
5.004887585532746819e-01 6.641699058374210818e-01
5.024437927663734094e-01 6.658890882727265259e-01
5.043988269794721369e-01 6.676238298910180946e-01
5.063538611925708643e-01 6.693743018493920616e-01
5.083088954056695918e-01 6.711406779662962840e-01
5.102639296187683193e-01 6.729231347715669553e-01
5.122189638318670468e-01 6.747218515575890141e-01
5.141739980449657743e-01 6.765370104316029698e-01
5.161290322580645018e-01 6.783687963691986678e-01
5.180840664711632293e-01 6.802173972690140902e-01
5.200391006842619568e-01 6.820830040086773849e-01
5.219941348973606843e-01 6.839658105020258727e-01
5.239491691104594118e-01 6.858660137576289006e-01
5.259042033235581393e-01 6.877838139386517335e-01
5.278592375366568668e-01 6.897194144241004521e-01
5.298142717497555942e-01 6.916730218714748357e-01
5.317693059628543217e-01 6.936448462808711968e-01
5.337243401759530492e-01 6.956351010605764662e-01
5.356793743890517767e-01 6.976440030941860604e-01
5.376344086021505042e-01 6.996717728092901600e-01
5.395894428152492317e-01 7.017186342477714778e-01
5.415444770283479592e-01 7.037848151377530392e-01
5.434995112414466867e-01 7.058705469672429400e-01
5.454545454545454142e-01 7.079760650595221527e-01
5.474095796676441417e-01 7.101016086503199043e-01
5.493646138807428692e-01 7.122474209668280265e-01
5.513196480938415966e-01 7.144137493086007984e-01
5.532746823069403241e-01 7.166008451303909066e-01
5.552297165200390516e-01 7.188089641269820307e-01
5.571847507331377791e-01 7.210383663200587989e-01
5.591397849462365066e-01 7.232893161471840582e-01
5.610948191593352341e-01 7.255620825529315310e-01
5.630498533724339616e-01 7.278569390822354768e-01
5.650048875855328001e-01 7.301741639760234159e-01
5.669599217986315276e-01 7.325140402691845409e-01
5.689149560117302551e-01 7.348768558909518633e-01
5.708699902248289826e-01 7.372629037677527197e-01
5.728250244379277101e-01 7.396724819286050190e-01
5.747800586510264376e-01 7.421058936131257333e-01
5.767350928641251651e-01 7.445634473822249078e-01
5.786901270772238925e-01 7.470454572315664565e-01
5.806451612903226200e-01 7.495522427078629146e-01
5.826001955034213475e-01 7.520841290280946279e-01
5.845552297165200750e-01 7.546414472017286545e-01
5.865102639296188025e-01 7.572245341560283061e-01
5.884652981427175300e-01 7.598337328645335953e-01
5.904203323558162575e-01 7.624693924788127353e-01
5.923753665689149850e-01 7.651318684635686207e-01
5.943304007820137125e-01 7.678215227352007677e-01
5.962854349951124400e-01 7.705387238039249631e-01
5.982404692082111675e-01 7.732838469195433273e-01
6.001955034213098950e-01 7.760572742209800312e-01
6.021505376344086224e-01 7.788593948896866959e-01
6.041055718475073499e-01 7.816906053070282745e-01
6.060606060606060774e-01 7.845513092157654356e-01
6.080156402737048049e-01 7.874419178857564594e-01
6.099706744868035324e-01 7.903628502839952219e-01
6.119257086999022599e-01 7.933145332491141621e-01
6.138807429130009874e-01 7.962974016704857938e-01
6.158357771260997149e-01 7.993118986720503250e-01
6.177908113391984424e-01 8.023584758010144924e-01
6.197458455522971699e-01 8.054375932215613876e-01
6.217008797653958974e-01 8.085497199137179347e-01
6.236559139784946248e-01 8.116953338775338977e-01
6.256109481915933523e-01 8.148749223427265154e-01
6.275659824046920798e-01 8.180889819839560761e-01
6.295210166177908073e-01 8.213380191418920839e-01
6.314760508308895348e-01 8.246225500502499806e-01
6.334310850439882623e-01 8.279431010689660697e-01
6.353861192570869898e-01 8.313002089237010450e-01
6.373411534701857173e-01 8.346944209518534219e-01
6.392961876832844448e-01 8.381262953552804928e-01
6.412512218963831723e-01 8.415964014599246479e-01
6.432062561094818998e-01 8.451053199825450113e-01
6.451612903225806273e-01 8.486536433047797701e-01
6.471163245356793547e-01 8.522419757547401442e-01
6.490713587487780822e-01 8.558709338963730318e-01
6.510263929618768097e-01 8.595411468268173705e-01
6.529814271749755372e-01 8.632532564819924703e-01
6.549364613880742647e-01 8.670079179506655631e-01
6.568914956011729922e-01 8.708057997972477038e-01
6.588465298142717197e-01 8.746475843935841432e-01
6.608015640273704472e-01 8.785339682599901945e-01
6.627565982404691747e-01 8.824656624158310203e-01
6.647116324535679022e-01 8.864433927399034685e-01
6.666666666666666297e-01 8.904679003409271543e-01
6.686217008797653572e-01 8.945399419384356676e-01
6.705767350928640846e-01 8.986602902543776583e-01
6.725317693059628121e-01 9.028297344157355520e-01
6.744868035190615396e-01 9.070490803684987391e-01
6.764418377321602671e-01 9.113191513033093161e-01
6.783968719452589946e-01 9.156407880931284327e-01
6.803519061583577221e-01 9.200148497432724115e-01
6.823069403714564496e-01 9.244422138541726897e-01
6.842619745845551771e-01 9.289237770972323949e-01
6.862170087976539046e-01 9.334604557041465966e-01
6.881720430107527431e-01 9.380531859700821373e-01
6.901270772238514706e-01 9.427029247711002924e-01
6.920821114369501981e-01 9.474106500962276023e-01
6.940371456500489256e-01 9.521773615945895441e-01
6.959921798631476531e-01 9.570040811380196022e-01
6.979472140762463805e-01 9.618918533995727271e-01
6.999022482893451080e-01 9.668417464483832768e-01
7.018572825024438355e-01 9.718548523612998702e-01
7.038123167155425630e-01 9.769322878517628927e-01
7.057673509286412905e-01 9.820751949163634142e-01
7.077223851417400180e-01 9.872847414995610249e-01
7.096774193548387455e-01 9.925621221770234426e-01
7.116324535679374730e-01 9.979085588580629551e-01
7.135874877810362005e-01 1.003325301507648426e+00
7.155425219941349280e-01 1.008813628888474145e+00
7.174975562072336555e-01 1.014374849323569583e+00
7.194525904203323829e-01 1.020010301479939985e+00
7.214076246334311104e-01 1.025721355173710769e+00
7.233626588465298379e-01 1.031509412197274322e+00
7.253176930596285654e-01 1.037375907168905931e+00
7.272727272727272929e-01 1.043322308405334464e+00
7.292277614858260204e-01 1.049350118817729438e+00
7.311827956989247479e-01 1.055460876831560757e+00
7.331378299120234754e-01 1.061656157330785666e+00
7.350928641251222029e-01 1.067937572626780574e+00
7.370478983382209304e-01 1.074306773452447183e+00
7.390029325513196579e-01 1.080765449981869297e+00
7.409579667644183854e-01 1.087315332875893548e+00
7.429130009775171128e-01 1.093958194353967128e+00
7.448680351906158403e-01 1.100695849292535611e+00
7.468230694037145678e-01 1.107530156350265305e+00
7.487781036168132953e-01 1.114463019120299769e+00
7.507331378299120228e-01 1.121496387309719456e+00
7.526881720430107503e-01 1.128632257946316608e+00
7.546432062561094778e-01 1.135872676612718513e+00
7.565982404692082053e-01 1.143219738707828670e+00
7.585532746823069328e-01 1.150675590735481313e+00
7.605083088954056603e-01 1.158242431620081003e+00
7.624633431085043878e-01 1.165922514048943093e+00
7.644183773216031152e-01 1.173718145840886073e+00
7.663734115347018427e-01 1.181631691340542467e+00
7.683284457478005702e-01 1.189665572837689922e+00
7.702834799608992977e-01 1.197822272010754752e+00
7.722385141739980252e-01 1.206104331393471174e+00
7.741935483870967527e-01 1.214514355863494321e+00
7.761485826001954802e-01 1.223055014151547937e+00
7.781036168132942077e-01 1.231729040369473616e+00
7.800586510263929352e-01 1.240539235555288888e+00
7.820136852394916627e-01 1.249488469233092536e+00
7.839687194525903902e-01 1.258579680985365989e+00
7.859237536656891177e-01 1.267815882034885933e+00
7.878787878787878451e-01 1.277200156833101063e+00
7.898338220918865726e-01 1.286735664651483591e+00
7.917888563049853001e-01 1.296425641171883081e+00
7.937438905180840276e-01 1.306273400071526813e+00
7.956989247311827551e-01 1.316282334597762338e+00
7.976539589442814826e-01 1.326455919127158323e+00
7.996089931573802101e-01 1.336797710702964492e+00
8.015640273704789376e-01 1.347311350544356134e+00
8.035190615835776651e-01 1.358000565520186331e+00
8.054740957966763926e-01 1.368869169579294942e+00
8.074291300097751201e-01 1.379921065128637547e+00
8.093841642228738475e-01 1.391160244349689767e+00
8.113391984359725750e-01 1.402590790442707291e+00
8.132942326490713025e-01 1.414216878787509790e+00
8.152492668621701410e-01 1.426042778008450584e+00
8.172043010752688685e-01 1.438072850930206537e+00
8.191593352883675960e-01 1.450311555409918407e+00
8.211143695014663235e-01 1.462763445030036413e+00
8.230694037145650510e-01 1.475433169635019803e+00
8.250244379276637785e-01 1.488325475693766720e+00
8.269794721407625060e-01 1.501445206468296156e+00
8.289345063538612335e-01 1.514797301967844678e+00
8.308895405669599610e-01 1.528386798666107715e+00
8.328445747800586885e-01 1.542218828957906185e+00
8.347996089931574160e-01 1.556298620330007987e+00
8.367546432062561435e-01 1.570631494219426383e+00
8.387096774193548709e-01 1.585222864530878795e+00
8.406647116324535984e-01 1.600078235783669811e+00
8.426197458455523259e-01 1.615203200856732968e+00
8.445747800586510534e-01 1.630603438299127905e+00
8.465298142717497809e-01 1.646284709171955241e+00
8.484848484848485084e-01 1.662252853386344098e+00
8.504398826979472359e-01 1.678513785501057010e+00
8.523949169110459634e-01 1.695073489942290124e+00
8.543499511241446909e-01 1.711938015607442631e+00
8.563049853372434184e-01 1.729113469814198334e+00
8.582600195503421459e-01 1.746606011555923654e+00
8.602150537634408733e-01 1.764421844024652630e+00
8.621700879765396008e-01 1.782567206363366186e+00
8.641251221896383283e-01 1.801048364610352115e+00
8.660801564027370558e-01 1.819871601799907923e+00
8.680351906158357833e-01 1.839043207185870443e+00
8.699902248289345108e-01 1.858569464557151552e+00
8.719452590420332383e-01 1.878456639618103718e+00
8.739002932551319658e-01 1.898710966410781520e+00
8.758553274682306933e-01 1.919338632761422803e+00
8.778103616813294208e-01 1.940345764739570988e+00
8.797653958944281483e-01 1.961738410125376308e+00
8.817204301075268758e-01 1.983522520888703511e+00
8.836754643206256032e-01 2.005703934692872004e+00
8.856304985337243307e-01 2.028288355446074220e+00
8.875855327468230582e-01 2.051281332934785429e+00
8.895405669599217857e-01 2.074688241585791015e+00
8.914956011730205132e-01 2.098514258416785072e+00
8.934506353861192407e-01 2.122764340249551740e+00
8.954056695992179682e-01 2.147443200274785191e+00
8.973607038123166957e-01 2.172555284073050430e+00
8.993157380254154232e-01 2.198104745212368982e+00
9.012707722385141507e-01 2.224095420559027314e+00
9.032258064516128782e-01 2.250530805454283634e+00
9.051808406647116056e-01 2.277414028925218048e+00
9.071358748778103331e-01 2.304747829112954616e+00
9.090909090909090606e-01 2.332534529115210198e+00
9.110459433040077881e-01 2.360776013452437372e+00
9.130009775171065156e-01 2.389473705377209267e+00
9.149560117302052431e-01 2.418628545254495332e+00
9.169110459433039706e-01 2.448240970245866954e+00
9.188660801564026981e-01 2.478310895532800373e+00
9.208211143695014256e-01 2.508837697313102133e+00
9.227761485826001531e-01 2.539820197799399271e+00
9.247311827956988806e-01 2.571256652439843915e+00
9.266862170087976081e-01 2.603144739568038712e+00
9.286412512218963355e-01 2.635481552672110706e+00
9.305962854349950630e-01 2.668263595451597414e+00
9.325513196480937905e-01 2.701486779805695182e+00
9.345063538611925180e-01 2.735146426867709035e+00
9.364613880742912455e-01 2.769237271168593306e+00
9.384164222873900840e-01 2.803753467977931013e+00
9.403714565004888115e-01 2.838688603834014224e+00
9.423264907135875390e-01 2.874035710236751751e+00
9.442815249266862665e-01 2.909787280438511647e+00
9.462365591397849940e-01 2.945935289229715259e+00
9.481915933528837215e-01 2.982471215578703205e+00
9.501466275659824490e-01 3.019386067949974883e+00
9.521016617790811765e-01 3.056670412092186151e+00
9.540566959921799040e-01 3.094314401057850272e+00
9.560117302052786314e-01 3.132307807191312854e+00
9.579667644183773589e-01 3.170640055800621582e+00
9.599217986314760864e-01 3.209300260212905709e+00
9.618768328445748139e-01 3.248277257901968973e+00
9.638318670576735414e-01 3.287559647371127269e+00
9.657869012707722689e-01 3.327135825473857889e+00
9.677419354838709964e-01 3.366994024859493173e+00
9.696969696969697239e-01 3.407122351240384539e+00
9.716520039100684514e-01 3.447508820190782419e+00
9.736070381231671789e-01 3.488141393205117957e+00
9.755620723362659064e-01 3.529008012764257352e+00
9.775171065493646338e-01 3.570096636181742777e+00
9.794721407624633613e-01 3.611395268027697281e+00
9.814271749755620888e-01 3.652891990954934442e+00
9.833822091886608163e-01 3.694574994779677990e+00
9.853372434017595438e-01 3.736432603697181332e+00
9.872922776148582713e-01 3.778453301540238396e+00
9.892473118279569988e-01 3.820625755015316649e+00
9.912023460410557263e-01 3.862938834876639138e+00
9.931573802541544538e-01 3.905381635022461939e+00
9.951124144672531813e-01 3.947943489519947668e+00
9.970674486803519088e-01 3.990613987585009070e+00
9.990224828934506363e-01 4.033382986561301564e+00
1.000977517106549364e+00 4.076240622958152926e+00
1.002932551319648091e+00 4.119177321620346888e+00
1.004887585532746819e+00 4.162183803113760128e+00
1.006842619745845546e+00 4.205251089419633104e+00
1.008797653958944274e+00 4.248370508036869886e+00
1.010752688172043001e+00 4.291533694596809667e+00
1.012707722385141729e+00 4.334732594097660652e+00
1.014662756598240456e+00 4.377959460867449693e+00
1.016617790811339184e+00 4.421206857364236242e+00
1.018572825024437911e+00 4.464467651921159685e+00
1.020527859237536639e+00 4.507735015541606494e+00
1.022482893450635366e+00 4.551002417846525816e+00
1.024437927663734094e+00 4.594263622272199754e+00
1.026392961876832821e+00 4.637512680612123184e+00
1.028347996089931549e+00 4.680743926991763892e+00
1.030303030303030276e+00 4.723951971359844570e+00
1.032258064516129004e+00 4.767131692574269941e+00
1.034213098729227731e+00 4.810278231155279194e+00
1.036168132942326459e+00 4.853386981772972675e+00
1.038123167155425186e+00 4.896453585530573527e+00
1.040078201368523914e+00 4.939473922099941738e+00
1.042033235581622641e+00 4.982444101760043154e+00
1.043988269794721369e+00 5.025360457384315360e+00
1.045943304007820096e+00 5.068219536418316906e+00
1.047898338220918824e+00 5.111018092883962360e+00
1.049853372434017551e+00 5.153753079443013085e+00
1.051808406647116279e+00 5.196421639547893712e+00
1.053763440860215006e+00 5.239021099704618933e+00
1.055718475073313734e+00 5.281548961869043879e+00
1.057673509286412461e+00 5.324002895994318862e+00
1.059628543499511188e+00 5.366380732744890025e+00
1.061583577712609916e+00 5.408680456389307167e+00
1.063538611925708643e+00 5.450900197882095455e+00
1.065493646138807371e+00 5.493038228142591350e+00
1.067448680351906098e+00 5.535092951536620731e+00
1.069403714565004826e+00 5.577062899565386367e+00
1.071358748778103553e+00 5.618946724764231959e+00
1.073313782991202281e+00 5.660743194812627443e+00
1.075268817204301008e+00 5.702451186855462595e+00
1.077223851417399736e+00 5.744069682034834479e+00
1.079178885630498463e+00 5.785597760230491104e+00
1.081133919843597191e+00 5.827034595006289841e+00
1.083088954056695918e+00 5.868379448759372785e+00
1.085043988269794646e+00 5.909631668068509924e+00
1.086999022482893373e+00 5.950790679236901859e+00
1.088954056695992101e+00 5.991855984025146853e+00
1.090909090909090828e+00 6.032827155569131072e+00
1.092864125122189556e+00 6.073703834477855779e+00
1.094819159335288283e+00 6.114485725105532232e+00
1.096774193548387011e+00 6.155172591992703168e+00
1.098729227761485738e+00 6.195764256470517317e+00
1.100684261974584466e+00 6.236260593422718657e+00
1.102639296187683193e+00 6.276661528199566575e+00
1.104594330400781921e+00 6.316967033678036358e+00
1.106549364613880648e+00 6.357177127462819044e+00
1.108504398826979376e+00 6.397291869222545557e+00
1.110459433040078103e+00 6.437311358155711538e+00
1.112414467253176831e+00 6.477235730581202944e+00
1.114369501466275558e+00 6.517065157648008089e+00
1.116324535679374286e+00 6.556799843159149432e+00
1.118279569892473013e+00 6.596440021504874629e+00
1.120234604105571741e+00 6.635985955700318684e+00
1.122189638318670468e+00 6.675437935522968047e+00
1.124144672531769196e+00 6.714796275745494647e+00
1.126099706744867923e+00 6.754061314459514520e+00
1.128054740957966873e+00 6.793233411486156115e+00
1.130009775171065600e+00 6.832312946869410375e+00
1.131964809384164328e+00 6.871300319448379490e+00
1.133919843597263055e+00 6.910195945504576720e+00
1.135874877810361783e+00 6.949000257480893339e+00
1.137829912023460510e+00 6.987713702768638235e+00
1.139784946236559238e+00 7.026336742559407433e+00
1.141739980449657965e+00 7.064869850758644709e+00
1.143695014662756693e+00 7.103313512957930342e+00
1.145650048875855420e+00 7.141668225462849406e+00
1.147605083088954148e+00 7.179934494374125897e+00
1.149560117302052875e+00 7.218112834718941606e+00
1.151515151515151603e+00 7.256203769630239719e+00
1.153470185728250330e+00 7.294207829571436541e+00
1.155425219941349058e+00 7.332125551604326219e+00
1.157380254154447785e+00 7.369957478697979347e+00
1.159335288367546513e+00 7.407704159076585526e+00
1.161290322580645240e+00 7.445366145604225494e+00
1.163245356793743968e+00 7.482943995204634824e+00
1.165200391006842695e+00 7.520438268314347141e+00
1.167155425219941423e+00 7.557849528367302838e+00
1.169110459433040150e+00 7.595178341309383185e+00
1.171065493646138878e+00 7.632425275141373255e+00
1.173020527859237605e+00 7.669590899488866853e+00
1.174975562072336333e+00 7.706675785197555584e+00
1.176930596285435060e+00 7.743680503952845129e+00
1.178885630498533788e+00 7.780605627922350997e+00
1.180840664711632515e+00 7.817451729420136886e+00
1.182795698924731242e+00 7.854219380591501043e+00
1.184750733137829970e+00 7.890909153117341646e+00
1.186705767350928697e+00 7.927521617936950094e+00
1.188660801564027425e+00 7.964057344988392018e+00
1.190615835777126152e+00 8.000516902965355115e+00
1.192570869990224880e+00 8.036900859089811888e+00
1.194525904203323607e+00 8.073209778899505196e+00
1.196480938416422335e+00 8.109444226049546955e+00
1.198435972629521062e+00 8.145604762127245380e+00
1.200391006842619790e+00 8.181691946479723754e+00
1.202346041055718517e+00 8.217706336053311134e+00
1.204301075268817245e+00 8.253648485244330146e+00
1.206256109481915972e+00 8.289518945760555368e+00
1.208211143695014700e+00 8.325318266492747199e+00
1.210166177908113427e+00 8.361046993395794047e+00
1.212121212121212155e+00 8.396705669378842884e+00
1.214076246334310882e+00 8.432294834204103751e+00
1.216031280547409610e+00 8.467815024393557266e+00
1.217986314760508337e+00 8.503266773143444368e+00
1.219941348973607065e+00 8.538650610245916539e+00
1.221896383186705792e+00 8.573967062017493035e+00
1.223851417399804520e+00 8.609216651234035567e+00
1.225806451612903247e+00 8.644399897071700423e+00
1.227761485826001975e+00 8.679517315053704607e+00
1.229716520039100702e+00 8.714569417002497431e+00
1.231671554252199430e+00 8.749556710997012487e+00
1.233626588465298157e+00 8.784479701334817037e+00
1.235581622678396885e+00 8.819338888498711171e+00
1.237536656891495612e+00 8.854134769127725235e+00
1.239491691104594340e+00 8.888867835992058986e+00
1.241446725317693067e+00 8.923538577971875441e+00
1.243401759530791795e+00 8.958147480039681199e+00
1.245356793743890522e+00 8.992695023246142227e+00
1.247311827956989250e+00 9.027181684708853737e+00
1.249266862170087977e+00 9.061607937604433616e+00
1.251221896383186705e+00 9.095974251163063684e+00
1.253176930596285432e+00 9.130281090665999244e+00
1.255131964809384160e+00 9.164528917445270650e+00
1.257086999022482887e+00 9.198718188885951719e+00
1.259042033235581615e+00 9.232849358430378572e+00
1.260997067448680342e+00 9.266922875584622687e+00
1.262952101661779070e+00 9.300939185926722530e+00
1.264907135874877797e+00 9.334898731116762605e+00
1.266862170087976525e+00 9.368801948908640043e+00
1.268817204301075252e+00 9.402649273163385502e+00
1.270772238514173980e+00 9.436441133863901598e+00
1.272727272727272707e+00 9.470177957131136637e+00
1.274682306940371435e+00 9.503860165241444946e+00
1.276637341153470162e+00 9.537488176645187110e+00
1.278592375366568890e+00 9.571062405986381805e+00
1.280547409579667617e+00 9.604583264123423447e+00
1.282502443792766345e+00 9.638051158150652498e+00
1.284457478005865072e+00 9.671466491420922296e+00
1.286412512218963800e+00 9.704829663568812492e+00
1.288367546432062527e+00 9.738141070534720001e+00
1.290322580645161255e+00 9.771401104589520159e+00
1.292277614858259982e+00 9.804610154359977514e+00
1.294232649071358709e+00 9.837768604854538523e+00
1.296187683284457437e+00 9.870876837489802824e+00
1.298142717497556164e+00 9.903935230117427935e+00
1.300097751710654892e+00 9.936944157051360804e+00
1.302052785923753619e+00 9.969903989095604047e+00
1.304007820136852347e+00 1.000281509357217935e+01
1.305962854349951074e+00 1.003567783434946747e+01
1.307917888563049802e+00 1.006849257187081648e+01
1.309872922776148529e+00 1.010125966318336133e+01
1.311827956989247257e+00 1.013397946196702648e+01
1.313782991202345984e+00 1.016665231856373453e+01
1.315738025415444712e+00 1.019927858000673027e+01
1.317693059628543439e+00 1.023185859005002740e+01
1.319648093841642167e+00 1.026439268919797776e+01
1.321603128054740894e+00 1.029688121473478013e+01
1.323558162267839622e+00 1.032932450075424846e+01
1.325513196480938349e+00 1.036172287818936510e+01
1.327468230694037077e+00 1.039407667484204723e+01
1.329423264907135804e+00 1.042638621541270183e+01
1.331378299120234532e+00 1.045865182152990869e+01
1.333333333333333259e+00 1.049087381177997358e+01
1.335288367546431987e+00 1.052305250173642115e+01
1.337243401759530714e+00 1.055518820398940782e+01
1.339198435972629442e+00 1.058728122817509210e+01
1.341153470185728169e+00 1.061933188100479875e+01
1.343108504398826897e+00 1.065134046629421150e+01
1.345063538611925624e+00 1.068330728499224591e+01
1.347018572825024352e+00 1.071523263520996494e+01
1.348973607038123079e+00 1.074711681224929016e+01
1.350928641251221807e+00 1.077896010863145193e+01
1.352883675464320534e+00 1.081076281412544660e+01
1.354838709677419262e+00 1.084252521577618467e+01
1.356793743890517989e+00 1.087424759793257500e+01
1.358748778103616717e+00 1.090593024227528929e+01
1.360703812316715444e+00 1.093757342784445896e+01
1.362658846529814172e+00 1.096917743106712706e+01
1.364613880742912899e+00 1.100074252578443357e+01
1.366568914956011627e+00 1.103226898327876349e+01
1.368523949169110354e+00 1.106375707230047922e+01
1.370478983382209082e+00 1.109520705909462990e+01
1.372434017595307809e+00 1.112661920742725030e+01
1.374389051808406537e+00 1.115799377861165453e+01
1.376344086021505486e+00 1.118933103153430864e+01
1.378299120234604214e+00 1.122063122268060198e+01
1.380254154447702941e+00 1.125189460616035930e+01
1.382209188660801669e+00 1.128312143373308274e+01
1.384164222873900396e+00 1.131431195483305174e+01
1.386119257086999124e+00 1.134546641659408195e+01
1.388074291300097851e+00 1.137658506387414015e+01
1.390029325513196579e+00 1.140766813927968926e+01
1.391984359726295306e+00 1.143871588318977217e+01
1.393939393939394034e+00 1.146972853377992685e+01
1.395894428152492761e+00 1.150070632704578699e+01
1.397849462365591489e+00 1.153164949682653884e+01
1.399804496578690216e+00 1.156255827482804932e+01
1.401759530791788944e+00 1.159343289064578819e+01
1.403714565004887671e+00 1.162427357178756893e+01
1.405669599217986399e+00 1.165508054369599122e+01
1.407624633431085126e+00 1.168585402977067211e+01
1.409579667644183854e+00 1.171659425139024435e+01
1.411534701857282581e+00 1.174730142793410792e+01
1.413489736070381309e+00 1.177797577680397012e+01
1.415444770283480036e+00 1.180861751344515120e+01
1.417399804496578763e+00 1.183922685136767861e+01
1.419354838709677491e+00 1.186980400216704901e+01
1.421309872922776218e+00 1.190034917554491933e+01
1.423264907135874946e+00 1.193086257932948868e+01
1.425219941348973673e+00 1.196134441949561023e+01
1.427174975562072401e+00 1.199179490018480365e+01
1.429130009775171128e+00 1.202221422372492654e+01
1.431085043988269856e+00 1.205260259064966277e+01
1.433040078201368583e+00 1.208296019971784396e+01
1.434995112414467311e+00 1.211328724793248846e+01
1.436950146627566038e+00 1.214358393055968222e+01
1.438905180840664766e+00 1.217385044114714177e+01
1.440860215053763493e+00 1.220408697154269362e+01
1.442815249266862221e+00 1.223429371191248016e+01
1.444770283479960948e+00 1.226447085075896481e+01
1.446725317693059676e+00 1.229461857493871690e+01
1.448680351906158403e+00 1.232473706967999760e+01
1.450635386119257131e+00 1.235482651860017711e+01
1.452590420332355858e+00 1.238488710372290669e+01
1.454545454545454586e+00 1.241491900549510774e+01
1.456500488758553313e+00 1.244492240280379036e+01
1.458455522971652041e+00 1.247489747299261253e+01
1.460410557184750768e+00 1.250484439187830787e+01
1.462365591397849496e+00 1.253476333376691976e+01
1.464320625610948223e+00 1.256465447146976722e+01
1.466275659824046951e+00 1.259451797631937353e+01
1.468230694037145678e+00 1.262435401818498804e+01
1.470185728250244406e+00 1.265416276548821983e+01
1.472140762463343133e+00 1.268394438521817591e+01
1.474095796676441861e+00 1.271369904294665254e+01
1.476050830889540588e+00 1.274342690284304780e+01
1.478005865102639316e+00 1.277312812768910177e+01
1.479960899315738043e+00 1.280280287889348756e+01
1.481915933528836771e+00 1.283245131650622461e+01
1.483870967741935498e+00 1.286207359923293581e+01
1.485826001955034226e+00 1.289166988444885398e+01
1.487781036168132953e+00 1.292124032821281077e+01
1.489736070381231681e+00 1.295078508528090211e+01
1.491691104594330408e+00 1.298030430912013777e+01
1.493646138807429136e+00 1.300979815192178890e+01
1.495601173020527863e+00 1.303926676461470890e+01
1.497556207233626591e+00 1.306871029687839858e+01
1.499511241446725318e+00 1.309812889715598061e+01
1.501466275659824046e+00 1.312752271266696624e+01
1.503421309872922773e+00 1.315689188941992072e+01
1.505376344086021501e+00 1.318623657222493861e+01
1.507331378299120228e+00 1.321555690470601974e+01
1.509286412512218956e+00 1.324485302931323716e+01
1.511241446725317683e+00 1.327412508733485197e+01
1.513196480938416411e+00 1.330337321890912605e+01
1.515151515151515138e+00 1.333259756303620236e+01
1.517106549364613866e+00 1.336179825758968498e+01
1.519061583577712593e+00 1.339097543932811440e+01
1.521016617790811321e+00 1.342012924390641615e+01
1.522971652003910048e+00 1.344925980588702785e+01
1.524926686217008776e+00 1.347836725875107255e+01
1.526881720430107503e+00 1.350745173490926021e+01
1.528836754643206230e+00 1.353651336571280517e+01
1.530791788856304958e+00 1.356555228146403635e+01
1.532746823069403685e+00 1.359456861142704653e+01
1.534701857282502413e+00 1.362356248383816748e+01
1.536656891495601140e+00 1.365253402591623022e+01
1.538611925708699868e+00 1.368148336387283948e+01
1.540566959921798595e+00 1.371041062292243318e+01
1.542521994134897323e+00 1.373931592729232065e+01
1.544477028347996050e+00 1.376819940023246858e+01
1.546432062561094778e+00 1.379706116402528693e+01
1.548387096774193505e+00 1.382590133999525683e+01
1.550342130987292233e+00 1.385472004851839856e+01
1.552297165200390960e+00 1.388351740903179454e+01
1.554252199413489688e+00 1.391229354004275898e+01
1.556207233626588415e+00 1.394104855913809260e+01
1.558162267839687143e+00 1.396978258299318654e+01
1.560117302052785870e+00 1.399849572738094139e+01
1.562072336265884598e+00 1.402718810718067921e+01
1.564027370478983325e+00 1.405585983638690806e+01
1.565982404692082053e+00 1.408451102811798350e+01
1.567937438905180780e+00 1.411314179462466711e+01
1.569892473118279508e+00 1.414175224729863700e+01
1.571847507331378235e+00 1.417034249668079404e+01
1.573802541544476963e+00 1.419891265246962853e+01
1.575757575757575690e+00 1.422746282352929548e+01
1.577712609970674418e+00 1.425599311789778412e+01
1.579667644183773145e+00 1.428450364279484930e+01
1.581622678396871873e+00 1.431299450462998912e+01
1.583577712609970600e+00 1.434146580901017387e+01
1.585532746823069328e+00 1.436991766074759092e+01
1.587487781036168055e+00 1.439835016386732391e+01
1.589442815249266783e+00 1.442676342161485969e+01
1.591397849462365510e+00 1.445515753646353119e+01
1.593352883675464238e+00 1.448353261012195148e+01
1.595307917888562965e+00 1.451188874354122760e+01
1.597262952101661693e+00 1.454022603692224536e+01
1.599217986314760420e+00 1.456854458972273392e+01
1.601173020527859148e+00 1.459684450066436234e+01
1.603128054740957875e+00 1.462512586773965495e+01
1.605083088954056603e+00 1.465338878821894930e+01
1.607038123167155330e+00 1.468163335865712327e+01
1.608993157380254058e+00 1.470985967490037538e+01
1.610948191593352785e+00 1.473806783209289328e+01
1.612903225806451513e+00 1.476625792468341203e+01
1.614858260019550240e+00 1.479443004643172799e+01
1.616813294232648968e+00 1.482258429041511505e+01
1.618768328445747695e+00 1.485072074903476391e+01
1.620723362658846423e+00 1.487883951402195848e+01
1.622678396871945150e+00 1.490694067644440324e+01
1.624633431085043878e+00 1.493502432671232505e+01
1.626588465298142605e+00 1.496309055458456427e+01
1.628543499511241555e+00 1.499113944917459484e+01
1.630498533724340282e+00 1.501917109895649105e+01
1.632453567937439010e+00 1.504718559177076287e+01
1.634408602150537737e+00 1.507518301483025702e+01
1.636363636363636465e+00 1.510316345472582356e+01
1.638318670576735192e+00 1.513112699743209610e+01
1.640273704789833920e+00 1.515907372831303590e+01
1.642228739002932647e+00 1.518700373212754684e+01
1.644183773216031375e+00 1.521491709303501416e+01
1.646138807429130102e+00 1.524281389460064595e+01
1.648093841642228830e+00 1.527069421980097985e+01
1.650048875855327557e+00 1.529855815102912331e+01
1.652003910068426284e+00 1.532640577010008620e+01
1.653958944281525012e+00 1.535423715825593050e+01
1.655913978494623739e+00 1.538205239617100162e+01
1.657869012707722467e+00 1.540985156395694133e+01
1.659824046920821194e+00 1.543763474116781254e+01
1.661779081133919922e+00 1.546540200680502686e+01
1.663734115347018649e+00 1.549315343932232558e+01
1.665689149560117377e+00 1.552088911663062909e+01
1.667644183773216104e+00 1.554860911610293783e+01
1.669599217986314832e+00 1.557631351457895974e+01
1.671554252199413559e+00 1.560400238837001652e+01
1.673509286412512287e+00 1.563167581326360711e+01
1.675464320625611014e+00 1.565933386452803688e+01
1.677419354838709742e+00 1.568697661691707879e+01
1.679374389051808469e+00 1.571460414467441069e+01
1.681329423264907197e+00 1.574221652153812911e+01
1.683284457478005924e+00 1.576981382074520965e+01
1.685239491691104652e+00 1.579739611503581109e+01
1.687194525904203379e+00 1.582496347665771808e+01
1.689149560117302107e+00 1.585251597737056528e+01
1.691104594330400834e+00 1.588005368845010423e+01
1.693059628543499562e+00 1.590757668069242925e+01
1.695014662756598289e+00 1.593508502441806485e+01
1.696969696969697017e+00 1.596257878947618991e+01
1.698924731182795744e+00 1.599005804524858654e+01
1.700879765395894472e+00 1.601752286065375941e+01
1.702834799608993199e+00 1.604497330415090062e+01
1.704789833822091927e+00 1.607240944374383673e+01
1.706744868035190654e+00 1.609983134698489948e+01
1.708699902248289382e+00 1.612723908097885328e+01
1.710654936461388109e+00 1.615463271238661491e+01
1.712609970674486837e+00 1.618201230742916508e+01
1.714565004887585564e+00 1.620937793189122544e+01
1.716520039100684292e+00 1.623672965112493571e+01
1.718475073313783019e+00 1.626406753005358041e+01
1.720430107526881747e+00 1.629139163317520556e+01
1.722385141739980474e+00 1.631870202456615715e+01
1.724340175953079202e+00 1.634599876788475825e+01
1.726295210166177929e+00 1.637328192637464497e+01
1.728250244379276657e+00 1.640055156286845062e+01
1.730205278592375384e+00 1.642780773979108488e+01
1.732160312805474112e+00 1.645505051916329009e+01
1.734115347018572839e+00 1.648227996260488482e+01
1.736070381231671567e+00 1.650949613133819227e+01
1.738025415444770294e+00 1.653669908619135143e+01
1.739980449657869022e+00 1.656388888760152156e+01
1.741935483870967749e+00 1.659106559561824312e+01
1.743890518084066477e+00 1.661822926990650018e+01
1.745845552297165204e+00 1.664537996975001732e+01
1.747800586510263932e+00 1.667251775405435765e+01
1.749755620723362659e+00 1.669964268135005270e+01
1.751710654936461387e+00 1.672675480979563645e+01
1.753665689149560114e+00 1.675385419718078239e+01
1.755620723362658842e+00 1.678094090092929136e+01
1.757575757575757569e+00 1.680801497810200473e+01
1.759530791788856297e+00 1.683507648539989887e+01
1.761485826001955024e+00 1.686212547916685622e+01
1.763440860215053752e+00 1.688916201539276685e+01
1.765395894428152479e+00 1.691618614971627466e+01
1.767350928641251206e+00 1.694319793742756985e+01
1.769305962854349934e+00 1.697019743347138743e+01
1.771260997067448661e+00 1.699718469244962193e+01
1.773216031280547389e+00 1.702415976862418034e+01
1.775171065493646116e+00 1.705112271591970341e+01
1.777126099706744844e+00 1.707807358792626928e+01
1.779081133919843571e+00 1.710501243790205805e+01
1.781036168132942299e+00 1.713193931877600562e+01
1.782991202346041026e+00 1.715885428315051087e+01
1.784946236559139754e+00 1.718575738330392966e+01
1.786901270772238481e+00 1.721264867119320741e+01
1.788856304985337209e+00 1.723952819845645479e+01
1.790811339198435936e+00 1.726639601641540622e+01
1.792766373411534664e+00 1.729325217607799203e+01
1.794721407624633391e+00 1.732009672814082535e+01
1.796676441837732119e+00 1.734692972299153979e+01
1.798631476050830846e+00 1.737375121071141493e+01
1.800586510263929574e+00 1.740056124107760027e+01
1.802541544477028301e+00 1.742735986356560218e+01
1.804496578690127029e+00 1.745414712735165708e+01
1.806451612903225756e+00 1.748092308131496964e+01
1.808406647116324484e+00 1.750768777404018195e+01
1.810361681329423211e+00 1.753444125381952290e+01
1.812316715542521939e+00 1.756118356865517072e+01
1.814271749755620666e+00 1.758791476626149120e+01
1.816226783968719394e+00 1.761463489406726168e+01
1.818181818181818121e+00 1.764134399921783469e+01
1.820136852394916849e+00 1.766804212857744361e+01
1.822091886608015576e+00 1.769472932873120286e+01
1.824046920821114304e+00 1.772140564598747403e+01
1.826001955034213031e+00 1.774807112637973461e+01
1.827956989247311759e+00 1.777472581566892629e+01
1.829912023460410486e+00 1.780136975934538413e+01
1.831867057673509214e+00 1.782800300263098947e+01
1.833822091886607941e+00 1.785462559048116304e+01
1.835777126099706669e+00 1.788123756758691485e+01
1.837732160312805396e+00 1.790783897837687277e+01
1.839687194525904124e+00 1.793442986701926145e+01
1.841642228739002851e+00 1.796101027742387402e+01
1.843597262952101579e+00 1.798758025324401899e+01
1.845552297165200306e+00 1.801413983787849560e+01
1.847507331378299034e+00 1.804068907447345538e+01
1.849462365591397761e+00 1.806722800592433842e+01
1.851417399804496489e+00 1.809375667487776340e+01
1.853372434017595216e+00 1.812027512373335014e+01
1.855327468230693944e+00 1.814678339464565937e+01
1.857282502443792671e+00 1.817328152952592291e+01
1.859237536656891399e+00 1.819976957004390528e+01
1.861192570869990126e+00 1.822624755762971560e+01
1.863147605083088854e+00 1.825271553347556974e+01
1.865102639296187581e+00 1.827917353853760574e+01
1.867057673509286309e+00 1.830562161353749318e+01
1.869012707722385036e+00 1.833205979896435522e+01
1.870967741935483764e+00 1.835848813507638155e+01
1.872922776148582491e+00 1.838490666190250167e+01
1.874877810361681219e+00 1.841131541924416837e+01
1.876832844574780168e+00 1.843771444667697068e+01
1.878787878787878896e+00 1.846410378355231785e+01
1.880742913000977623e+00 1.849048346899900253e+01
1.882697947214076351e+00 1.851685354192497357e+01
1.884652981427175078e+00 1.854321404101881399e+01
1.886608015640273806e+00 1.856956500475141070e+01
1.888563049853372533e+00 1.859590647137753550e+01
1.890518084066471260e+00 1.862223847893737627e+01
1.892473118279569988e+00 1.864856106525812152e+01
1.894428152492668715e+00 1.867487426795553418e+01
1.896383186705767443e+00 1.870117812443542249e+01
1.898338220918866170e+00 1.872747267189516052e+01
1.900293255131964898e+00 1.875375794732524781e+01
1.902248289345063625e+00 1.878003398751073760e+01
1.904203323558162353e+00 1.880630082903274669e+01
1.906158357771261080e+00 1.883255850826988365e+01
1.908113391984359808e+00 1.885880706139973384e+01
1.910068426197458535e+00 1.888504652440029474e+01
1.912023460410557263e+00 1.891127693305135793e+01
1.913978494623655990e+00 1.893749832293598701e+01
1.915933528836754718e+00 1.896371072944184633e+01
1.917888563049853445e+00 1.898991418776265405e+01
1.919843597262952173e+00 1.901610873289949666e+01
1.921798631476050900e+00 1.904229439966225002e+01
1.923753665689149628e+00 1.906847122267089389e+01
1.925708699902248355e+00 1.909463923635683713e+01
1.927663734115347083e+00 1.912079847496430673e+01
1.929618768328445810e+00 1.914694897255158779e+01
1.931573802541544538e+00 1.917309076299241255e+01
1.933528836754643265e+00 1.919922387997715063e+01
1.935483870967741993e+00 1.922534835701421230e+01
1.937438905180840720e+00 1.925146422743122088e+01
1.939393939393939448e+00 1.927757152437632371e+01
1.941348973607038175e+00 1.930367028081940717e+01
1.943304007820136903e+00 1.932976052955342183e+01
1.945259042033235630e+00 1.935584230319544474e+01
1.947214076246334358e+00 1.938191563418809693e+01
1.949169110459433085e+00 1.940798055480063411e+01
1.951124144672531813e+00 1.943403709713011907e+01
1.953079178885630540e+00 1.946008529310271484e+01
1.955034213098729268e+00 1.948612517447477188e+01
1.956989247311827995e+00 1.951215677283400396e+01
1.958944281524926723e+00 1.953818011960074585e+01
1.960899315738025450e+00 1.956419524602894455e+01
1.962854349951124178e+00 1.959020218320742046e+01
1.964809384164222905e+00 1.961620096206096164e+01
1.966764418377321633e+00 1.964219161335137898e+01
1.968719452590420360e+00 1.966817416767876026e+01
1.970674486803519088e+00 1.969414865548238325e+01
1.972629521016617815e+00 1.972011510704198400e+01
1.974584555229716543e+00 1.974607355247871610e+01
1.976539589442815270e+00 1.977202402175631590e+01
1.978494623655913998e+00 1.979796654468206540e+01
1.980449657869012725e+00 1.982390115090791483e+01
1.982404692082111453e+00 1.984982786993155912e+01
1.984359726295210180e+00 1.987574673109739720e+01
1.986314760508308908e+00 1.990165776359759420e+01
1.988269794721407635e+00 1.992756099647312951e+01
1.990224828934506363e+00 1.995345645861475958e+01
1.992179863147605090e+00 1.997934417876409441e+01
1.994134897360703818e+00 2.000522418551449633e+01
1.996089931573802545e+00 2.003109650731213520e+01
1.998044965786901273e+00 2.005696117245697607e+01
2.000000000000000000e+00 2.008281820910370641e+01
