x	y
1.252564728871519151e+00 2.775304529460204783e+00
1.253541768441621906e+00 2.849254866894404437e+00
1.254518808011724440e+00 2.906830347905731582e+00
1.255495847581826974e+00 2.955939637714460666e+00
1.256472887151929729e+00 2.999641374295633600e+00
1.257449926722032263e+00 3.039503127937761562e+00
1.258426966292134797e+00 3.076455737528181800e+00
1.259404005862237330e+00 3.111105542244950506e+00
1.260381045432339864e+00 3.143873634578486342e+00
1.261358085002442619e+00 3.175066573007944815e+00
1.262335124572545153e+00 3.204915765309618081e+00
1.263312164142647687e+00 3.233600982186999317e+00
1.264289203712750442e+00 3.261265180660307461e+00
1.265266243282852976e+00 3.288024267367950948e+00
1.266243282852955510e+00 3.313973765289242923e+00
1.267220322423058043e+00 3.339193505840658105e+00
1.268197361993160577e+00 3.363751017360436357e+00
1.269174401563263332e+00 3.387704027088303427e+00
1.270151441133365866e+00 3.411102344638295314e+00
1.271128480703468400e+00 3.433989304171702450e+00
1.272105520273571155e+00 3.456402885428191407e+00
1.273082559843673689e+00 3.478376596921097352e+00
1.274059599413776223e+00 3.499940180208017448e+00
1.275036638983878756e+00 3.521120177641654525e+00
1.276013678553981290e+00 3.541940394616858168e+00
1.276990718124084045e+00 3.562422279331098895e+00
1.277967757694186579e+00 3.582585237365928599e+00
1.278944797264289113e+00 3.602446894262696819e+00
1.279921836834391868e+00 3.622023316229767254e+00
1.280898876404494402e+00 3.641329196863243745e+00
1.281875915974596936e+00 3.660378016067053597e+00
1.282852955544699469e+00 3.679182176070269872e+00
1.283829995114802003e+00 3.697753118451165832e+00
1.284807034684904758e+00 3.716101425312568374e+00
1.285784074255007292e+00 3.734236907155641383e+00
1.286761113825109826e+00 3.752168679529063855e+00
1.287738153395212581e+00 3.769905230158013598e+00
1.288715192965315115e+00 3.787454477959433685e+00
1.289692232535417649e+00 3.804823825111173896e+00
1.290669272105520182e+00 3.822020203148845940e+00
1.291646311675622716e+00 3.839050113906954387e+00
1.292623351245725472e+00 3.855919665992202816e+00
1.293600390815828005e+00 3.872634607370750714e+00
1.294577430385930539e+00 3.889200354563969952e+00
1.295554469956033294e+00 3.905622018874415957e+00
1.296531509526135828e+00 3.921904430003007480e+00
1.297508549096238362e+00 3.938052157368034933e+00
1.298485588666340895e+00 3.954069529393356763e+00
1.299462628236443429e+00 3.969960650997573115e+00
1.300439667806546185e+00 3.985729419484995706e+00
1.301416707376648718e+00 4.001379539013532494e+00
1.302393746946751252e+00 4.016914533792139252e+00
1.303370786516854007e+00 4.032337760141794014e+00
1.304347826086956541e+00 4.047652417537129566e+00
1.305324865657059075e+00 4.062861558732415723e+00
1.306301905227161608e+00 4.077968099062846186e+00
1.307278944797264142e+00 4.092974825001860495e+00
1.308255984367366898e+00 4.107884402046055428e+00
1.309233023937469431e+00 4.122699381991046685e+00
1.310210063507571965e+00 4.137422209654999072e+00
1.311187103077674720e+00 4.152055229100150235e+00
1.312164142647777254e+00 4.166600689397443880e+00
1.313141182217879788e+00 4.181060749974674806e+00
1.314118221787982321e+00 4.195437485584346149e+00
1.315095261358084855e+00 4.209732890923818971e+00
1.316072300928187611e+00 4.223948884937049897e+00
1.317049340498290144e+00 4.238087314824384499e+00
1.318026380068392678e+00 4.252149959784301991e+00
1.319003419638495433e+00 4.266138534508660207e+00
1.319980459208597967e+00 4.280054692451081166e+00
1.320957498778700501e+00 4.293900028886254994e+00
1.321934538348803034e+00 4.307676083776228459e+00
1.322911577918905568e+00 4.321384344458482296e+00
1.323888617489008324e+00 4.335026248169143948e+00
1.324865657059110857e+00 4.348603184413448730e+00
1.325842696629213391e+00 4.362116497194874043e+00
1.326819736199316146e+00 4.375567487112864029e+00
1.327796775769418680e+00 4.388957413338670399e+00
1.328773815339521214e+00 4.402287495477906099e+00
1.329750854909623747e+00 4.415558915327553180e+00
1.330727894479726281e+00 4.428772818534757683e+00
1.331704934049829037e+00 4.441930316164068415e+00
1.332681973619931570e+00 4.455032486179181461e+00
1.333659013190034104e+00 4.468080374844963565e+00
1.334636052760136860e+00 4.481074998054833891e+00
1.335613092330239393e+00 4.494017342588387365e+00
1.336590131900341927e+00 4.506908367303750218e+00
1.337567171470444460e+00 4.519749004268784454e+00
1.338544211040546994e+00 4.532540159834843152e+00
1.339521250610649750e+00 4.545282715656782102e+00
1.340498290180752283e+00 4.557977529662443850e+00
1.341475329750854817e+00 4.570625436974669498e+00
1.342452369320957573e+00 4.583227250788667995e+00
1.343429408891060106e+00 4.595783763207363037e+00
1.344406448461162640e+00 4.608295746037331497e+00
1.345383488031265173e+00 4.620763951547348647e+00
1.346360527601367707e+00 4.633189113191961361e+00
1.347337567171470463e+00 4.645571946301929600e+00
1.348314606741572996e+00 4.657913148743339171e+00
1.349291646311675530e+00 4.670213401547388621e+00
1.350268685881778286e+00 4.682473369512180739e+00
1.351245725451880819e+00 4.694693701778198225e+00
1.352222765021983353e+00 4.706875032378916579e+00
1.353199804592085886e+00 4.719017980767815423e+00
1.354176844162188420e+00 4.731123152323076120e+00
1.355153883732291176e+00 4.743191138831140741e+00
1.356130923302393709e+00 4.755222518950251498e+00
1.357107962872496243e+00 4.767217858655061313e+00
1.358085002442598999e+00 4.779177711663129990e+00
1.359062042012701532e+00 4.791102619844413546e+00
1.360039081582804066e+00 4.802993113614578924e+00
1.361016121152906599e+00 4.814849712312788910e+00
1.361993160723009133e+00 4.826672924564993750e+00
1.362970200293111889e+00 4.838463248633265046e+00
1.363947239863214422e+00 4.850221172751934873e+00
1.364924279433316956e+00 4.861947175451164505e+00
1.365901319003419712e+00 4.873641725868581354e+00
1.366878358573522245e+00 4.885305284049536567e+00
1.367855398143624779e+00 4.896938301236546387e+00
1.368832437713727312e+00 4.908541220148464390e+00
1.369809477283829846e+00 4.920114475249818042e+00
1.370786516853932602e+00 4.931658493010804278e+00
1.371763556424035135e+00 4.943173692158422838e+00
1.372740595994137669e+00 4.954660483919162139e+00
1.373717635564240425e+00 4.966119272253528116e+00
1.374694675134342958e+00 4.977550454082965814e+00
1.375671714704445492e+00 4.988954419509426863e+00
1.376648754274548025e+00 5.000331552027938109e+00
1.377625793844650559e+00 5.011682228732579958e+00
1.378602833414753315e+00 5.023006820516025428e+00
1.379579872984855848e+00 5.034305692263156828e+00
1.380556912554958382e+00 5.045579203038840888e+00
1.381533952125061138e+00 5.056827706270227374e+00
1.382510991695163671e+00 5.068051549923946908e+00
1.383488031265266205e+00 5.079251076678175103e+00
1.384465070835368738e+00 5.090426624090090613e+00
1.385442110405471272e+00 5.101578524758799915e+00
1.386419149975574028e+00 5.112707106483965980e+00
1.387396189545676561e+00 5.123812692420470327e+00
1.388373229115779095e+00 5.134895601229065853e+00
1.389350268685881851e+00 5.145956147223541777e+00
1.390327308255984384e+00 5.156994640514323436e+00
1.391304347826086918e+00 5.168011387148808033e+00
1.392281387396189452e+00 5.179006689248617512e+00
1.393258426966291985e+00 5.189980845144007482e+00
1.394235466536394741e+00 5.200934149505303417e+00
1.395212506106497274e+00 5.211866893471997386e+00
1.396189545676599808e+00 5.222779364779292166e+00
1.397166585246702564e+00 5.233671847882312100e+00
1.398143624816805097e+00 5.244544624078370632e+00
1.399120664386907631e+00 5.255397971627127518e+00
1.400097703957010165e+00 5.266232165868926174e+00
1.401074743527112698e+00 5.277047479341626435e+00
1.402051783097215454e+00 5.287844181895648532e+00
1.403028822667317987e+00 5.298622540807851777e+00
1.404005862237420521e+00 5.309382820894075650e+00
1.404982901807523277e+00 5.320125284620546680e+00
1.405959941377625810e+00 5.330850192214414918e+00
1.406936980947728344e+00 5.341557801773394232e+00
1.407914020517830878e+00 5.352248369374746240e+00
1.408891060087933411e+00 5.362922149183701137e+00
1.409868099658036167e+00 5.373579393561572104e+00
1.410845139228138700e+00 5.384220353173431839e+00
1.411822178798241234e+00 5.394845277095907221e+00
1.412799218368343990e+00 5.405454412924870944e+00
1.413776257938446523e+00 5.416048006883332100e+00
1.414753297508549057e+00 5.426626303929775297e+00
1.415730337078651591e+00 5.437189547866942974e+00
1.416707376648754124e+00 5.447737981451208356e+00
1.417684416218856880e+00 5.458271846503005342e+00
1.418661455788959413e+00 5.468791384018079071e+00
1.419638495359061947e+00 5.479296834279955064e+00
1.420615534929164703e+00 5.489788436973982222e+00
1.421592574499267236e+00 5.500266431302690329e+00
1.422569614069369770e+00 5.510731056103088221e+00
1.423546653639472304e+00 5.521182549965987896e+00
1.424523693209574837e+00 5.531621151357430044e+00
1.425500732779677593e+00 5.542047098742655997e+00
1.426477772349780127e+00 5.552460630712735323e+00
1.427454811919882660e+00 5.562861986114203461e+00
1.428431851489985416e+00 5.573251404181882585e+00
1.429408891060087949e+00 5.583629124675280053e+00
1.430385930630190483e+00 5.593995388018798032e+00
1.431362970200293017e+00 5.604350435446120215e+00
1.432340009770395550e+00 5.614694509149027901e+00
1.433317049340498306e+00 5.625027852431329300e+00
1.434294088910600840e+00 5.635350709867886110e+00
1.435271128480703373e+00 5.645663327469214288e+00
1.436248168050806129e+00 5.655965952852615608e+00
1.437225207620908662e+00 5.666258835419706763e+00
1.438202247191011196e+00 5.676542226541118730e+00
1.439179286761113730e+00 5.686816379748897532e+00
1.440156326331216263e+00 5.697081550937518557e+00
1.441133365901319019e+00 5.707337998573473570e+00
1.442110405471421553e+00 5.717585983914797332e+00
1.443087445041524086e+00 5.727825771241009001e+00
1.444064484611626842e+00 5.738057628094254348e+00
1.445041524181729375e+00 5.748281825532615130e+00
1.446018563751831909e+00 5.758498638396532421e+00
1.446995603321934443e+00 5.768708345589496744e+00
1.447972642892036976e+00 5.778911230373898533e+00
1.448949682462139732e+00 5.789107580683393373e+00
1.449926722032242266e+00 5.799297689453386084e+00
1.450903761602344799e+00 5.809481854970687031e+00
1.451880801172447555e+00 5.819660381244257330e+00
1.452857840742550088e+00 5.829833578398621263e+00
1.453834880312652622e+00 5.840001763092168119e+00
1.454811919882755156e+00 5.850165258962054970e+00
1.455788959452857689e+00 5.860324397098548133e+00
1.456765999022960445e+00 5.870479516550830112e+00
1.457743038593062979e+00 5.880630964867763488e+00
1.458720078163165512e+00 5.890779098676128811e+00
1.459697117733268268e+00 5.900924284300379519e+00
1.460674157303370801e+00 5.911066898427229432e+00
1.461651196873473335e+00 5.921207328819805049e+00
1.462628236443575869e+00 5.931345975086254718e+00
1.463605276013678402e+00 5.941483249507229836e+00
1.464582315583781158e+00 5.951619577929424310e+00
1.465559355153883692e+00 5.961755400730925025e+00
1.466536394723986225e+00 5.971891173866191060e+00
1.467513434294088981e+00 5.982027369998962563e+00
1.468490473864191515e+00 5.992164479732521976e+00
1.469467513434294048e+00 6.002303012947912464e+00
1.470444553004396582e+00 6.012443500262302898e+00
1.471421592574499115e+00 6.022586494620784769e+00
1.472398632144601871e+00 6.032732573037506540e+00
1.473375671714704405e+00 6.042882338503564377e+00
1.474352711284806938e+00 6.053036422081661705e+00
1.475329750854909694e+00 6.063195485211027247e+00
1.476306790425012228e+00 6.073360222248627593e+00
1.477283829995114761e+00 6.083531363277795201e+00
1.478260869565217295e+00 6.093709677218847709e+00
1.479237909135319828e+00 6.103895975283504249e+00
1.480214948705422584e+00 6.114091114820047856e+00
1.481191988275525118e+00 6.124296003605244287e+00
1.482169027845627651e+00 6.134511604648332117e+00
1.483146067415730407e+00 6.144738941583490544e+00
1.484123106985832941e+00 6.154979104742142049e+00
1.485100146555935474e+00 6.165233258012244200e+00
1.486077186126038008e+00 6.175502646613471036e+00
1.487054225696140541e+00 6.185788605942406981e+00
1.488031265266243297e+00 6.196092571672737748e+00
1.489008304836345831e+00 6.206416091335991148e+00
1.489985344406448364e+00 6.216760837656043925e+00
1.490962383976551120e+00 6.227128623974006238e+00
1.491939423546653654e+00 6.237521422176913966e+00
1.492916463116756187e+00 6.247941383646206326e+00
1.493893502686858721e+00 6.258390863870564758e+00
1.494870542256961254e+00 6.268872451537839119e+00
1.495847581827064010e+00 6.279389003142420655e+00
1.496824621397166544e+00 6.289943684441623439e+00
1.497801660967269077e+00 6.300540020491503412e+00
1.498778700537371833e+00 6.311181956534894333e+00
1.499755740107474367e+00 6.321873932759911163e+00
1.500732779677576900e+00 6.332620976993607265e+00
1.501709819247679434e+00 6.343428820879633889e+00
1.502686858817781967e+00 6.354304047238733766e+00
1.503663898387884723e+00 6.365254279481749045e+00
1.504640937957987257e+00 6.376288428723149160e+00
1.505617977528089790e+00 6.387417021624323787e+00
1.506595017098192546e+00 6.398652643707722021e+00
1.507572056668295080e+00 6.410010552052731292e+00
1.508549096238397613e+00 6.421509543803034958e+00
1.509526135808500147e+00 6.433173224397492618e+00
1.510503175378602680e+00 6.445031926119717092e+00
1.511480214948705436e+00 6.457125737398762944e+00
1.512457254518807970e+00 6.469509546380725951e+00
1.513434294088910503e+00 6.482262024714873228e+00
1.514411333659013259e+00 6.495503124236314818e+00
1.515388373229115793e+00 6.509432671135017223e+00
1.516365412799218326e+00 6.524433171887488392e+00
1.517342452369320860e+00 6.541452317471267541e+00
1.518319491939423393e+00 6.565957941512984952e+00
