x	y
2.000000000000000000e+00 1.991613996595102520e+01
1.998044965786901273e+00 1.988984743380252240e+01
1.996089931573802545e+00 1.986354542025980052e+01
1.994134897360703818e+00 1.983723388594538406e+01
1.992179863147605090e+00 1.981091279124717630e+01
1.990224828934506363e+00 1.978458209631661902e+01
1.988269794721407635e+00 1.975824176106686991e+01
1.986314760508308908e+00 1.973189174517075983e+01
1.984359726295210180e+00 1.970553200805903771e+01
1.982404692082111453e+00 1.967916250891833840e+01
1.980449657869012725e+00 1.965278320668928203e+01
1.978494623655913998e+00 1.962639406006447373e+01
1.976539589442815270e+00 1.959999502748647160e+01
1.974584555229716543e+00 1.957358606714586102e+01
1.972629521016617815e+00 1.954716713697918706e+01
1.970674486803519088e+00 1.952073819466683702e+01
1.968719452590420360e+00 1.949429919763105090e+01
1.966764418377321633e+00 1.946785010303374364e+01
1.964809384164222905e+00 1.944139086777450487e+01
1.962854349951124178e+00 1.941492144848830392e+01
1.960899315738025450e+00 1.938844180154347541e+01
1.958944281524926723e+00 1.936195188303939929e+01
1.956989247311827995e+00 1.933545164880441902e+01
1.955034213098729268e+00 1.930894105439351804e+01
1.953079178885630540e+00 1.928242005508609225e+01
1.951124144672531813e+00 1.925588860588369045e+01
1.949169110459433085e+00 1.922934666150773708e+01
1.947214076246334358e+00 1.920279417639710218e+01
1.945259042033235630e+00 1.917623110470589154e+01
1.943304007820136903e+00 1.914965740030095986e+01
1.941348973607038175e+00 1.912307301675954108e+01
1.939393939393939448e+00 1.909647790736689643e+01
1.937438905180840720e+00 1.906987202511375656e+01
1.935483870967741993e+00 1.904325532269389143e+01
1.933528836754643265e+00 1.901662775250166604e+01
1.931573802541544538e+00 1.898998926662937592e+01
1.929618768328445810e+00 1.896333981686481351e+01
1.927663734115347083e+00 1.893667935468865338e+01
1.925708699902248355e+00 1.891000783127178053e+01
1.923753665689149628e+00 1.888332519747275740e+01
1.921798631476050900e+00 1.885663140383503489e+01
1.919843597262952173e+00 1.882992640058437317e+01
1.917888563049853445e+00 1.880321013762602078e+01
1.915933528836754718e+00 1.877648256454200038e+01
1.913978494623655990e+00 1.874974363058834470e+01
1.912023460410557263e+00 1.872299328469222601e+01
1.910068426197458535e+00 1.869623147544915653e+01
1.908113391984359808e+00 1.866945815112009655e+01
1.906158357771261080e+00 1.864267325962853050e+01
1.904203323558162353e+00 1.861587674855752184e+01
1.902248289345063625e+00 1.858906856514677841e+01
1.900293255131964898e+00 1.856224865628962206e+01
1.898338220918866170e+00 1.853541696852990128e+01
1.896383186705767443e+00 1.850857344805901761e+01
1.894428152492668715e+00 1.848171804071271040e+01
1.892473118279569988e+00 1.845485069196799799e+01
1.890518084066471260e+00 1.842797134693995176e+01
1.888563049853372533e+00 1.840107995037847033e+01
1.886608015640273806e+00 1.837417644666508920e+01
1.884652981427175078e+00 1.834726077980964831e+01
1.882697947214076351e+00 1.832033289344695959e+01
1.880742913000977623e+00 1.829339273083347450e+01
1.878787878787878896e+00 1.826644023484387702e+01
1.876832844574780168e+00 1.823947534796759484e+01
1.874877810361681219e+00 1.821249801230544207e+01
1.872922776148582491e+00 1.818550816956597416e+01
1.870967741935483764e+00 1.815850576106196712e+01
1.869012707722385036e+00 1.813149072770684356e+01
1.867057673509286309e+00 1.810446301001105951e+01
1.865102639296187581e+00 1.807742254807831728e+01
1.863147605083088854e+00 1.805036928160192033e+01
1.861192570869990126e+00 1.802330314986102522e+01
1.859237536656891399e+00 1.799622409171675130e+01
1.857282502443792671e+00 1.796913204560835098e+01
1.855327468230693944e+00 1.794202694954935140e+01
1.853372434017595216e+00 1.791490874112356124e+01
1.851417399804496489e+00 1.788777735748108810e+01
1.849462365591397761e+00 1.786063273533427420e+01
1.847507331378299034e+00 1.783347481095365694e+01
1.845552297165200306e+00 1.780630352016377671e+01
1.843597262952101579e+00 1.777911879833904152e+01
1.841642228739002851e+00 1.775192058039943532e+01
1.839687194525904124e+00 1.772470880080625477e+01
1.837732160312805396e+00 1.769748339355779265e+01
1.835777126099706669e+00 1.767024429218491122e+01
1.833822091886607941e+00 1.764299142974660484e+01
1.831867057673509214e+00 1.761572473882550582e+01
1.829912023460410486e+00 1.758844415152335827e+01
1.827956989247311759e+00 1.756114959945636045e+01
1.826001955034213031e+00 1.753384101375053561e+01
1.824046920821114304e+00 1.750651832503698202e+01
1.822091886608015576e+00 1.747918146344709811e+01
1.820136852394916849e+00 1.745183035860785381e+01
1.818181818181818121e+00 1.742446493963665688e+01
1.816226783968719394e+00 1.739708513513665622e+01
1.814271749755620666e+00 1.736969087319153360e+01
1.812316715542521939e+00 1.734228208136051563e+01
1.810361681329423211e+00 1.731485868667322947e+01
1.808406647116324484e+00 1.728742061562440924e+01
1.806451612903225756e+00 1.725996779416874460e+01
1.804496578690127029e+00 1.723250014771546645e+01
1.802541544477028301e+00 1.720501760112290768e+01
1.800586510263929574e+00 1.717752007869314923e+01
1.798631476050830846e+00 1.715000750416636777e+01
1.796676441837732119e+00 1.712247980071522591e+01
1.794721407624633391e+00 1.709493689093926605e+01
1.792766373411534664e+00 1.706737869685904840e+01
1.790811339198435936e+00 1.703980513991043821e+01
1.788856304985337209e+00 1.701221614093855905e+01
1.786901270772238481e+00 1.698461162019193083e+01
1.784946236559139754e+00 1.695699149731635913e+01
1.782991202346041026e+00 1.692935569134877483e+01
1.781036168132942299e+00 1.690170412071107009e+01
1.779081133919843571e+00 1.687403670320376747e+01
1.777126099706744844e+00 1.684635335599961792e+01
1.775171065493646116e+00 1.681865399563718455e+01
1.773216031280547389e+00 1.679093853801428793e+01
1.771260997067448661e+00 1.676320689838130562e+01
1.769305962854349934e+00 1.673545899133453574e+01
1.767350928641251206e+00 1.670769473080933665e+01
1.765395894428152479e+00 1.667991403007324891e+01
1.763440860215053752e+00 1.665211680171895026e+01
1.761485826001955024e+00 1.662430295765727806e+01
1.759530791788856297e+00 1.659647240910990007e+01
1.757575757575757569e+00 1.656862506660214152e+01
1.755620723362658842e+00 1.654076083995560253e+01
1.753665689149560114e+00 1.651287963828064420e+01
1.751710654936461387e+00 1.648498136996884256e+01
1.749755620723362659e+00 1.645706594268526501e+01
1.747800586510263932e+00 1.642913326336070412e+01
1.745845552297165204e+00 1.640118323818385448e+01
1.743890518084066477e+00 1.637321577259320193e+01
1.741935483870967749e+00 1.634523077126899437e+01
1.739980449657869022e+00 1.631722813812499595e+01
1.738025415444770294e+00 1.628920777630015948e+01
1.736070381231671567e+00 1.626116958815014257e+01
1.734115347018572839e+00 1.623311347523880599e+01
1.732160312805474112e+00 1.620503933832942778e+01
1.730205278592375384e+00 1.617694707737601689e+01
1.728250244379276657e+00 1.614883659151429640e+01
1.726295210166177929e+00 1.612070777905263697e+01
1.724340175953079202e+00 1.609256053746295478e+01
1.722385141739980474e+00 1.606439476337128625e+01
1.720430107526881747e+00 1.603621035254845850e+01
1.718475073313783019e+00 1.600800719990035859e+01
1.716520039100684292e+00 1.597978519945837483e+01
1.714565004887585564e+00 1.595154424436940133e+01
1.712609970674486837e+00 1.592328422688591694e+01
1.710654936461388109e+00 1.589500503835582279e+01
1.708699902248289382e+00 1.586670656921210032e+01
1.706744868035190654e+00 1.583838870896243378e+01
1.704789833822091927e+00 1.581005134617860541e+01
1.702834799608993199e+00 1.578169436848569163e+01
1.700879765395894472e+00 1.575331766255122012e+01
1.698924731182795744e+00 1.572492111407403570e+01
1.696969696969697017e+00 1.569650460777311984e+01
1.695014662756598289e+00 1.566806802737618476e+01
1.693059628543499562e+00 1.563961125560809862e+01
1.691104594330400834e+00 1.561113417417911897e+01
1.689149560117302107e+00 1.558263666377301782e+01
1.687194525904203379e+00 1.555411860403494728e+01
1.685239491691104652e+00 1.552557987355919522e+01
1.683284457478005924e+00 1.549702034987668675e+01
1.681329423264907197e+00 1.546843990944236680e+01
1.679374389051808469e+00 1.543983842762235881e+01
1.677419354838709742e+00 1.541121577868087300e+01
1.675464320625611014e+00 1.538257183576700804e+01
1.673509286412512287e+00 1.535390647090129868e+01
1.671554252199413559e+00 1.532521955496203780e+01
1.669599217986314832e+00 1.529651095767146707e+01
1.667644183773216104e+00 1.526778054758165482e+01
1.665689149560117377e+00 1.523902819206017867e+01
1.663734115347018649e+00 1.521025375727571394e+01
1.661779081133919922e+00 1.518145710818310157e+01
1.659824046920821194e+00 1.515263810850852799e+01
1.657869012707722467e+00 1.512379662073424136e+01
1.655913978494623739e+00 1.509493250608308834e+01
1.653958944281525012e+00 1.506604562450282359e+01
1.652003910068426284e+00 1.503713583465014025e+01
1.650048875855327557e+00 1.500820299387444656e+01
1.648093841642228830e+00 1.497924695820144514e+01
1.646138807429130102e+00 1.495026758231630737e+01
1.644183773216031375e+00 1.492126471954675182e+01
1.642228739002932647e+00 1.489223822184568391e+01
1.640273704789833920e+00 1.486318793977370412e+01
1.638318670576735192e+00 1.483411372248113835e+01
1.636363636363636465e+00 1.480501541769000440e+01
1.634408602150537737e+00 1.477589287167548981e+01
1.632453567937439010e+00 1.474674592924720606e+01
1.630498533724340282e+00 1.471757443373016372e+01
1.628543499511241555e+00 1.468837822694531248e+01
1.626588465298142605e+00 1.465915714918990176e+01
1.624633431085043878e+00 1.462991103921739366e+01
1.622678396871945150e+00 1.460063973421711658e+01
1.620723362658846423e+00 1.457134306979348715e+01
1.618768328445747695e+00 1.454202087994500836e+01
1.616813294232648968e+00 1.451267299704275260e+01
1.614858260019550240e+00 1.448329925180864031e+01
1.612903225806451513e+00 1.445389947329316982e+01
1.610948191593352785e+00 1.442447348885294645e+01
1.608993157380254058e+00 1.439502112412766621e+01
1.607038123167155330e+00 1.436554220301677631e+01
1.605083088954056603e+00 1.433603654765573943e+01
1.603128054740957875e+00 1.430650397839183441e+01
1.601173020527859148e+00 1.427694431375957684e+01
1.599217986314760420e+00 1.424735737045563688e+01
1.597262952101661693e+00 1.421774296331342313e+01
1.595307917888562965e+00 1.418810090527709633e+01
1.593352883675464238e+00 1.415843100737520288e+01
1.591397849462365510e+00 1.412873307869377193e+01
1.589442815249266783e+00 1.409900692634901098e+01
1.587487781036168055e+00 1.406925235545938335e+01
1.585532746823069328e+00 1.403946916911733211e+01
1.583577712609970600e+00 1.400965716836033259e+01
1.581622678396871873e+00 1.397981615214151674e+01
1.579667644183773145e+00 1.394994591729976818e+01
1.577712609970674418e+00 1.392004625852918132e+01
1.575757575757575690e+00 1.389011696834797149e+01
1.573802541544476963e+00 1.386015783706691451e+01
1.571847507331378235e+00 1.383016865275704177e+01
1.569892473118279508e+00 1.380014920121685051e+01
1.567937438905180780e+00 1.377009926593879108e+01
1.565982404692082053e+00 1.374001862807524788e+01
1.564027370478983325e+00 1.370990706640374235e+01
1.562072336265884598e+00 1.367976435729154616e+01
1.560117302052785870e+00 1.364959027465961938e+01
1.558162267839687143e+00 1.361938458994580081e+01
1.556207233626588415e+00 1.358914707206732864e+01
1.554252199413489688e+00 1.355887748738265586e+01
1.552297165200390960e+00 1.352857559965242551e+01
1.550342130987292233e+00 1.349824116999978152e+01
1.548387096774193505e+00 1.346787395686988020e+01
1.546432062561094778e+00 1.343747371598851892e+01
1.544477028347996050e+00 1.340704020032006483e+01
1.542521994134897323e+00 1.337657316002444396e+01
1.540566959921798595e+00 1.334607234241330787e+01
1.538611925708699868e+00 1.331553749190534397e+01
1.536656891495601140e+00 1.328496834998062326e+01
1.534701857282502413e+00 1.325436465513407214e+01
1.532746823069403685e+00 1.322372614282798153e+01
1.530791788856304958e+00 1.319305254544351413e+01
1.528836754643206230e+00 1.316234359223122574e+01
1.526881720430107503e+00 1.313159900926059542e+01
1.524926686217008776e+00 1.310081851936847208e+01
1.522971652003910048e+00 1.307000184210643390e+01
1.521016617790811321e+00 1.303914869368711038e+01
1.519061583577712593e+00 1.300825878692924498e+01
1.517106549364613866e+00 1.297733183120175582e+01
1.515151515151515138e+00 1.294636753236643756e+01
1.513196480938416411e+00 1.291536559271960805e+01
1.511241446725317683e+00 1.288432571093234458e+01
1.509286412512218956e+00 1.285324758198951223e+01
1.507331378299120228e+00 1.282213089712749898e+01
1.505376344086021501e+00 1.279097534377046763e+01
1.503421309872922773e+00 1.275978060546535531e+01
1.501466275659824046e+00 1.272854636181534538e+01
1.499511241446725318e+00 1.269727228841191646e+01
1.497556207233626591e+00 1.266595805676533715e+01
1.495601173020527863e+00 1.263460333423362592e+01
1.493646138807429136e+00 1.260320778394992836e+01
1.491691104594330408e+00 1.257177106474824413e+01
1.489736070381231681e+00 1.254029283108744686e+01
1.487781036168132953e+00 1.250877273297361114e+01
1.485826001955034226e+00 1.247721041588049751e+01
1.483870967741935498e+00 1.244560552066827164e+01
1.481915933528836771e+00 1.241395768350028916e+01
1.479960899315738043e+00 1.238226653575797442e+01
1.478005865102639316e+00 1.235053170395364575e+01
1.476050830889540588e+00 1.231875280964136365e+01
1.474095796676441861e+00 1.228692946932564745e+01
1.472140762463343133e+00 1.225506129436797131e+01
1.470185728250244406e+00 1.222314789089106135e+01
1.468230694037145678e+00 1.219118885968089394e+01
1.466275659824046951e+00 1.215918379608630673e+01
1.464320625610948223e+00 1.212713228991614933e+01
1.462365591397849496e+00 1.209503392533400223e+01
1.460410557184750768e+00 1.206288828075014408e+01
1.458455522971652041e+00 1.203069492871105162e+01
1.456500488758553313e+00 1.199845343578594914e+01
1.454545454545454586e+00 1.196616336245068268e+01
1.452590420332355858e+00 1.193382426296855314e+01
1.450635386119257131e+00 1.190143568526820061e+01
1.448680351906158403e+00 1.186899717081839079e+01
1.446725317693059676e+00 1.183650825449949906e+01
1.444770283479960948e+00 1.180396846447181325e+01
1.442815249266862221e+00 1.177137732204034037e+01
1.440860215053763493e+00 1.173873434151611939e+01
1.438905180840664766e+00 1.170603903007386926e+01
1.436950146627566038e+00 1.167329088760594757e+01
1.434995112414467311e+00 1.164048940657236564e+01
1.433040078201368583e+00 1.160763407184686180e+01
1.431085043988269856e+00 1.157472436055876841e+01
1.429130009775171128e+00 1.154175974193067056e+01
1.427174975562072401e+00 1.150873967711163814e+01
1.425219941348973673e+00 1.147566361900591758e+01
1.423264907135874946e+00 1.144253101209679890e+01
1.421309872922776218e+00 1.140934129226575955e+01
1.419354838709677491e+00 1.137609388660649223e+01
1.417399804496578763e+00 1.134278821323367836e+01
1.415444770283480036e+00 1.130942368108643947e+01
1.413489736070381309e+00 1.127599968972620026e+01
1.411534701857282581e+00 1.124251562912867541e+01
1.409579667644183854e+00 1.120897087946998916e+01
1.407624633431085126e+00 1.117536481090655620e+01
1.405669599217986399e+00 1.114169678334850921e+01
1.403714565004887671e+00 1.110796614622653067e+01
1.401759530791788944e+00 1.107417223825173913e+01
1.399804496578690216e+00 1.104031438716850211e+01
1.397849462365591489e+00 1.100639190949976332e+01
1.395894428152492761e+00 1.097240411028477070e+01
1.393939393939394034e+00 1.093835028280877886e+01
1.391984359726295306e+00 1.090422970832449323e+01
1.390029325513196579e+00 1.087004165576498593e+01
1.388074291300097851e+00 1.083578538144766235e+01
1.386119257086999124e+00 1.080146012876900130e+01
1.384164222873900396e+00 1.076706512788967629e+01
1.382209188660801669e+00 1.073259959540973796e+01
1.380254154447702941e+00 1.069806273403339603e+01
1.378299120234604214e+00 1.066345373222304715e+01
1.376344086021505486e+00 1.062877176384210820e+01
1.374389051808406537e+00 1.059401598778616282e+01
1.372434017595307809e+00 1.055918554760203421e+01
1.370478983382209082e+00 1.052427957109422785e+01
1.368523949169110354e+00 1.048929716991820449e+01
1.366568914956011627e+00 1.045423743916007275e+01
1.364613880742912899e+00 1.041909945690193950e+01
1.362658846529814172e+00 1.038388228377251821e+01
1.360703812316715444e+00 1.034858496248218351e+01
1.358748778103616717e+00 1.031320651734199600e+01
1.356793743890517989e+00 1.027774595376584799e+01
1.354838709677419262e+00 1.024220225775509618e+01
1.352883675464320534e+00 1.020657439536488376e+01
1.350928641251221807e+00 1.017086131215136469e+01
1.348973607038123079e+00 1.013506193259897259e+01
1.347018572825024352e+00 1.009917515952681732e+01
1.345063538611925624e+00 1.006319987347332834e+01
1.343108504398826897e+00 1.002713493205812156e+01
1.341153470185728169e+00 9.990979169319970765e+00
1.339198435972629442e+00 9.954731395030004037e+00
1.337243401759530714e+00 9.918390393978691932e+00
1.335288367546431987e+00 9.881954925235573839e+00
1.333333333333333259e+00 9.845423721380381465e+00
1.331378299120234532e+00 9.808795487704184524e+00
1.329423264907135804e+00 9.772068901379117989e+00
1.327468230694037077e+00 9.735242610595163271e+00
1.325513196480938349e+00 9.698315233662357926e+00
1.323558162267839622e+00 9.661285358076730390e+00
1.321603128054740894e+00 9.624151539548069678e+00
1.319648093841642167e+00 9.586912300987794566e+00
1.317693059628543439e+00 9.549566131454616524e+00
1.315738025415444712e+00 9.512111485056051308e+00
1.313782991202345984e+00 9.474546779803354468e+00
1.311827956989247257e+00 9.436870396417509355e+00
1.309872922776148529e+00 9.399080677083585300e+00
1.307917888563049802e+00 9.361175924150805017e+00
1.305962854349951074e+00 9.323154398775313823e+00
1.304007820136852347e+00 9.285014319502538527e+00
1.302052785923753619e+00 9.246753860785764445e+00
1.300097751710654892e+00 9.208371151437521718e+00
1.298142717497556164e+00 9.169864273009743272e+00
1.296187683284457437e+00 9.131231258098910786e+00
1.294232649071358709e+00 9.092470088571610987e+00
1.292277614858259982e+00 9.053578693706167968e+00
1.290322580645161255e+00 9.014554948245100618e+00
1.288367546432062527e+00 8.975396670353331885e+00
1.286412512218963800e+00 8.936101619476405133e+00
1.284457478005865072e+00 8.896667494092643125e+00
1.282502443792766345e+00 8.857091929352662873e+00
1.280547409579667617e+00 8.817372494599416299e+00
1.278592375366568890e+00 8.777506690760990438e+00
1.276637341153470162e+00 8.737491947608347687e+00
1.274682306940371435e+00 8.697325620869021279e+00
1.272727272727272707e+00 8.657004989187688793e+00
1.270772238514173980e+00 8.616527250923208925e+00
1.268817204301075252e+00 8.575889520771429630e+00
1.266862170087976525e+00 8.535088826201910450e+00
1.264907135874877797e+00 8.494122103695808335e+00
1.262952101661779070e+00 8.452986194771105133e+00
1.260997067448680342e+00 8.411677841780354825e+00
1.259042033235581615e+00 8.370193683464615120e+00
1.257086999022482887e+00 8.328530250246142685e+00
1.255131964809384160e+00 8.286683959240548347e+00
1.253176930596285432e+00 8.244651108967861575e+00
1.251221896383186705e+00 8.202427873739722486e+00
1.249266862170087977e+00 8.160010297698109483e+00
1.247311827956989250e+00 8.117394288478646303e+00
1.245356793743890522e+00 8.074575610469128861e+00
1.243401759530791795e+00 8.031549877630977718e+00
1.241446725317693067e+00 7.988312545848442525e+00
1.239491691104594340e+00 7.944858904766884500e+00
1.237536656891495612e+00 7.901184069077574534e+00
1.235581622678396885e+00 7.857282969202241674e+00
1.233626588465298157e+00 7.813150341326015713e+00
1.231671554252199430e+00 7.768780716721780166e+00
1.229716520039100702e+00 7.724168410303311028e+00
1.227761485826001975e+00 7.679307508337662291e+00
1.225806451612903247e+00 7.634191855239784275e+00
1.223851417399804520e+00 7.588815039364004811e+00
1.221896383186705792e+00 7.543170377697142825e+00
1.219941348973607065e+00 7.497250899347465136e+00
1.217986314760508337e+00 7.451049327711169568e+00
1.216031280547409610e+00 7.404558061184170370e+00
1.214076246334310882e+00 7.357769152270956958e+00
1.212121212121212155e+00 7.310674284924283839e+00
1.210166177908113427e+00 7.263264749928210584e+00
1.208211143695014700e+00 7.215531418113587669e+00
1.206256109481915972e+00 7.167464711167209401e+00
1.204301075268817245e+00 7.119054569764205809e+00
1.202346041055718517e+00 7.070290418716474790e+00
1.200391006842619790e+00 7.021161128787721140e+00
1.198435972629521062e+00 6.971654974775422176e+00
1.196480938416422335e+00 6.921759589402814328e+00
1.194525904203323607e+00 6.871461912495775870e+00
1.192570869990224880e+00 6.820748134840212806e+00
1.190615835777126152e+00 6.769603636021113147e+00
1.188660801564027425e+00 6.718012915433812182e+00
1.186705767350928697e+00 6.665959515525337054e+00
1.184750733137829970e+00 6.613425936166350994e+00
1.182795698924731242e+00 6.560393538864834007e+00
1.180840664711632515e+00 6.506842439305512649e+00
1.178885630498533788e+00 6.452751386423461355e+00
1.176930596285435060e+00 6.398097625885657891e+00
1.174975562072336333e+00 6.342856745445841327e+00
1.173020527859237605e+00 6.287002499134858091e+00
1.171065493646138878e+00 6.230506606628167354e+00
1.169110459433040150e+00 6.173338523359351626e+00
1.167155425219941423e+00 6.115465175981461776e+00
1.165200391006842695e+00 6.056850656558624202e+00
1.163245356793743968e+00 5.997455867321647816e+00
1.161290322580645240e+00 5.937238105838269497e+00
1.159335288367546513e+00 5.876150577888487270e+00
1.157380254154447785e+00 5.814141821998997983e+00
1.155425219941349058e+00 5.751155025200718640e+00
1.153470185728250330e+00 5.687127203735948378e+00
1.151515151515151603e+00 5.621988214590371236e+00
1.149560117302052875e+00 5.555659553033832410e+00
1.147605083088954148e+00 5.488052876600691299e+00
1.145650048875855420e+00 5.419068175278899169e+00
1.143695014662756693e+00 5.348591478275428912e+00
1.141739980449657965e+00 5.276491945138840123e+00
1.139784946236559238e+00 5.202618126116064445e+00
1.137829912023460510e+00 5.126793081659933193e+00
1.135874877810361783e+00 5.048807904105577116e+00
1.133919843597263055e+00 4.968412950938031258e+00
1.131964809384164328e+00 4.885305715771377066e+00
1.130009775171065600e+00 4.799113611111822664e+00
1.128054740957966873e+00 4.709368780267152665e+00
1.126099706744867923e+00 4.615469899922503672e+00
1.124144672531769196e+00 4.516621672097372198e+00
1.122189638318670468e+00 4.411733643347464096e+00
1.120234604105571741e+00 4.299238900926224183e+00
1.118279569892473013e+00 4.176737971412612715e+00
1.116324535679374286e+00 4.040203302072560732e+00
1.114369501466275558e+00 3.881815076027730349e+00
1.112414467253176831e+00 3.681550397870426927e+00
1.110459433040078103e+00 3.277425135248166477e+00
