0.7853981633974483	0.0
0.7853627962793891	-0.007073382059905772
0.7852566974183688	-0.01414626548146776
0.7850798742942736	-0.021218151543321538
0.7848323393749647	-0.028288541358176544
0.7845141101183497	-0.035356935790140494
0.7841252089752817	-0.04242283537238886
0.7836656633932781	-0.04948574022529349
0.7831355058210555	-0.056545149975124706
0.7825347737138747	-0.06360056367344041
0.7818635095396868	-0.07065147971727519
0.7811217607860752	-0.0776973957702416
0.7803095799679785	-0.08473780868465541
0.7794270246361893	-0.09177221442479491
0.7784741573866123	-0.09880010799140468
0.7774510458702726	-0.1058209833475514
0.7763577628040559	-0.11283433334594015
0.7751943859821699	-0.11983964965779599
0.7739609982883076	-0.12683642270341708
0.7726576877084962	-0.1338241415845012
0.771284547344614	-0.1408022940183485
0.7698416754285553	-0.14777036627403972
0.7683291753370224	-0.15472784311068882
0.7667471556069255	-0.1616742077178666
0.7650957299513673	-0.16860894165828966
0.7633750172761866	-0.17553152481286768
0.7615851416970425	-0.18244143532819934
0.7597262325570089	-0.18933814956660608
0.7577984244446558	-0.19622114205878957
0.7558018572125924	-0.20308988545919623
0.7537366759964392	-0.20994385050417205
0.751603031234208	-0.21678250597298604
0.7494010786860544	-0.22360531865179806
0.7471309794543768	-0.23041175330064725
0.7447929000042298	-0.23720127262353147
0.7423870121840213	-0.24397333724164544
0.7399134932464603	-0.2507274056698463
0.737372525869725	-0.2574629342964077
0.7347642981788152	-0.2641793773661227
0.7320890037670584	-0.27087618696681487
0.7293468417177315	-0.2775528130193103
0.7265380166257667	-0.284208703270921
0.7236627386195047	-0.290843303292492
0.7207212233824588	-0.2974560564790523
0.7177136921750549	-0.304046404054116
0.7146403718563091	-0.31061378507766874
0.7115014949054086	-0.3171576364578785
0.7082972994431547	-0.32367739296656056
0.705028029253234	-0.3301724872584267
0.7016939338032769	-0.336642349894144
0.6982952682656669	-0.34308640936722623
0.6948322935380616	-0.349504092134775
0.6913052762635873	-0.3558948226520889
0.6877144888506672	-0.36225802341114977
0.6840602094924467	-0.3685931149829975
0.6803427221857741	-0.374899516063997
0.6765623167497	-0.38117664352599845
0.6727192888434558	-0.3874239124703918
0.6688139399838711	-0.39364073628604807
0.6648465775621939	-0.39982652671113916
0.6608175148602713	-0.4059806938988255
0.6567270710660561	-0.4121026464867944
0.6525755712883975	-0.4181917916706312
0.648363346571079	-0.42424753528100057
0.6440907339060666	-0.4302692818646127
0.6397580762459274	-0.4362564347689434
0.6353657225153831	-0.44220839623067887
0.6309140276219599	-0.44812456746784574
0.6264033524656994	-0.4540043487755892
0.6218340639478939	-0.45984713962555734
0.617206534978809	-0.46565233876884365
0.6125211444843599	-0.47141934434244015
0.6077782774117063	-0.47714755397914993
0.6029783247337296	-0.48283636492090176
0.5981216834523619	-0.48848517413540893
0.5932087566007306	-0.4940933784361123
0.5882399532440885	-0.49966037460534174
0.5832156884794952	-0.5051855595206276
0.5781363834342217	-0.5106683302840943
0.5730024652628437	-0.5161080843548611
0.5678143671429986	-0.5215042196843735
0.5625725282697729	-0.5268561348545894
0.5572773938486947	-0.5321632292189347
0.5519294150873032	-0.537424903045947
0.5465290491852683	-0.5426405576655202
0.5410767593230354	-0.5478095956176606
0.5355730146489706	-0.5529314208036631
0.5300182902649812	-0.5580054386396137
0.5244130672105928	-0.5630310562121233
0.5187578324454546	-0.5680076824361918
0.5130530788302584	-0.5729347282151063
0.5072993051060486	-0.577811606602267
0.5014970158719038	-0.582637732964839
0.49564672156097356	-0.587412525149123
0.48974893841485356	-0.5921354036475378
0.48380418845628376	-0.5968057917671032
0.4778129994601533	-0.6014231157993141
0.47177590492280136	-0.6059868051912927
0.4656934440296004	-0.6104962927181032
0.4595661616208104	-0.614951014656116
0.45339460815569527	-0.6193504109573027
0.4471793396748921	-0.6236939254243448
0.44092091776102527	-0.6279810058864392
0.43461990949755946	-0.6322111043756763
0.4282768874258881	-0.6363836773038757
0.42189242950064915	-0.6404981856397527
0.4154671190432699	-0.6445540950862994
0.40900154469373734	-0.648550876258251
0.4024963003605925	-0.6524880048595223
0.3959519851691527	-0.6563649618604833
0.38936920340796205	-0.6601812336749565
0.3827485644734731	-0.6639363123368083
0.37609068281296487	-0.6676296956760136
0.3693961778657061	-0.671260887494066
0.3626656740023642	-0.6748293977386159
0.35589980046267516	-0.6783347426772074
0.34909919129137973	-0.6817764450699947
0.3422644852724396	-0.6851540343413137
0.3353963258615406	-0.6884670467499892
0.32849536111690447	-0.6917150255582529
0.32156224362841523	-0.6948975211991559
0.3145976304450806	-0.6980140914423517
0.30760218300084435	-0.7010643015581354
0.30057656703876817	-0.7040477244796184
0.2935214525335994	-0.7069639409629223
0.2864375136127503	-0.7098125397452796
0.279325428475704	-0.7125931177009232
0.2721858793118762	-0.7153052799946553
0.2650195522169501	-0.7179486402329844
0.25782713710771604	-0.7205228206127184
0.25060932763543414	-0.7230274520669103
0.24336682109775667	-0.7254621744080477
0.23610031834922685	-0.7278266364683823
0.2288105237103929	-0.7301204962372991
0.221498144875563	-0.7323434209956245
0.2141638928192323	-0.7344950874467727
0.2068084817012135	-0.7365751818446414
0.199432628770509	-0.7385834001181556
0.19203705426794976	-0.7405194479923743
0.18462248132764433	-0.7423830411060691
0.17718963587726827	-0.7441739051256887
0.16973924653723446	-0.745891775855626
0.16227204451877514	-0.7475363993447088
0.15478876352098397	-0.7491075319888312
0.1472901396268474	-0.7506049406296565
0.13977691119830954	-0.752028402649315
0.13224981877041175	-0.7533777060610274
0.12470960494454618	-0.7546526495955888
0.11715701428086371	-0.7558530427836491
0.10959279318988335	-0.7569787060337277
0.10201768982334004	-0.7580294707059078
0.09443245396432011	-0.7590051791811526
0.086837836916723	-0.7599056849261966
0.07923459139409868	-0.7607308525539586
0.07162347140790189	-0.7614805578794381
0.06400523215521157	-0.7621546879710488
0.05638062990595906	-0.762753141197352
0.04875042188971065	-0.7632758272691609
0.04111536618205708	-0.7637226672769748
0.033476221590646074	-0.7640935937237253
0.025833747540915268	-0.7643885505528044
0.018188703961567423	-0.7646074931713551
0.010541851169836053	-0.7647503884688088
0.0028939497565885043	-0.7648172148306538
-0.00475423952868144	-0.764807962147426
-0.012401955892930283	-0.7647226318189139
-0.020048438614658604	-0.7645612367535772
-0.027692927158974725	-0.7643238013631763
-0.03533466129257953	-0.764010361552619
-0.042972881198630276	-0.7636209647050305
-0.05060682759142504	-0.7631556696620598
-0.05823574183087203	-0.7626145466994332
-0.06585886603668678	-0.7619976774977779
-0.07347544320227709	-0.7613051551087331
-0.08108471730826268	-0.7605370839163761
-0.08868593343558878	-0.7596935795939903
-0.09627833787818126	-0.7587747690562094
-0.10386117825510316	-0.7577807904065694
-0.11143370362216115	-0.7567117928805109
-0.11899516458292203	-0.7555679367838717
-0.1265448133990891	-0.7543493934269156
-0.13408190410020032	-0.7530563450539455
-0.1416056925925956	-0.751688984768554
-0.14911543676762082	-0.7502475164545646
-0.15661039660901502	-0.7487321546927246
-0.16408983429944773	-0.7471431246732071
-0.17155301432615544	-0.7454806621039907
-0.17899920358564841	-0.743745013115181
-0.18642767148743353	-0.741936434159346
-0.1938376900567267	-0.7400551919079373
-0.20122853403610574	-0.7381015631438758
-0.20859948098607417	-0.7360758346503755
-0.21594981138449193	-0.7339783030960938
-0.2232788087248408	-0.7318092749166856
-0.2305857596132864	-0.7295690661928537
-0.2378699538645076	-0.727258002524979
-0.2451306845962481	-0.7248764189044284
-0.2523672483225747	-0.7224246595816276
-0.2595789450457896	-0.7199030779310011
-0.2667650783469867	-0.7173120363128735
-0.27392495547520596	-0.7146519059324341
-0.28105788743516463	-0.711923066695868
-0.28816318907353755	-0.7091259070637567
-0.2952401791637566	-0.7062608239018558
-0.30228818048930606	-0.7033282223293568
-0.3093065199254873	-0.7003285155647432
-0.3162945285196334	-0.6972621247693525
-0.3232515415697436	-0.6941294788887566
-0.33017689870152594	-0.6909310144920755
-0.33706994394382056	-0.6876671756093364
-0.3439300258023883	-0.684338413567002
-0.35075649733204417	-0.680945186821779
-0.3575487162071234	-0.6774879607928281
-0.36430604479026013	-0.673967207692498
-0.3710278501994682	-0.6703834063556976
-0.3777135043735072	-0.6667370420680374
-0.3843623841355256	-0.6630286063928517
-0.3909738712549705	-0.6592585969972302
-0.39754735250774964	-0.6554275174771841
-0.4040822197346444	-0.6515358771820623
-0.41057786989796236	-0.6475841910383484
-0.41703370513642524	-0.6435729793729598
-0.42344913281828916	-0.6395027677361701
-0.42982356559269097	-0.6353740867242827
-0.43615642143922	-0.6311874718021788
-0.44244712371571876	-0.6269434631258565
-0.44869510120430695	-0.6226426053650929
-0.45489978815563165	-0.6182854475263466
-0.4610606243313526	-0.613872542776022
-0.4671770550448576	-0.6094044482642189
-0.473248531200222	-0.6048817249490869
-0.47927450932941495	-0.6003049374219014
-0.48525445162775627	-0.5956746537329871
-0.49118782598764366	-0.5909914452185968
-0.49707410603054974	-0.5862558863288675
-0.5029127711373058	-0.581468554456971
-0.5087033064766815	-0.576630029769568
-0.5144452030322811	-0.5717408950386773
-0.5201379576277602	-0.5668017354750778
-0.5257810729503876	-0.5618131385633458
-0.5313740575729672	-0.5567756938986357
-0.5369164259741329	-0.5516899930253156
-0.5424076985570438	-0.5465566292775542
-0.547847401666494	-0.5413761976219639
-0.5532350676044563	-0.5361492945024036
-0.5585702346440922	-0.5308765176870307
-0.5638524470422365	-0.5255584661177067
-0.5690812550503933	-0.5201957397618425
-0.5742562149242609	-0.5147889394667794
-0.579376888931813	-0.5093386668167907
-0.5844428453599656	-0.5038455239927924
-0.5894536585198529	-0.4983101136348429
-0.5944089087507431	-0.4927330387075194
-0.599308182422623	-0.4871149023682404
-0.6041510719374803	-0.48145630783861454
-0.6089371757293155	-0.4757578582788902
-0.6136660982629133	-0.4700201566655703
-0.6183374500314069	-0.46424380567226226
-0.6229508475526669	-0.4584294075538274
-0.6275059133645494	-0.4525775640338869
-0.6320022760190339	-0.4466888761957478
-0.6364395700752894	-0.4407639443768
-0.6408174360917035	-0.4348033680664301
-0.6451355206169052	-0.42880774580751596
-0.6493934761798228	-0.4227776751015274
-0.6535909612788106	-0.4167137523172921
-0.6577276403698816	-0.41061657260345263
-0.6618031838540835	-0.40448672980465633
-0.6658172680640561	-0.39832481638150646
-0.6697695752498042	-0.39213142333430806
-0.6736597935637316	-0.38590714013062477
-0.6774876170449674	-0.37965255463667463
-0.6812527456030235	-0.3733682530525851
-0.6849548850008275	-0.3670548198515142
-0.6885937468371652	-0.3607128377226525
-0.6921690485285713	-0.35434288751811777
-0.6956805132907093	-0.3479455482037398
-0.69912787011928	-0.3415213968137419
-0.7025108537704928	-0.3350710084093121
-0.7058292047411472	-0.32859495604105987
-0.7090826692483533	-0.3220938107153505
-0.7122709992089372	-0.3155681413645019
-0.7153939522185694	-0.30901851482082554
-0.7184512915306493	-0.30244549579449775
-0.7214427860349892	-0.2958496468552339
-0.7243682102363341	-0.2892315284177386
-0.7272273442327544	-0.28259169873090406
-0.7300199736939494	-0.2759307138707239
-0.7327458898394985	-0.269249127736882
-0.7354048894170951	-0.26254749205298417
-0.7379967746808029	-0.2558263563703817
-0.740521353369368	-0.24908626807554488
-0.7429784386846191	-0.2423277724009397
-0.7453678492699992	-0.2355514124393502
-0.7476894091892524	-0.2287577291615955
-0.7499429479053077	-0.2219472614375805
-0.7521283002593886	-0.21512054606062184
-0.7542453064503822	-0.20827811777498564
-0.7562938120144996	-0.20142050930656433
-0.7582736678052583	-0.19454825139662982
-0.7601847299738173	-0.1876618728385898
-0.7620268599496944	-0.180761900517669
-0.7637999244218951	-0.17384885945343923
-0.76550379532048	-0.16692327284512262
-0.7671383497985982	-0.1599856621195794
-0.7687034702150165	-0.1530365469818982
-0.7701990441171631	-0.14607644546850773
-0.7716249642247182	-0.1391058740027057
-0.7729811284137689	-0.13212534745253496
-0.7742674397015565	-0.1251353791908941
-0.7754838062318339	-0.11813648115779865
-0.7766301412608572	-0.11112916392469266
-0.7777063631440286	-0.10411393676071214
-0.7787123953232143	-0.09709130770079646
-0.7796481663147483	-0.09006178361555665
-0.780513609698147	-0.08302587028277982
-0.7813086641055439	-0.07598407246047871
-0.7820332732118639	-0.06893689396137595
-0.7826873857257476	-0.06188483772871364
-0.7832709553812416	-0.05482840591327578
-0.7837839409302626	-0.0477680999515276
-0.7842263061358504	-0.04070442064474333
-0.7845980197662138	-0.033637868239022914
-0.7848990555895837	-0.026568942506080592
-0.7851293923698751	-0.019498142824691894
-0.7852890138631676	-0.012425968262687435
-0.7853779088150075	-0.005352917659380349
-0.7853960709585363	0.0017205102916960228
-0.7853434990134477	0.008793816959840363
-0.7852201966857741	0.01586650369415382
-0.7850261726685037	0.022938071740536043
-0.7847614406430271	0.0300080221588265
-0.7844260192814112	0.0370758557401998
-0.7840199322494973	0.044141072924939434
-0.7835432082108187	0.051203173720691664
-0.7829958808313344	0.058261657621327324
-0.7823779887849688	0.06531602352651451
-0.7816895757599523	0.07236576966211879
-0.7809306904659548	0.0794103935015428
-0.780101386641997	0.0864493916881181
-0.7792017230651367	0.09348225995865656
-0.7782317635599096	0.10050849306827453
-0.7771915770085169	0.10752758471659063
-0.7760812373617431	0.11453902747541707
-0.7749008236505883	0.12154231271803638
-0.7736504199986021	0.1285369305501759
-0.7723301156348943	0.13552236974278112
-0.7709400049078128	0.1424981176666924
-0.769480187299262	0.1494636602293154
-0.7679507674396457	0.156418481813396
-0.7663518551234101	0.1633620652179836
-0.7646835653251672	0.17029389160168684
-0.7629460182163726	0.17721344042830764
-0.7611393391825348	0.18412018941494737
-0.7592636588409318	0.1910136144826692
-0.7573191130588072	0.19789318970980724
-0.755305842972018	0.20475838728800327
-0.7532239950041124	0.21160867748105028
-0.7510737208857995	0.21844352858662694
-0.748855177674791	0.22526240690099136
-0.7465685277759793	0.23206477668671624
-0.7442139389619211	0.2388501001435319
-0.7417915843936005	0.24561783738234036
-0.739301642641433	0.25236744640247566
-0.7367442977064802	0.2590983830722696
-0.7341197390418446	0.26581010111297626
-0.7314281615742049	0.2725020520861197
-0.7286697657254636	0.27917368538431653
-0.7258447574344664	0.28582444822562236
-0.7229533481787611	0.2924537856514502
-0.71999575499636	0.29906114052810573
-0.716972200507468	0.3056459535519804
-0.7138829129361399	0.3122076632584436
-0.7107281261318305	0.3187457060344617
-0.7075080795908009	0.32525951613498005
-0.7042230184773401	0.33174852570309843
-0.7008731936447671	0.33821216479405886
-0.6974588616561732	0.34464986140307347
-0.6939802848048676	0.3510610414970022
-0.6904377311344864	0.3574451290499065
-0.686831474458725	0.363801546082482
-0.6831617943806619	0.37012971270537426
-0.6794289763116226	0.3764290471663989
-0.6756333114895576	0.38269896590164565
-0.6717750969968891	0.3889388835904787
-0.667854635777783	0.3951482132144256
-0.6638722366548206	0.4013263661199366
-0.659828214345019	0.40747275208500816
-0.6557228894751639	0.413586779389661
-0.6515565885964231	0.41966785489023684
-0.6473296441981962	0.42571538409750176
-0.6430423947211632	0.4317287712585305
-0.6386951845694958	0.43770741944233615
-0.6342883641221955	0.4436507306292125
-0.6298222897435191	0.44955810580375566
-0.6252973237924542	0.45542894505152426
-0.6207138346312113	0.46126264765929403
-0.6160721966326971	0.4670586122188568
-0.6113727901869282	0.47281623673432266
-0.6066160017063598	0.47853491873286247
-0.6018022236300854	0.48421405537884266
-0.596931854426881	0.4898530435912899
-0.5920052985970565	0.49545128016462153
-0.5870229666730868	0.501008161892579
-0.5819852752189842	0.5065230856952966
-0.5768926468283859	0.5119954487494346
-0.5717455101213282	0.5174246486212959
-0.5665442997396688	0.5228100834028648
-0.5612894563411397	0.5281511518506701
-0.5559814265919977	0.5334472535274023
-0.5506206631582403	0.5386977889462012
-0.54520762469537	0.543902159717518
-0.5397427758366794	0.549059768698466
-0.534226587180023	0.5541700201445758
-0.5286595352730671	0.5592323198638477
-0.5230421025969868	0.5642460753730107
-0.5173747775485865	0.5692106960558935
-0.5116580544208291	0.5741255933237999
-0.5058924333817522	0.578990180777789
-0.5000784204517504	0.5838038743727537
-0.49421652747921047	0.5885660925831956
-0.48830727211448	0.5932762565705798
-0.48235117778215425	0.5979337903521682
-0.47634877365166745	0.6025381209712155
-0.47030059460617707	0.6070886786684139
-0.46420718120972987	0.6115848970544726
-0.4580690796726905	0.6160262132837209
-0.45188684181543576	0.6204120682286122
-0.44566102503029864	0.6247419066550111
-0.43939219224175136	0.6290151773981512
-0.433080911864834	0.6332313335391344
-0.4267277577618077	0.6373898325818596
-0.4203333091970424	0.641490136630251
-0.4138981507901296	0.6455317125656729
-0.40742287246722153	0.6495140322243981
-0.40090806941059237	0.6534365725750183
-0.3943543420064305	0.6572988158956636
-0.38776229579085886	0.6611002499509105
-0.38113254139418723	0.664840368168258
-0.37446569448340034	0.6685186698140443
-0.3677623757028976	0.6721346601686805
-0.36102321061347487	0.675687850701081
-0.3542488296295736	0.6791777592421622
-0.34743986795479703	0.682603910157294
-0.3405969655157083	0.6859658345175729
-0.333720766893921	0.6892630702698039
-0.3268119212565026	0.6924951624050614
-0.3198710822846885	0.695661663125719
-0.3128989081009444	0.6987621320108179
-0.30589606119438195	0.7017961361796624
-0.2988632083445418	0.7047632504535254
-0.29180102054357576	0.7076630575153426
-0.28471017291684264	0.7104951480672852
-0.277591344641933	0.7132591209860966
-0.27044521886615935	0.7159545834760798
-0.2632724826225245	0.7185811512196241
-0.2560738267442013	0.7211384485251657
-0.24884994577753958	0.7236261084724724
-0.2416015378936398	0.7260437730551464
-0.23432930479851619	0.7283910933202431
-0.22703395164187282	0.7306677295049055
-0.2197161869245339	0.7328733511699118
-0.2123767224045546	0.7350076373300395
-0.20501627300204134	0.7370702765811543
-0.19763555670271754	0.7390609672239276
-0.190235294460276	0.7409794173840909
-0.18281621009753718	0.7428253451291447
-0.17537903020646559	0.7445984785814309
-0.16792448404707094	0.7462985560274885
-0.16045330344523517	0.7479253260236124
-0.15296622268950177	0.7494785474975371
-0.1454639784268749	0.7509579898461703
-0.13794730955764753	0.7523634330293076
-0.1304169571293257	0.7536946676592547
-0.12287366422967412	0.7549514950862937
-0.1153181758789224	0.7561337274799326
-0.10775123892118642	0.7572411879058738
-0.10017360191514171	0.7582737103986478
-0.092586015023986	0.7592311400298591
-0.08498922990474801	0.760113332971991
-0.07738399959698017	0.7609201565577252
-0.06977107841087486	0.761651489334731
-0.06215122181486167	0.7623072211158839
-0.054525186322725565	0.7628872530248758
-0.04689372938028567	0.7633914975371865
-0.039257609251694976	0.7638198785163797
-0.03161758490539532	0.7641723312457032
-0.023974415899787906	0.7644488024549676
-0.016328862268644606	0.7646492503426813
-0.008681684406335004	0.7647736445934294
-0.0010336429529000408	0.7648219663904811
0.006614501320981442	0.7647942084236158
0.014261987629077771	0.7646903748921656
0.02190805528468881	0.7645104815032678
0.029551943815703127	0.7642545554653306
0.03719289307955246	0.7639226354767176
0.0448301433780369	0.7635147717096575
0.052462935571964645	0.7630310257893931
0.06009051119555673	0.7624714707685827
0.06771211257057133	0.7618361910969753
0.07532698292010766	0.7611252825863795
0.08293436648202984	0.7603388523709537
0.09053350862197027	0.7594770188628474
0.09812365594587276	0.7585399117032232
0.1057040564120166	0.7575276717087004
0.1132739594424822	0.7564404508132552
0.12083261603401968	0.7552784120056234
0.12837927886826275	0.7540417292622511
0.1359132024212502	0.752730587475841
0.14343364307221715	0.7513451823795498
0.15093985921160058	0.7498857204668917
0.15843111134822332	0.7483524189074042
0.16590666221561676	0.7467455054581437
0.17336577687743826	0.7450652183710689
0.1808077228319354	0.7433118062963893
0.18823177011543302	0.7414855281819395
0.1956371914047897	0.7395866531686609
0.20302326211878788	0.737615460482265
0.2103892605184242	0.7355722393211572
0.2177344678060647	0.7334572887407028
0.22505816822341632	0.7312709175339217
0.2323596491482942	0.7290134441086986
0.2396382011901436	0.7266851963615968
0.24689311828428068	0.724286511548369
0.25412369778482147	0.721817736151262
0.2613292405562742	0.7192792257432052
0.2685090510637523	0.7166713448489909
0.27566243746178726	0.713994466803538
0.28278871168170755	0.7112489736073516
0.2898871895175649	0.7084352557792737
0.29695719071056514	0.7055537122066403
0.303998039031998	0.7026047499929466
0.3110090623646255	0.6995887843031364
0.31798959278251127	0.6965062382066222
0.32493896662927496	0.6933575425181513
0.33185652459474035	0.6901431356366345
0.33874161178995865	0.686863463382051
0.34559357782060346	0.6835189788305434
0.3524117768586966	0.6801101421478286
0.3591955677126624	0.6766374204210394
0.36594431389570126	0.6731012874891117
0.3726573836924483	0.669502223771851
0.379334150223923	0.6658407160977872
0.3859739915107548	0.662117257530945
0.39257629053466375	0.6583323471966553
0.3991404352982008	0.6544864901065262
0.40566581888273323	0.650580196982696
0.4121518395046677	0.6466139840815002
0.41859790056990903	0.6425883730166654
0.4250034107265465	0.6385038905821626
0.43136778391577296	0.6343610685748362
0.4376904394210249	0.6301604436169382
0.4439708019153473	0.6259025569786895
0.4502083015069898	0.6215879544009852
0.4564023737832267	0.6172171859183758
0.4625524598524085	0.6127908056824395
0.468658006384254	0.6083093717856654
0.47471846564837994	0.6037734460859729
0.48073329555107963	0.5991835940319865
0.4867019596703628	0.5945403844891753
0.4926239272892579	0.5898443895669859
0.49849867342738835	0.5850961844470824
0.5043256788708476	0.5802963472127959
0.5101044302003637	0.5754454586799175
0.5158344198177853	0.5705441022289296
0.5215151459708964	0.5655928636387949
0.5271461127765772	0.5605923309224078
0.5327268302423253	0.5555430941638188
0.5382568142861661	0.5504457453573313
0.5437355867549546	0.5453008782485828
0.5491626754411042	0.5401090881777035
0.5545376140977579	0.5348709719246552
0.5598599424524219	0.5295871275568492
0.5651292062190855	0.524258154279137
0.5703449571088599	0.5188846522862625
0.5755067528391473	0.5134672226178734
0.5806141571413773	0.5080064670161731
0.5856667397673296	0.5025029877863045
0.5906640764940814	0.4969573876595388
0.5956057491275913	0.49137026965936415
0.6004913455049692	0.48574223697053515
0.6053204594954434	0.4800738928111717
0.6100926910000702	0.47436584030796963
0.614807645950206	0.46861868237459936
0.6194649363047858	0.462833021593349
0.6240641800464288	0.4570094601000882
0.6286050011764144	0.45114859947260033
0.6330870297085567	0.44525104062234516
0.6375099016620165	0.439317383689706
0.6418732590530777	0.43334822794277766
0.6461767498859363	0.4273441716797254
0.6504200281425276	0.4213058121347781
0.6546027537714306	0.41523374538788743
0.6587245926758897	0.4091285662780903
0.6627852167009894	0.40299086832060893
0.666784303620015	0.396821243627726
0.6707215371200447	0.3906202828334506
0.6745966067868066	0.38438857502201057
0.6784092080888372	0.37812670766018674
0.6821590423609873	0.3718352665335019
0.6858458167873053	0.3655148356862878
0.6894692443833407	0.35916599736563626
0.6930290439779095	0.3527893319692348
0.6965249401943555	0.3463854179971018
0.6999566634313461	0.33995483200721566
0.7033239498432496	0.33349814857502874
0.7066265413201217	0.32701594025687025
0.7098641854673466	0.3205087775572224
0.7130366355849741	0.31397722889985064
0.7161436506467814	0.30742186060278
0.7191849952791064	0.3008432368570974
0.7221604397394898	0.2942419197095399
0.7250697598951604	0.28761846904886224
0.7279127372014013	0.28097344259594376
0.7306891586798366	0.27430739589759956
0.7333988168966775	0.2676208823240571
0.7360415099409576	0.2609144530700654
0.7386170414027978	0.25418865715958927
0.7411252203517382	0.24744404145403834
0.7435658613151677	0.24068115066398388
0.7459387842568879	0.23390052736431705
0.7482438145558472	0.22710271201277768
0.7504807829850754	0.22028824297180993
0.7526495256908532	0.2134576565336766
0.7547498841721495	0.20661148694876288
0.7567817052603586	0.19975026645700825
0.7587448410993625	0.19287452532240437
0.7606391491259596	0.1859847918704593
0.762464492050678	0.17908159252858413
0.7642207378390077	0.17216545186930715
0.7659077596930804	0.16523689265623243
0.7675254360338206	0.1582964358926714
0.769073650483597	0.15134460087285653
0.7705522918493976	0.1443819052356434
0.7719612541065553	0.13740886502062635
0.7733004363830444	0.13042599472656213
0.7745697429443754	0.12343380737201051
0.7757690831791038	0.11643281455810812
0.7768983715849779	0.10942352653336278
0.7779575277557454	0.10240645226037322
0.778946476368636	0.09538209948437958
0.7798651471725365	0.08835097480353812
0.7807134749768786	0.08131358374081277
0.7814913996412534	0.0742704308173814
0.7821988660657658	0.06722201962745246
0.7828358241821446	0.06016885291438223
0.7834022289456195	0.05311143264797713
0.7838980403275769	0.046050260102882275
0.7843232233090038	0.0389858359379406
0.7846777478747309	0.03191866027639982
0.78496158900848	0.024849232786880265
0.7851747266887262	0.017778052764961184
0.7853171458853766	0.010705619215289324
0.7853888365572742	0.0036324309340928515
0.7853897936505269	-0.0034410134080149267
0.7853200170976663	-0.010514215183063547
0.7851795118176366	-0.017586675722688436
0.7849682877166134	-0.024657896235149974
0.7846863596896517	-0.031727377722530044
0.7843337476231605	-0.03879462089820473
0.7839104763982012	-0.04585912610472747
0.7834165758946037	-0.05292039323221992
0.7828520809958964	-0.05997792163739529
0.7822170315950429	-0.06703121006331988
0.781511472600975	-0.07407975656003611
0.7807354539459165	-0.08112305840614588
0.7798890305934851	-0.0881606120314725
0.7789722625475622	-0.09519191294091313
0.7779852148619167	-0.10221645563958857
0.7769279576505727	-0.10923373355939196
0.775800566098901	-0.11624323898705761
0.7746031204754251	-0.123244462993841
0.7733357061443199	-0.13023689536691913
0.7719984135785876	-0.13722002454262353
0.7705913383738922	-0.144193337541586
0.7691145812630333	-0.15115631990591494
0.7675682481310355	-0.15810845563849285
0.765952450030835	-0.16504922714449155
0.7642673031995401	-0.17197811517519554
0.7625129290752412	-0.1788945987742275
0.7606894543143449	-0.1857981552262718
0.7587970108094095	-0.19268826000837164
0.7568357357074549	-0.19956438674389218
0.754805771428717	-0.20642600715923362
0.7527072656858216	-0.21327259104337287
0.7505403715033503	-0.22010360621030822
0.7483052472377646	-0.22691851846448796
0.7460020565976617	-0.23371679156929445
0.7436309686643306	-0.24049788721864931
0.7411921579125743	-0.24726126501181708
0.7386858042317684	-0.2540063824314618
0.7361120929471261	-0.2607326948250182
0.7334712148411251	-0.26743965538945347
0.7307633661750772	-0.2741267151594505
0.7279887487107954	-0.28079332299908083
0.7251475697323261	-0.2874389255970201
0.7222400420677124	-0.29406296746533955
0.7192663841107511	-0.3006648909419284
0.716226819842707	-0.3072441361965841
0.7131215788539488	-0.31380014124080424
0.7099508963654667	-0.3203323419413213
0.7067150132502366	-0.3268401720374058
0.7034141760543923	-0.3333230631619649
0.7000486370181693	-0.33978044486646125
0.6966186540965764	-0.34621174464967847
0.693124490979764	-0.35261638799033995
0.6895664171130449	-0.358993798383604
0.6859447077165319	-0.3653433973814391
0.6822596438043516	-0.3716646046368927
0.6785115122033948	-0.3779568379522534
0.6747006055715681	-0.38421951333110466
0.6708272224155047	-0.3904520450342709
0.6668916671076952	-0.39665384563964795
0.6628942499030029	-0.4028243261059038
0.65883528695452	-0.40896289584004447
0.6547151003287299	-0.41506896276881927
0.6505340180199413	-0.4211419334139441
0.6462923739639397	-0.427181212971134
0.6419905080508412	-0.4331862053928954
0.6376287661370951	-0.43915631347506157
0.6332075000566	-0.4450909389470378
0.6287270676309017	-0.4509894825657109
0.6241878326784376	-0.45685134421298373
0.6195901650227787	-0.4626759229969006
0.6149344404998516	-0.46846261735630074
0.6102210409640917	-0.4742108251689627
0.605450354293497	-0.4799199438631788
0.6006227743935529	-0.4855893705327052
0.5957387011999897	-0.49121850205502243
0.5907985406803378	-0.496806735212857
0.5858027048342559	-0.5023534668188813
0.580751611692596	-0.5078580938435333
0.575645685315173	-0.5133200135458825
0.57048535578721	-0.5187386236074678
0.5652710592144351	-0.5241133222690257
0.5600032377167918	-0.5294435084700344
0.5546823394207444	-0.5347285819909884
0.5493088184501433	-0.5399679435983179
0.543883134915633	-0.5451609951918656
0.5384057549025673	-0.5503071399548339
0.532877150457418	-0.5554057825061031
0.5272977995726476	-0.5604563290548304
0.5216681861700213	-0.5654581875572355
0.5159888000823462	-0.5704107678754651
0.510260137033611	-0.5753134819384395
0.5044826986175004	-0.5801657439045852
0.4986569922742849	-0.5849669703263323
0.4927835312660488	-0.5897165803162827
0.48686283465025193	-0.5944139957149379
0.48089542725160317	-0.5990586412598735
0.47488183963224273	-0.6036499447562458
0.4688226080602041	-0.6081873372485281
0.4627182744761626	-0.6126702531933461
0.4565693864584384	-0.6170981306333142
0.4503764971862714	-0.6214704113717368
0.4441401654013345	-0.6257865411480723
0.4378609553674876	-0.6300459698140357
0.4315394368287819	-0.6342481515102073
0.42517618496567816	-0.6383925448430506
0.41877178034950263	-0.6424786130621976
0.41232680889513357	-0.6465058242378829
0.4058418618119043	-0.6504736514384144
0.39931753555273186	-0.6543815729075473
0.3927544317614837	-0.658229072241637
0.3861531572185638	-0.6620156385664555
0.3795143237847338	-0.6657407667135441
0.37283854834318064	-0.669403957395972
0.36612645273982386	-0.6730047173833872
0.35937866372187405	-0.6765425596762339
0.35259581287466324	-0.6800170036790052
0.345778536556742	-0.6834275753724182
0.3389274758332554	-0.6867738074843889
0.332043276407629	-0.6900552396596746
0.3251265885515571	-0.6932714186280753
0.31817806703331003	-0.696421898371072
0.31119837104440135	-0.6995062402867722
0.3041881641246	-0.702524013353057
0.29714811408532027	-0.70547479428881
0.290078892931423	-0.7083581677131028
0.28298117678142176	-0.7111737263022364
0.2758556457861304	-0.7139210709445182
0.2687029840457904	-0.7165998108926552
0.2615238795256646	-0.7192095639136734
0.25431902397015743	-0.721749956436234
0.2470891128154798	-0.7242206236952493
0.23983484510086456	-0.7266212098736979
0.23255692337839853	-0.7289513682415232
0.22525605362146686	-0.7312107612915268
0.21793294513185307	-0.7333990608721527
0.21058831044554263	-0.7355159483170605
0.20322286523722918	-0.7375611145714044
0.19583732822358008	-0.7395342603147169
0.1884324210653015	-0.7414350960803074
0.1810088682680107	-0.7432633423710959
0.17356739708197938	-0.7450187297717867
0.16610873740076923	-0.7467009990573111
0.15863362165880607	-0.7483099012974471
0.15114278472791942	-0.7498451979575517
0.14363696381290475	-0.7513066609953227
0.1361168983461314	-0.7526940729535231
0.1285833298812406	-0.7540072270486003
0.121037001985992	-0.7552459272551311
0.11347866013426998	-0.756409988386035
0.10590905159732067	-0.7574992361684948
0.09832892533424546	-0.7585135073155272
0.09073903188180976	-0.7594526495931521
0.08314012324358272	-0.7603165218831118
0.07553295277850079	-0.7611049942410923
0.06791827508884332	-0.7618179479504039
0.060296845907713316	-0.7624552755710828
0.05266942198604111	-0.7630168809843759
0.04503676097917624	-0.7635026794325763
0.03739962133308248	-0.7639125975541821
0.02975876217023503	-0.7642465734143479
0.022114943175217252	-0.7645045565306121
0.014468924480076644	-0.7646865078938775
0.006821466549525144	-0.7647923999846281
-0.0008266699340333819	-0.7648222167843769
-0.008474724185543661	-0.7647759537823277
-0.016121935432392168	-0.7646536179772524
-0.023767543029485146	-0.7644552278745791
-0.03141078657429689	-0.7641808134786943
-0.0390509060217784	-0.7638304162804656
-0.04668714179915957	-0.7634040892399913
-0.05431873492052563	-0.7629018967645934
-0.061944927101161666	-0.7623239146820684
-0.06956496087160391	-0.761670230209214
-0.0771780796913528	-0.7609409419156586
-0.08478352806220246	-0.7601361596830178
-0.09238055164113047	-0.7592560046594088
-0.0999683973527291	-0.7583006092093545
-0.10754631350108419	-0.7572701168591203
-0.11511354988111315	-0.7561646822375138
-0.12266935788926923	-0.754984471012202
-0.1302129906335947	-0.7537296598215852
-0.13774370304306907	-0.7524004362022813
-0.14526075197621072	-0.7509969985122726
-0.15276339632888983	-0.749519555849773
-0.1602508971413004	-0.7479683279678755
-0.16772251770408012	-0.7463435451850375
-0.17517752366348022	-0.7446454482914817
-0.18261518312561464	-0.7428742884515661
-0.19003476675968453	-0.7410303271022086
-0.1974355479001907	-0.7391138358474303
-0.2048168026480491	-0.7371250963491036
-0.2121778099706242	-0.7350644002139756
-0.21951785180057679	-0.7329320488770621
-0.22683621313356966	-0.7307283534814822
-0.23413218212471953	-0.7284536347548365
-0.2414050501838096	-0.7261082228822097
-0.24865411206922938	-0.7236924573758888
-0.25587866598056297	-0.7212066869419063
-0.26307801364986133	-0.7186512693434832
-0.2702514604315119	-0.7160265712614929
-0.2773983153907082	-0.713332968152033
-0.28451789139047173	-0.7105708441012163
-0.29160950517722917	-0.7077405916772782
-0.29867247746486525	-0.7048426117801233
-0.3057061330172924	-0.7018773134883963
-0.3127098007294518	-0.6988451139042141
-0.31968281370677193	-0.6957464379956476
-0.326624509343026	-0.6925817184370846
-0.3335342293965899	-0.6893513954475777
-0.3404113200650741	-0.6860559166272984
-0.34725513205830283	-0.6826957367922154
-0.3540650206696533	-0.6792713178071051
-0.36084034584568364	-0.6757831284170368
-0.36758047225410184	-0.6722316440774219
-0.3742847693500074	-0.668617346782776
-0.38095261144042386	-0.6649407248942981
-0.3875833777470927	-0.6612022729664008
-0.3941764524675481	-0.657402491572296
-0.40073122483441165	-0.6535418871287921
-0.40724708917296376	-0.6496209717203844
-0.4137234449569325	-0.6456402629227977
-0.42015969686251925	-0.64160028362609
-0.4265552548206629	-0.6375015618574325
-0.43290953406751925	-0.6333446306037106
-0.4392219551931731	-0.6291300276340498
-0.44549194418856786	-0.6248582953224043
-0.4517189324906803	-0.6205299804703115
-0.4579023570258947	-0.6161456341299663
-0.4640416602516396	-0.6117058114276982
-0.4701362901962432	-0.6072110713880036
-0.4761857004970381	-0.6026619767582359
-0.48218935043671785	-0.5980590938340788
-0.4881467049779502	-0.5934029922859193
-0.49405723479626185	-0.5886942449862373
-0.4999204163111954	-0.583933427838131
-0.5057357317157752	-0.5791211196050777
-0.5115026690042518	-0.5742579017420755
-0.5172207219981859	-0.5693443582282365
-0.5228893903708609	-0.5643810754009705
-0.5285081796700408	-0.5593686417918597
-0.5340766013390951	-0.5543076479643315
-0.5395941727365238	-0.5491986863532204
-0.545060417153868	-0.5440423511063531
-0.5504748638320571	-0.5388392379282282
-0.5558370479762125	-0.5335899439258921
-0.5611465107688985	-0.5282950674571377
-0.5664027993818912	-0.5229552079810746
-0.5716054669864503	-0.5175709659112019
-0.5767540727621407	-0.5121429424710505
-0.5818481819042176	-0.5066717395524976
-0.5868873656296228	-0.5011579595768124
-0.5918712011815837	-0.49560220535856053
-0.5967992718328864	-0.4900050799723908
-0.6016711668878205	-0.48436718662282685
-0.6064864816828356	-0.4786891285171187
-0.6112448175859555	-0.47297150874121224
-0.6159457819949459	-0.4672149301389442
-0.6205889883343128	-0.4614199951944783
-0.6251740560511271	-0.4555873059180846
-0.6297006106097306	-0.44971746373530175
-0.6341682834853447	-0.44381106937954784
-0.6385767121566356	-0.43786872278821176
-0.642925540097238	-0.4318910230023182
-0.6472144167663136	-0.42587856806975866
-0.6514429975981468	-0.4198319549521762
-0.6556109439908342	-0.41375177943551916
-0.6597179232940911	-0.4076386360443164
-0.6637636087962328	-0.40149311795968184
-0.6677476797103384	-0.3953158169411181
-0.6716698211596616	-0.38910732325211206
-0.6755297241623175	-0.3828682255895508
-0.6793270856152749	-0.376599111017002
-0.6830616082777103	-0.37030056490183794
-0.6867330007537445	-0.3639731708562502
-0.6903409774746142	-0.3576175106821415
-0.6938852586803056	-0.3512341643199184
-0.6973655704007075	-0.34482370980115895
-0.7007816444362932	-0.3383867232052029
-0.7041332183384045	-0.3319237786196019
-0.7074200353891488	-0.32543544810446956
-0.7106418445809636	-0.31892230166069496
-0.7137984005958807	-0.31238490720201223
-0.7168894637845322	-0.3058238305309081
-0.7199148001449331	-0.2992396353183441
-0.7228741813010774	-0.2926328830872773
-0.7257673844813992	-0.28600413319992357
-0.7285941924971059	-0.2793539428487897
-0.7313543937204624	-0.2726828670513591
-0.7340477820630231	-0.2659914586484684
-0.736674156953875	-0.2592802683062898
-0.7392333233179146	-0.2525498445218877
-0.7417250915542005	-0.2458007336323029
-0.7441492775144126	-0.23903347982711004
-0.7465057024814523	-0.23224862516440556
-0.7487941931482275	-0.22544670959013968
-0.7510145815966345	-0.2186282709607866
-0.7531667052767952	-0.21179384506922616
-0.7552504069865618	-0.20494396567382334
-0.7572655348513311	-0.19807916453060911
-0.759211942304192	-0.19119997142850964
-0.7610894880664479	-0.18430691422752019
-0.762898036128525	-0.1774005188998008
-0.7646374557313151	-0.17048130957355134
-0.766307621347965	-0.16354980857963566
-0.7679084126661471	-0.15660653650085082
-0.7694397145708366	-0.14965201222374627
-0.770901417127619	-0.1426867529929286
-0.7722934155665505	-0.1357112744677417
-0.7736156102665989	-0.12872609078124647
-0.7748679067406865	-0.12173171460137669
-0.7760502156213508	-0.11472865719422778
-0.7771624526470529	-0.10771742848931568
-0.778204538649145	-0.10069853714675944
-0.7791763995395206	-0.09367249062625677
-0.780077966298961	-0.08663979525776681
-0.7809091749662	-0.07960095631376861
-0.7816699666277148	-0.07255647808303388
-0.7823602874082646	-0.06550686394576197
-0.7829800884621857	-0.05845261644999363
-0.7835293259654563	-0.05139423738920199
-0.7840079611085443	-0.044332227880903
-0.7844159600900439	-0.037267088446254475
-0.7847532941111138	-0.030199319090446246
-0.7850199393707227	-0.023129419383830004
-0.7852158770617087	-0.01605788854364424
-0.7853410933676591	-0.008985225516238617
-0.7853955794606146	-0.0019119290596530582
-0.7853793314995994	0.005161502173509193
-0.7852923506299829	0.012234569553093764
-0.7851346429836693	0.01930677438836315
-0.7849062196801191	0.026377617845037067
-0.7846070968281981	0.03344660086255641
-0.7842372955288527	0.0405132240716416
-0.7837968418786075	0.04757698771228846
-0.7832857669738809	0.05463739155229897
-0.7827041069161106	0.061693934806482366
-0.7820519028176856	0.06874611605660676
-0.7813292008086722	0.07579343317225183
-0.7805360520443284	0.08283538323264114
-0.7796725127133928	0.08987146244958537
-0.7787386440471399	0.09690116609163893
-0.777734512329186	0.10392398840957975
-0.7766601889060329	0.11093942256332154
-0.7755157501983383	0.11794696055035538
-0.7743012777128866	0.12494609313585517
-0.7730168580552587	0.1319363097844965
-0.7716625829431676	0.13891709859415638
-0.7702385492204505	0.14588794623154147
-0.7687448588716941	0.15284833786987315
-0.7671816190374725	0.15979775712870803
-0.7655489420301732	0.16673568601601982
-0.7638469453503962	0.17366160487258323
-0.7620757517038926	0.18057499231880728
-0.7602354890190213	0.1874753252040819
-0.7583262904647058	0.19436207855870094
-0.7563482944688514	0.2012347255485015
-0.7543016447372064	0.20809273743224996
-0.7521864902726328	0.2149355835218846
-0.7500029853947642	0.2217627311456743
-0.7477512897600087	0.22857364561439716
-0.7454315683818871	0.2353677901905595
-0.7430439916516508	0.24214462606078802
-0.7405887353591677	0.24890361231141003
-0.738065980714034	0.25564420590731374
-0.7354759143668792	0.2623658616741404
-0.7328187284308345	0.26906803228386883
-0.7300946205031259	0.27575016824384735
-0.7273037936867637	0.28241171788931924
-0.7244464566122817	0.2890521273795098
-0.7215228234595064	0.2956708406972893
-0.718533113979304	0.3022672996524921
-0.7154775535152799	0.3088409438888987
-0.7123563730253888	0.3153912108949386
-0.7091698091034216	0.3219175360181316
-0.7059181040003197	0.3284193524833249
-0.7026015056453035	0.3348960914147027
-0.6992202676667473	0.3413471818616518
-0.6957746494127809	0.34777205082846063
-0.6922649159715835	0.3541701233078693
-0.6886913381913048	0.36054082231852497
-0.6850541926996125	0.3668835689462874
-0.6813537619227903	0.3731977823894557
-0.6775903341043744	0.3794828800078713
-0.6737642033232749	0.38573827737592226
-0.6698756695113519	0.3919633883394298
-0.665925038470396	0.398157625076429
-0.6619126218884911	0.4043203981618033
-0.6578387373557022	0.4104511166357918
-0.6537037083790663	0.41654918807632163
-0.6495078643968365	0.42261401867516324
-0.6452515407919479	0.4286450133178761
-0.6409350789046633	0.43464157566751704
-0.6365588260443646	0.4406031082520832
-0.6321231355004532	0.44652901255564365
-0.6276283665523109	0.4524186891131483
-0.6230748844783126	0.4582715376088257
-0.6184630605638176	0.46408695697818103
-0.6137932721081367	0.4698643455134997
-0.609065902430421	0.47560310097283154
-0.6042813408744446	0.4813026206923915
-0.5994399828122505	0.48696230170231847
-0.5945422296466122	0.4925815408457413
-0.5895884888123031	0.49815973490106985
-0.5845791737761085	0.5036962807074731
-0.5795147040355901	0.5091905752934325
-0.5743955051165275	0.5146420160083488
-0.5692220085690433	0.520050000657084
-0.5639946519623614	0.5254139276373851
-0.5587138788781851	0.5307331960800948
-0.5533801389026425	0.5360072059920883
-0.5479938876168137	0.5412353584018094
-0.5425555865857681	0.5464170555073657
-0.5370657033461166	0.5515517008270618
-0.5315247113920554	0.5566386993522717
-0.5259330901598528	0.5616774577025891
-0.520291325010786	0.5666673842831224
-0.5145999072124886	0.571607889443853
-0.5088593339187059	0.576498385640945
-0.5030701081474009	0.5813382875999271
-0.4972327387572567	0.5861270124805944
-0.4913477404224894	0.5908639800435763
-0.48541563360600587	0.5955486128184199
-0.4794369445308662	0.6001803362731013
-0.47341220515005195	0.6047585789848393
-0.46734195311450294	0.6092827728121155
-0.46122673173945083	0.6137523530677587
-0.45506708996900547	0.6181667586929996
-0.4488635823389862	0.6225254324323807
-0.44261676893802676	0.626827821009372
-0.43632721536689306	0.6310733753026163
-0.4299954926960532	0.635261550522649
-0.4236221774214723	0.6393918063889884
-0.4172078514186393	0.6434636073074677
-0.4107531018948098	0.6474764225476966
-0.4042585213394892	0.6514297264205109
-0.39772470747312627	0.6553229984553096
-0.39115226319404583	0.6591557235771364
-0.3845417965236079	0.662927392283394
-0.377893920549602	0.6666375008200627
-0.37120925336788296	0.6702855513573005
-0.36448841802225423	0.673871052164302
-0.357732042442607	0.6773935177832898
-0.35094075938132213	0.6808524692025208
-0.34411520634795656	0.6842474340281764
-0.33725602554219486	0.6875779466550282
-0.3303638637851341	0.6908435484357376
-0.32343937244885	0.6940437878486911
-0.3164832073843139	0.6971782206642346
-0.30949602884764643	0.7002464101091957
-0.3024785014247423	0.7032479270295716
-0.2954312939542664	0.7061823500512736
-0.2883550794490627	0.7090492657388031
-0.28125053501598946	0.7118482687517473
-0.2741183417741807	0.7145789619989932
-0.2669591847718112	0.7172409567905239
-0.25977375290132154	0.7198338729867177
-0.25256273881318597	0.7223573391450158
-0.24532683882821663	0.7248109926638682
-0.23806675284845213	0.7271944799238452
-0.23078318426662994	0.7295074564258199
-0.22347683987431685	0.7317495869261103
-0.21614842976869203	0.7339205455684895
-0.2087986672580119	0.7360200160129735
-0.20142826876583722	0.7380476915612745
-0.1940379537339874	0.7400032752788502
-0.18662844452431346	0.7418864801134424
-0.17920046631929956	0.7436970290100259
-0.17175474702153035	0.7454346550220846
-0.1642920171520551	0.7470991014191316
-0.1568130097477239	0.7486901217903885
-0.1493184602574732	0.7502074801445597
-0.14180910643765554	0.7516509510056192
-0.13428568824642345	0.753020319504541
-0.12674894773721804	0.7543153814669099
-0.11919962895140197	0.7555359434963435
-0.1116384778100787	0.7566818230536655
-0.1040662420051491	0.7577528485317728
-0.09648367088961943	0.7587488593261428
-0.08889151536726077	0.7596697059009214
-0.0812905277815951	0.7605152498505551
-0.07368146180431005	0.7612853639569099
-0.06606507232311502	0.7619799322418429
-0.058442115329103365	0.7625988500151825
-0.050813347803642	0.7631420239180868
-0.043179527604872085	0.763609371961744
-0.0355414133538262	0.7640008235613873
-0.027899764320236116	0.7643163195656005
-0.02025534030808506	0.7645558122808918
-0.012608901540911372	0.7647192654915163
-0.004961208546958782	0.7648066544745356
0.0026869779558099166	0.7648179660101004
0.010334897174768121	0.7647531983869497
0.01798178835773439	0.7646123614031228
0.02562689090802934	0.7643954763618835
0.03326944449950303	0.7641025760628584
0.04090868919142733	0.7637337047883981
0.04854386554323661	0.7632889182851685
0.056174214729060215	0.7627682837409887
0.06379897865199309	0.7621718797569305
0.07141740005807871	0.7614997963147003
0.07902872264992036	0.7607521347393307
0.08663219119992505	0.7599290076572021
0.09422705166306827	0.7590305389494355
0.10181255128920459	0.7580568637006809
0.10938793873482079	0.7570081281433457
0.11695246417421716	0.755884489597302
0.12450537941006207	0.754686116405117
0.13204593798327646	0.7534131878628547
0.13957339528220475	0.7520658941465009
0.14708700865102792	0.7506444362340633
0.15458603749737795	0.7491490258234057
0.16206974339910113	0.7475798852458794
0.16953739021015887	0.7459372473758065
0.17698824416556863	0.7442213555358956
0.18442157398541456	0.7424324633986445
0.19183665097782365	0.7405708348838146
0.19923274914092068	0.7386367440520425
0.2066091452636768	0.7366304749946766
0.21396511902566684	0.7345523217199074
0.22129995309563424	0.7324025880352905
0.22861293322889606	0.7301815874267313
0.2359033483635072	0.7278896429340314
0.2431704907151506	0.7255270870230878
0.2504136558707595	0.723094261454828
0.25763214288079206	0.7205915171509883
0.26482525435015863	0.7180192140568261
0.27199229652775103	0.7153777210008704
0.27913257939457686	0.7126674155518036
0.28624541675041565	0.7098886838725963
0.2933301262990353	0.7070419205719783
0.3003860297318915	0.7041275285533709
0.30741245281030627	0.7011459188613841
0.31440872544610426	0.6980975105259875
0.3213741817806853	0.6949827304044647
0.3283081602624882	0.6918020130212787
0.3352100037228542	0.6885558004059499
0.34207905945027095	0.6852445419290597
0.3489146792629387	0.6818686941365211
0.35571621957970173	0.6784287205822029
0.3624830414892785	0.6749250916590528
0.36921451081780476	0.6713582844288258
0.37590999819465837	0.6677287824505485
0.38256887911658366	0.6640370756078245
0.3891905340100517	0.6602836599351323
0.3957743482919105	0.6564690374432036
0.4023197124282649	0.6525937159436352
0.4088260219916079	0.6486582088728398
0.41529267771618145	0.644663035115468
0.42171908555158183	0.6406087188274191
0.4281046567145817	0.636495789258571
0.4344488077391785	0.6323247805753508
0.44075096052488516	0.6280962316832588
0.44701054238321825	0.6238106860494946
0.45322698608244055	0.6194686915257741
0.45939972989051686	0.6150708001714882
0.4655282176163086	0.6106175680773082
0.47161189864900777	0.6061095551893648
0.47765022799581497	0.601547325134119
0.4836426663178712	0.5969314450440409
0.48958867996444516	0.5922624853842257
0.4954877410054086	0.5875410197800368
0.501339327261967	0.5827676248459345
0.5071429223357116	0.5779428800155569
0.5128980156359629	0.573067367373199
0.5186041024054394	0.5681416714867915
0.5242606837442659	0.5631663792424848
0.5298672666323432	0.5581420796809413
0.5354233639500677	0.5530693638354726
0.5409284944974722	0.5479488245720734
0.5463821830117507	0.5427810564315105
0.5517839601832256	0.5375666554735306
0.5571333626697784	0.5323062191232857
0.5624299331097306	0.5270003460201065
0.5676732201332506	0.5216496358686692
0.572862778372269	0.5162546892926866
0.5779981684689495	0.5108161076911908
0.58307895708273	0.505334493097508
0.5881047168959831	0.4998104480409866
0.5930750266182823	0.4942445754116009
0.5979894709893555	0.4886374783274575
0.6028476407807084	0.48298976000532956
0.6076491327959821	0.4773020236342526
0.6123935498700538	0.4715748722522818
0.6170805008669243	0.46580890862646
0.621709600676424	0.46000473513606766
0.6262804702097585	0.45416295365922216
0.6307927363939562	0.44828416546286187
0.6352460321652066	0.44236897109621226
0.6396399964611763	0.4364179702877365
0.6439742742122954	0.4304317618456602
0.6482485163320749	0.42441094356209175
0.6524623797064776	0.41835611212079943
0.6566155271823969	0.4122678630086541
0.6607076275552503	0.4061467904308229
0.6647383555557613	0.399993487229691
0.6687073918359421	0.3938085448075761
0.6726144229543161	0.38759255305326396
0.6764591413604357	0.38134610027235893
0.68024124537872	0.37506977312149076
0.6839604391916485	0.36876415654639205
0.6876164328223586	0.3624298337238565
0.6912089421166878	0.35606738600756704
0.694737688724679	0.34967739287784555
0.6982024000816197	0.343260431895268
0.7016028093886248	0.3368170786581905
0.7049386555928197	0.3303479067641564
0.7082096833671543	0.3238534877751828
0.7114156430898915	0.3173343911869142
0.7145562908238047	0.3107911844016267
0.7176313882951235	0.30422443270507127
0.7206407028722737	0.2976346992471088
0.72358400754443	0.29102254502615976
0.7264610808999459	0.2843885288773783
0.7292717071046729	0.27773320746457547
0.7320156758802263	0.2710571352758099
0.7346927824822158	0.26436086462264885
0.7373028276784979	0.25764494564301177
0.7398456177274634	0.25090992630760117
0.7423209643564135	0.2441563524298365
0.7447286847400537	0.23738476767923802
0.7470686014791312	0.23059571359824954
0.7493405425792671	0.22378972962238056
0.7515443414299978	0.2169673531036595
0.7536798367840737	0.2101291193373058
0.7557468727370342	0.20327556159157262
0.7577452987071053	0.19640721114066179
0.7596749694154308	0.1895245973006927
0.7615357448666873	0.18262824746858622
0.7633274903300976	0.17571868716383884
0.7650500763208756	0.16879644007308822
0.7667033785821356	0.16186202809736971
0.7682872780672783	0.15491597140203073
0.7698016609228986	0.14795878846915334
0.7712464184722231	0.14099099615244784
0.7726214471991115	0.1340131097344989
0.7739266487326399	0.1270256429862886
0.7751619298322939	0.12002910822887163
0.7763272023737833	0.11302401639716055
0.7774223833355103	0.10601087710565679
0.7784473947857009	0.09899019871608075
0.7794021638702231	0.09196248840676986
0.7802866228011061	0.08492825224375943
0.781100708845781	0.07788799525341251
0.7818443643170516	0.07084222149653749
0.7825175365638162	0.06379143414384805
0.7831201779625487	0.05673613555266375
0.7836522459095534	0.049676827344765716
0.7841137028140027	0.04261401048526051
0.7845045160917692	0.03554818536237246
0.7848246581600582	0.028479851868032254
0.7850741064328517	0.02140950947916399
0.7852528433171667	0.01433765733952823
0.785360856210135	0.007264794342059857
0.7853981374969072	0.00019141921152167408
0.785364684549387	-0.006881969412588635
0.7852604997257921	-0.013954872893020375
0.7850855903710474	-0.021026792511748098
0.7848399688180078	-0.02809722938706102
0.7845236523895079	-0.03516568439088151
0.7841366634012388	-0.04223165806641672
0.7836790291654437	-0.04929465054628798
0.7831507819954325	-0.05635416147119872
0.7825519592109033	-0.06340968990931273
0.7818826031440684	-0.07046073427642129
0.7811427611465733	-0.07750679225701472
0.7803324855972005	-0.08454736072637921
0.7794518339103453	-0.09158193567382462
0.7785008685452557	-0.09861001212715396
0.7774796570160193	-0.10563108407847495
0.776388271902283	-0.11264464441148943
0.7752267908606978	-0.11965018483031344
0.7739952966370609	-0.12664719578999745
0.7726938770791473	-0.13363516642879775
0.7713226251502082	-0.14061358450232897
0.7698816389431204	-0.14758193631968153
0.7683710216951585	-0.15453970668163103
0.7667908818033823	-0.16148637882098357
0.7651413328406026	-0.1684214343452167
0.7634224935719118	-0.17534435318145586
0.7616344879717544	-0.18225461352390013
0.7597774452415057	-0.1891516917837927
0.7578514998275426	-0.19603506254200181
0.755856791439772	-0.20290419850431318
0.7537934650705962	-0.20975857045950233
0.7516616710142754	-0.21659764724029232
0.7494615648866778	-0.22342089568722456
0.7471933076453646	-0.23022778061557744
0.744857065609997	-0.2370177647853552
0.7424530104830256	-0.24379030887444222
0.7399813193706339	-0.2505448714549745
0.7374421748038968	-0.2572809089730155
0.7348357647601323	-0.2639978757315563
0.7321622826844023	-0.2706952238769393
0.7294219275111304	-0.2773724033887355
0.7266149036858099	-0.2840288620731287
0.7237414211867511	-0.29066404555987263
0.7208016955468501	-0.2972773973028349
0.7177959478753262	-0.3038683585842068
0.7147244048794044	-0.31043636852238543
0.7115872988858972	-0.3169808640835848
0.7083848678626561	-0.3235012800971935
0.7051173554398403	-0.3299970492749339
0.7017850109309901	-0.3364676022338011
0.6983880893538381	-0.34291236752286186
0.6949268514508373	-0.34933077165389187
0.6914015637093717	-0.35572223913586876
0.6878124983815882	-0.36208619251336593
0.6841599335038362	-0.3684220524088156
0.6804441529156604	-0.3747292375686723
0.6766654462783157	-0.3810071649134644
0.6728241090927553	-0.38725524959175045
0.6689204427170702	-0.3934729050379459
0.6649547543833205	-0.3996595430340474
0.6609273572137373	-0.4058145737752099
0.6568385702362467	-0.41193740593918327
0.6526887183992806	-0.41802744675957937
0.6484781325858359	-0.4240841021029511
0.6442071496267431	-0.43010677654965684
0.6398761123131123	-0.4360948734784751
0.6354853694079015	-0.44204779515495946
0.631035275656603	-0.44796494282345534
0.6265261917969713	-0.4538457168027917
0.6219584845677889	-0.45968951658556223
0.6173325267166154	-0.4654957409409753
0.6126486970064973	-0.4712637880212067
0.6079073802215826	-0.4769930554712306
0.6031089671716376	-0.4826829405420331
0.5982538546954095	-0.48833284020717915
0.5933424456627894	-0.4939421512826825
0.5883751489757925	-0.499510270550063
0.5833523795682625	-0.505036594882586
0.5782745584043154	-0.5105205213745685
0.5731421124754675	-0.5159614474737011
0.5679554747964332	-0.5213587711162971
0.5627150843995389	-0.5267118908654125
0.5574213863277683	-0.5320202060517134
0.552074831626359	-0.5372831169170607
0.5466758773329671	-0.5425000247606789
0.5412249864663513	-0.5476703320878474
0.5357226280135584	-0.5527934427610119
0.5301692769155864	-0.5578687621532255
0.5245654140515011	-0.5628956973038238
0.5189115262209903	-0.5678736570762299
0.5132081061253171	-0.5728020523178049
0.5074556523466826	-0.5776802960216147
0.5016546693259447	-0.5825078034900419
0.49580566733870357	-0.5872839925001069
0.48990916246971994	-0.5920082834704091
0.48396567658566403	-0.596680099629568
0.4779757373061546	-0.6012988671860702
0.47193987797312176	-0.605864015499375
0.4658586376184254	-0.6103749772522095
0.45973256092975634	-0.6148311886239052
0.45356219821481153	-0.6192320894646608
0.44734810536369296	-0.6235771234706434
0.4410908438095872	-0.6278657383597637
0.4347909804876537	-0.63209738604805
0.4284490877921654	-0.636271522826468
0.4220657435318717	-0.640387609538083
0.4156415308835957	-0.6444451117554317
0.4091770383440431	-0.6484434999579954
0.402672859679856	-0.6523822497096312
0.3961295938758733	-0.6562608418358596
0.389547845081634	-0.6600787626008676
0.3829282225561058	-0.6638355038841142
0.37627134061065165	-0.6675305633564094
0.3695778185502383	-0.6711634446553456
0.36284828061289337	-0.6747336575599574
0.3560833559074275	-0.6782407181644821
0.34928367834940377	-0.6816841490511119
0.34244988659541714	-0.6850634794615895
0.3355826239756318	-0.6883782454675579
0.3286825384246428	-0.6916279901395145
0.3217502824106474	-0.6948122637142663
0.31478651286295173	-0.6979306237607594
0.30779189109782595	-0.7009826353441665
0.3007670827427332	-0.7039678711881121
0.293712757658941	-0.7068859118349231
0.2866295898625321	-0.7097363458037895
0.2795182574438716	-0.7125187697467106
0.2723794424854942	-0.7152327886021321
0.2652138309784882	-0.7178780157461485
0.2580221127373707	-0.7204540731411676
0.2508049813134991	-0.7229605914819266
0.2435631339070142	-0.7253972103387628
0.23629727127739866	-0.7277635782980155
0.22900809765261373	-0.7300593530994813
0.22169632063688996	-0.7322842017708049
0.21436265111720232	-0.7344378007587112
0.207007803168423	-0.736519836056992
0.19963249395723157	-0.7385300033311406
0.1922374436447863	-0.7404680080395534
0.18482337528820938	-0.7423335655512036
0.17739101474089802	-0.7441264012597073
0.16994109055173412	-0.745846250693689
0.16247433386318846	-0.747492859623377
0.15499147830839322	-0.7490659841633406
0.1474932599071984	-0.750565390871299
0.13998041696126987	-0.7519908568429284
0.1324536899482389	-0.7533421698025989
0.12491382141499115	-0.7546191281899686
0.11736155587009837	-0.7558215412423791
0.10979763967543339	-0.7569492290729887
0.10222282093705883	-0.7580020227445803
0.0946378493953645	-0.758979764339001
0.08704347631455517	-0.7598823070221709
0.07944045437150049	-0.7607095151046193
0.07182953754401214	-0.7614612640975025
0.06421148099855946	-0.7621374407640634
0.05658704097753589	-0.7627379431664881
0.0489569746860305	-0.7632626807081362
0.041322040178237304	-0.7637115741711026
0.033682996243496695	-0.76408455574909
0.026040602292034802	-0.7643815690755651
0.018395618240444604	-0.7646025692471785
0.010748804396956987	-0.7647475228424296
0.0031009213465486235	-0.7648164079355653
-0.004547270164066355	-0.7648092141056995
-0.012195009341503756	-0.7647259424411482
-0.019841535460818512	-0.7645666055389774
-0.027486087980550276	-0.764331227499762
-0.03512790665772782	-0.7640198439175618
-0.0427662316627269	-0.7636325018651214
-0.050400303693964574	-0.763169259874304
-0.05802936409237412	-0.7626301879117742
-0.06565265495560635	-0.76201536734995
-0.07326941925193173	-0.7613248909332392
-0.08087890093375961	-0.7605588627395939
-0.08848034505077869	-0.7597173981374029
-0.09607299786260697	-0.7588006237377605
-0.10365610695097636	-0.7578086773421435
-0.11122892133134905	-0.7567417078855346
-0.118790691563952	-0.755599875375038
-0.12634066986416576	-0.754383350824027
-0.13387811021225332	-0.7530923161818763
-0.14140226846233808	-0.7517269642593299
-0.14891240245062645	-0.7502874986495601
-0.15640777210283358	-0.7487741336449701
-0.16388763954072255	-0.747187094149814
-0.17135126918778443	-0.7455266155886825
-0.17879792787396107	-0.7437929438109362
-0.1862268849393961	-0.741986334991147
-0.19363741233717385	-0.7401070555256254
-0.20102878473501326	-0.7381553819251043
-0.20840027961584165	-0.7361316007036716
-0.2157511773772731	-0.7340360082640112
-0.22308076142989838	-0.7318689107790577
