0.000000000000000000e+00 1.875000000000000000e-01
9.775171065493646130e-03 1.866023123953094165e-01
1.955034213098729226e-02 1.839076740063916304e-01
2.932551319648093319e-02 1.794239743055459080e-01
3.910068426197458452e-02 1.731764179652119928e-01
4.887585532746822892e-02 1.652081870352502535e-01
5.865102639296186637e-02 1.555804409429416002e-01
6.842619745845551771e-02 1.443728188040115379e-01
7.820136852394916904e-02 1.316808541768458851e-01
8.797653958944282038e-02 1.176087078047820811e-01
9.775171065493645783e-02 1.022730244306320896e-01
1.075268817204300953e-01 8.580330868991906113e-02
1.173020527859237327e-01 6.834192511087730515e-02
1.270772238514173980e-01 5.004409811445222761e-02
1.368523949169110354e-01 3.107791201430060157e-02
1.466275659824047006e-01 1.162431101679008844e-02
1.564027370478983381e-01 -8.122900779000220839e-03
1.661779081133919755e-01 -2.797496136942559386e-02
1.759530791788856408e-01 -4.776074878104238919e-02
1.857282502443792782e-01 -6.728022857144974611e-02
1.955034213098729157e-01 -8.633902243086412354e-02
2.052785923753665531e-01 -1.047496583506085932e-01
2.150537634408601906e-01 -1.223315706231133670e-01
2.248289345063538280e-01 -1.389110998419152421e-01
2.346041055718474655e-01 -1.543214929016580306e-01
2.443792766373411585e-01 -1.684029029980924075e-01
2.541544477028347959e-01 -1.810023896280756606e-01
2.639296187683284334e-01 -1.919739185895722178e-01
2.737047898338220708e-01 -2.012071030837550567e-01
2.834799608993157083e-01 -2.086122330846275352e-01
2.932551319648094013e-01 -2.140862065604636766e-01
3.030303030303030387e-01 -2.175488161279348076e-01
3.128054740957966762e-01 -2.189428561041849020e-01
3.225806451612903136e-01 -2.182341225068304691e-01
3.323558162267839511e-01 -2.154114130539605820e-01
3.421309872922776441e-01 -2.104865271641367941e-01
3.519061583577712815e-01 -2.034942659563933609e-01
3.616813294232649190e-01 -1.944924322502369352e-01
3.714565004887585564e-01 -1.835606059082182939e-01
3.812316715542521939e-01 -1.707822058332121584e-01
3.910068426197458313e-01 -1.562540491360502048e-01
4.007820136852394688e-01 -1.400912514014607257e-01
4.105571847507331062e-01 -1.224254450798975269e-01
4.203323558162267437e-01 -1.034047794875402188e-01
4.301075268817203812e-01 -8.319392080629417485e-02
4.398826979472140186e-01 -6.197405208379058034e-02
4.496578690127076561e-01 -3.994287323338634871e-02
4.594330400782012935e-01 -1.731460103416409407e-02
4.692082111436949310e-01 5.680673560264353807e-03
4.789833822091886795e-01 2.884311087226096304e-02
4.887585532746823169e-01 5.196006679630413988e-02
4.985337243401759544e-01 7.480007501140162329e-02
5.083088954056695918e-01 9.713843213248944675e-02
5.180840664711632293e-01 1.187571977104322912e-01
5.278592375366568668e-01 1.394451942320232840e-01
5.376344086021505042e-01 1.589980071199842415e-01
5.474095796676441417e-01 1.772179847329654612e-01
5.571847507331377791e-01 1.939142383655457214e-01
5.669599217986314166e-01 2.089026422482325174e-01
5.767350928641251651e-01 2.220088417425244431e-01
5.865102639296188025e-01 2.331187425584369532e-01
5.962854349951124400e-01 2.421050876875623092e-01
6.060606060606060774e-01 2.488470153465787427e-01
6.158357771260997149e-01 2.532502140928239998e-01
6.256109481915933523e-01 2.552469228242955079e-01
6.353861192570869898e-01 2.547959307796501816e-01
6.451612903225806273e-01 2.518825775382048660e-01
6.549364613880742647e-01 2.465187530199358101e-01
6.647116324535679022e-01 2.387428974854788888e-01
6.744868035190615396e-01 2.286200015361297411e-01
6.842619745845552881e-01 2.162364301213564044e-01
6.940371456500489256e-01 2.016821015608053491e-01
7.038123167155425630e-01 1.850667309274540151e-01
7.135874877810362005e-01 1.665204245552160678e-01
7.233626588465298379e-01 1.461934068043379553e-01
7.331378299120234754e-01 1.242560200613990473e-01
7.429130009775171128e-01 1.008987247393115794e-01
7.526881720430107503e-01 7.633209927732068079e-02
7.624633431085043878e-01 5.078684014100445787e-02
7.722385141739980252e-01 2.451376182227379963e-02
7.820136852394916627e-01 -2.225089073197190036e-03
7.917888563049853001e-01 -2.920958992145700206e-02
8.015640273704789376e-01 -5.617826155474790750e-02
8.113391984359725750e-01 -8.286475712962260154e-02
8.211143695014662125e-01 -1.090091083553823836e-01
8.308895405669598500e-01 -1.343577254940771792e-01
8.406647116324534874e-01 -1.586633973605054981e-01
8.504398826979471249e-01 -1.816852913222145038e-01
8.602150537634407623e-01 -2.031889532995000414e-01
8.699902248289343998e-01 -2.229463077654065262e-01
8.797653958944280372e-01 -2.407356577457268609e-01
8.895405669599216747e-01 -2.563590648946553197e-01
8.993157380254153122e-01 -2.696839979531487907e-01
9.090909090909089496e-01 -2.805456044149411965e-01
9.188660801564025871e-01 -2.888026648900483551e-01
9.286412512218962245e-01 -2.943445685294973080e-01
9.384164222873898620e-01 -2.970913130253259316e-01
9.481915933528837215e-01 -2.969935046105833809e-01
9.579667644183773589e-01 -2.940323580593299235e-01
9.677419354838709964e-01 -2.882196966866367727e-01
9.775171065493646338e-01 -2.795979523485863094e-01
9.872922776148582713e-01 -2.682401092759635342e-01
9.970674486803519088e-01 -2.542379926653586253e-01
1.006842619745845546e+00 -2.376909437159273053e-01
1.016617790811339184e+00 -2.187216482480616730e-01
1.026392961876832821e+00 -1.974770694071780186e-01
1.036168132942326459e+00 -1.741284476637164069e-01
1.045943304007820096e+00 -1.488713008131408166e-01
1.055718475073313734e+00 -1.219254239759391401e-01
1.065493646138807371e+00 -9.353488959762318311e-02
1.075268817204301008e+00 -6.396804744872862381e-02
1.085043988269794646e+00 -3.351752462481510930e-02
1.094819159335288283e+00 -2.476108902259155711e-03
1.104594330400781921e+00 2.890146445501416347e-02
1.114369501466275558e+00 6.030608790316371870e-02
1.124144672531769196e+00 9.143043506346959504e-02
1.133919843597262833e+00 1.219731352846533390e-01
1.143695014662756471e+00 1.516387736428777555e-01
1.153470185728250330e+00 1.801378909417476193e-01
1.163245356793743968e+00 2.071869837123075930e-01
1.173020527859237605e+00 2.325085042130452528e-01
1.182795698924731242e+00 2.558308604298891176e-01
1.192570869990224880e+00 2.768884160762087321e-01
1.202346041055718517e+00 2.954621232978530410e-01
1.212121212121212155e+00 3.113844100651167457e-01
1.221896383186705792e+00 3.244558509417193037e-01
1.231671554252199430e+00 3.345111571016970986e-01
1.241446725317693067e+00 3.414203955220730391e-01
1.251221896383186705e+00 3.450889889828573365e-01
1.260997067448680342e+00 3.454577160670468938e-01
1.270772238514173980e+00 3.425027111606258057e-01
1.280547409579667617e+00 3.362354644525648584e-01
1.290322580645161255e+00 3.267028219348219742e-01
1.300097751710654892e+00 3.139864587587971045e-01
1.309872922776148529e+00 2.981854793561911632e-01
1.319648093841642167e+00 2.794095376970535116e-01
1.329423264907135804e+00 2.577960278852674536e-01
1.339198435972629442e+00 2.335111606041022081e-01
1.348973607038123079e+00 2.067499631162131868e-01
1.358748778103616939e+00 1.777362792636411337e-01
1.368523949169110576e+00 1.467227694678147620e-01
1.378299120234604214e+00 1.139909107295468960e-01
1.388074291300097851e+00 7.985099662903728801e-02
1.397849462365591489e+00 4.464213732587159200e-02
1.407624633431085126e+00 8.687190054746433965e-03
1.417399804496578763e+00 -2.771203595303740191e-02
1.427174975562072401e+00 -6.419624507705568028e-02
1.436950146627566038e+00 -1.004107507350933681e-01
1.446725317693059676e+00 -1.360062383022025423e-01
1.456500488758553313e+00 -1.706387651107025560e-01
1.466275659824046951e+00 -2.039697604501801709e-01
1.476050830889540588e+00 -2.356660255674890014e-01
1.485826001955034226e+00 -2.653997336667503482e-01
1.495601173020527863e+00 -2.928484299093522258e-01
1.505376344086021501e+00 -3.176951177046747343e-01
1.515151515151515138e+00 -3.397003088363044765e-01
1.524926686217008776e+00 -3.586475328018102759e-01
1.534701857282502413e+00 -3.743026459091253755e-01
1.544477028347996050e+00 -3.864724170221673916e-01
1.554252199413489688e+00 -3.950045275608388695e-01
1.564027370478983325e+00 -3.997875715010271169e-01
1.573802541544476963e+00 -4.007510553746038706e-01
1.583577712609970600e+00 -3.978653982694258517e-01
1.593352883675464238e+00 -3.911419318293344327e-01
1.603128054740957875e+00 -3.806329002541555817e-01
1.612903225806451513e+00 -3.664302880206057322e-01
1.622678396871945150e+00 -3.486417167580417309e-01
1.632453567937438788e+00 -3.273883130800269714e-01
1.642228739002932425e+00 -3.028242195622972144e-01
1.652003910068426062e+00 -2.751373232807636793e-01
1.661779081133919700e+00 -2.445492558115133774e-01
1.671554252199413337e+00 -2.113153932308087235e-01
1.681329423264906975e+00 -1.757248561150878685e-01
1.691104594330400612e+00 -1.381005095409642836e-01
1.700879765395894250e+00 -9.879896308522743975e-02
1.710654936461387887e+00 -5.821051248657041488e-02
1.720430107526881525e+00 -1.668775656262088541e-02
1.730205278592375162e+00 2.540858929677773659e-02
1.739980449657868800e+00 6.766526769070041469e-02
1.749755620723362437e+00 1.096735227636198851e-01
1.759530791788856074e+00 1.510291002054061638e-01
1.769305962854349712e+00 1.913322472513271921e-01
1.779081133919843349e+00 2.301877126820483510e-01
1.788856304985336987e+00 2.672047468236328216e-01
1.798631476050830624e+00 3.019971015475411136e-01
1.808406647116324262e+00 3.341830302706313427e-01
1.818181818181817899e+00 3.633880207526390405e-01
1.827956989247311537e+00 3.893453372274473523e-01
1.837732160312805174e+00 4.117827364892194808e-01
1.847507331378298812e+00 4.304276435405646750e-01
1.857282502443792449e+00 4.450549081705874044e-01
1.867057673509286086e+00 4.554868049548870812e-01
1.876832844574779724e+00 4.615930332555579496e-01
1.886608015640273806e+00 4.632907172211896407e-01
1.896383186705767443e+00 4.605444057868663399e-01
1.906158357771261080e+00 4.533660726741677860e-01
1.915933528836754718e+00 4.418151163911684387e-01
1.925708699902248355e+00 4.259963437144416165e-01
1.935483870967741993e+00 4.060267266317063584e-01
1.945259042033235630e+00 3.820406885397438779e-01
1.955034213098729268e+00 3.542113379711223087e-01
1.964809384164222905e+00 3.227507756224914925e-01
1.974584555229716543e+00 2.879100943545827018e-01
1.984359726295210180e+00 2.499793791922091390e-01
1.994134897360703818e+00 2.092877073242654928e-01
2.003910068426197455e+00 1.662031481037278269e-01
2.013685239491691092e+00 1.211327630476541489e-01
2.023460410557184730e+00 7.452075585568290750e-02
2.033235581622678367e+00 2.675331654152041452e-02
2.043010752688172005e+00 -2.174258689985030663e-02
2.052785923753665642e+00 -7.049404345980933573e-02
2.062561094819159280e+00 -1.190313358199358296e-01
2.072336265884652917e+00 -1.668879403520079352e-01
2.082111436950146555e+00 -2.136005271180029808e-01
2.091886608015640192e+00 -2.587089598700974546e-01
2.101661779081133830e+00 -3.017562960506666725e-01
2.111436950146627467e+00 -3.422887867922853045e-01
2.121212121212121104e+00 -3.798558769177269312e-01
2.130987292277614742e+00 -4.140194736161391109e-01
2.140762463343108379e+00 -4.444757571640489680e-01
2.150537634408602017e+00 -4.708918373141168789e-01
2.160312805474095654e+00 -4.929516583004492913e-01
2.170087976539589292e+00 -5.103942278600748228e-01
2.179863147605082929e+00 -5.230136172329447053e-01
2.189638318670576567e+00 -5.306589611619325630e-01
2.199413489736070204e+00 -5.332344578928338574e-01
2.209188660801563842e+00 -5.306993691743673303e-01
2.218963831867057479e+00 -5.230680202581732274e-01
2.228739002932551116e+00 -5.104097998988151863e-01
2.238514173998044754e+00 -4.928457172280409360e-01
2.248289345063538391e+00 -4.705029922958483546e-01
2.258064516129032029e+00 -4.435318227133940305e-01
2.267839687194525666e+00 -4.121267749168721073e-01
2.277614858260019304e+00 -3.765268187578758585e-01
2.287390029325512941e+00 -3.370153275033979101e-01
2.297165200391007023e+00 -2.939200778358284638e-01
2.306940371456500660e+00 -2.476132498529619586e-01
2.316715542521994298e+00 -1.985114270679875781e-01
2.326490713587487935e+00 -1.470755964094951629e-01
2.336265884652981573e+00 -9.380475724950756988e-02
2.346041055718475210e+00 -3.912384232342868556e-02
2.355816226783968848e+00 1.646856878676074970e-02
2.365591397849462485e+00 7.243377638110751193e-02
2.375366568914956122e+00 1.282343425410035209e-01
2.385141739980449760e+00 1.833340911291859165e-01
2.394916911045943397e+00 2.371981077897369339e-01
2.404692082111437035e+00 2.892927399480839101e-01
2.414467253176930672e+00 3.390855968109993679e-01
2.424242424242424310e+00 3.860455493666011262e-01
2.434017595307917947e+00 4.296427303843520229e-01
2.443792766373411585e+00 4.693690137193168299e-01
2.453567937438905222e+00 5.048733191560306199e-01
2.463343108504398860e+00 5.357564211032314061e-01
2.473118279569892497e+00 5.616538527475296583e-01
2.482893450635386134e+00 5.822651629311915711e-01
2.492668621700879772e+00 5.973539161521396190e-01
2.502443792766373409e+00 6.067476925639522234e-01
2.512218963831867047e+00 6.103380879758637523e-01
2.521994134897360684e+00 6.080807138527646316e-01
2.531769305962854322e+00 5.999951973152009010e-01
2.541544477028347959e+00 5.861652303667761466e-01
2.551319648093841597e+00 5.667320780170174155e-01
2.561094819159335234e+00 5.418347231930509267e-01
2.570869990224828872e+00 5.116422968476668220e-01
2.580645161290322509e+00 4.763736535152927609e-01
2.590420332355816146e+00 4.362973713119940866e-01
2.600195503421309784e+00 3.917317519354736044e-01
2.609970674486803421e+00 3.430448206650717480e-01
2.619745845552297059e+00 2.906543263617664685e-01
2.629521016617790696e+00 2.350277414681731236e-01
2.639296187683284334e+00 1.766822620085449491e-01
2.649071358748777971e+00 1.161704728322762864e-01
2.658846529814271609e+00 5.396048281038061389e-02
2.668621700879765246e+00 -9.372720003435357217e-03
2.678396871945258884e+00 -7.321937076872830907e-02
2.688172043010752521e+00 -1.369681850175153426e-01
2.697947214076246158e+00 -2.000063586542736582e-01
2.707722385141739796e+00 -2.617195679559409238e-01
2.717497556207233878e+00 -3.214919695719172243e-01
2.727272727272727515e+00 -3.787062005240561247e-01
2.737047898338221152e+00 -4.327433782066782975e-01
2.746823069403714790e+00 -4.829831003865626693e-01
2.756598240469208427e+00 -5.288412759122934625e-01
2.766373411534702065e+00 -5.699084273394685596e-01
2.776148582600195702e+00 -6.057132734143304553e-01
2.785923753665689340e+00 -6.358384698236163590e-01
2.795698924731182977e+00 -6.599411318902640433e-01
2.805474095796676615e+00 -6.777528345734111781e-01
2.815249266862170252e+00 -6.890796124683956636e-01
2.825024437927663890e+00 -6.938019598067555194e-01
2.834799608993157527e+00 -6.918748304562289952e-01
2.844574780058651164e+00 -6.833276379207544604e-01
2.854349951124144802e+00 -6.682646633426135852e-01
2.864125122189638439e+00 -6.468512747077389546e-01
2.873900293255132077e+00 -6.192414303630668915e-01
2.883675464320625714e+00 -5.856268460072686644e-01
2.893450635386119352e+00 -5.462538390423121726e-01
2.903225806451612989e+00 -5.014233285734615020e-01
2.913000977517106627e+00 -4.514908354092772580e-01
2.922776148582600264e+00 -3.968664820616161215e-01
2.932551319648093902e+00 -3.380149927456312930e-01
2.942326490713587539e+00 -2.754556933797721596e-01
2.952101661779081176e+00 -2.097625115857847111e-01
2.961876832844574814e+00 -1.415371624788329397e-01
2.971652003910068451e+00 -7.129502375485989585e-02
2.981427174975562089e+00 3.092648888048873945e-04
2.991202346041055726e+00 7.259117056172381677e-02
3.000977517106549364e+00 1.448607513816105308e-01
3.010752688172043001e+00 2.164226564743300385e-01
3.020527859237536639e+00 2.865761259738985878e-01
3.030303030303030276e+00 3.546149910224832835e-01
3.040078201368523914e+00 4.198276737704031980e-01
3.049853372434017551e+00 4.814971873761282883e-01
3.059628543499511188e+00 5.389011360062795353e-01
3.069403714565004826e+00 5.913754545135403440e-01
3.079178885630498463e+00 6.384395986988604665e-01
3.088954056695992101e+00 6.795453805448896656e-01
3.098729227761485738e+00 7.142190148918901027e-01
3.108504398826979376e+00 7.420732355169179506e-01
3.118279569892473013e+00 7.628072951338219498e-01
3.128054740957966651e+00 7.762069653932455182e-01
3.137829912023460288e+00 7.821445368826233091e-01
3.147605083088953926e+00 7.805788191261860964e-01
3.157380254154447563e+00 7.715551405849565558e-01
3.167155425219941201e+00 7.552063955636787451e-01
3.176930596285434838e+00 7.317259350859838252e-01
3.186705767350928475e+00 7.012871885628204627e-01
3.196480938416422113e+00 6.641087392814395418e-01
3.206256109481915750e+00 6.204677913879851348e-01
3.216031280547409388e+00 5.707001698874956119e-01
3.225806451612903025e+00 5.152003206438947602e-01
3.235581622678396663e+00 4.544213103800123776e-01
3.245356793743890300e+00 3.888748266775549078e-01
3.255131964809383938e+00 3.191311779771391910e-01
3.264907135874877575e+00 2.458192935782557709e-01
3.274682306940371213e+00 1.695809731848084145e-01
3.284457478005864850e+00 9.098356994606229819e-02
3.294232649071358487e+00 1.076186639949042179e-02
3.304007820136852125e+00 -7.032354010726792060e-02
3.313782991202345762e+00 -1.515013672849176429e-01
3.323558162267839400e+00 -2.319896479025550795e-01
3.333333333333333037e+00 -3.109957297876205229e-01
3.343108504398826675e+00 -3.877162758259453668e-01
3.352883675464320756e+00 -4.613372639617109860e-01
3.362658846529813950e+00 -5.310339871974677495e-01
3.372434017595308031e+00 -5.959710535941485920e-01
3.382209188660801225e+00 -6.554048083925174684e-01
3.391984359726295306e+00 -7.087683330430194495e-01
3.401759530791788499e+00 -7.554337286438173038e-01
3.411534701857282581e+00 -7.948685970912294785e-01
3.421309872922775774e+00 -8.266407343523274331e-01
3.431085043988269856e+00 -8.504181304649571782e-01
3.440860215053763049e+00 -8.659689695377215113e-01
3.450635386119257131e+00 -8.731616297499944501e-01
3.460410557184750324e+00 -8.719646833519109075e-01
3.470185728250244406e+00 -8.624468966643717982e-01
3.479960899315737599e+00 -8.447789564299181819e-01
3.489736070381231681e+00 -8.191855217928785127e-01
3.499511241446724874e+00 -7.858649993287574187e-01
3.509286412512218956e+00 -7.450675530101614763e-01
3.519061583577712149e+00 -6.971047127290050938e-01
3.528836754643206230e+00 -6.423493742964873077e-01
3.538611925708699424e+00 -5.812357994431198716e-01
3.548387096774193505e+00 -5.142596158186948374e-01
3.558162267839686699e+00 -4.419778169923209710e-01
3.567937438905180780e+00 -3.650087624523833396e-01
3.577712609970673974e+00 -2.840321776065874992e-01
3.587487781036168055e+00 -1.997144645722521705e-01
3.597262952101661249e+00 -1.126827283892151144e-01
3.607038123167155330e+00 -2.374801935222979610e-02
3.616813294232648524e+00 6.625493890273789765e-02
3.626588465298142605e+00 1.564737849693779714e-01
3.636363636363635798e+00 2.460385196709846123e-01
3.646138807429129880e+00 3.340615060605077180e-01
3.655913978494623073e+00 4.196374694205022293e-01
3.665689149560117155e+00 5.018434972631777846e-01
3.675464320625610348e+00 5.797390393303497591e-01
3.685239491691104430e+00 6.523659075934873375e-01
3.695014662756597623e+00 7.189105479913489027e-01
3.704789833822091705e+00 7.786983077945727194e-01
3.714565004887584898e+00 8.310227522565096780e-01
3.724340175953078980e+00 8.752925561205995297e-01
3.734115347018572173e+00 9.110316794104781346e-01
3.743890518084066255e+00 9.378793674300047734e-01
3.753665689149559448e+00 9.555901507632394987e-01
3.763440860215053529e+00 9.640338452744598996e-01
3.773216031280547611e+00 9.631955521081506655e-01
3.782991202346040804e+00 9.531756576890090260e-01
3.792766373411534886e+00 9.341917959197502119e-01
3.802541544477028079e+00 9.065013467274773973e-01
3.812316715542522161e+00 8.703337461999349767e-01
3.822091886608015354e+00 8.259754186168319912e-01
3.831867057673509436e+00 7.737753129685812636e-01
3.841642228739002629e+00 7.141449029563267104e-01
3.851417399804496711e+00 6.475581869919118105e-01
3.861192570869989904e+00 5.745516881979151336e-01
3.870967741935483986e+00 4.957244544076110371e-01
3.880742913000977179e+00 4.117380581650121885e-01
3.890518084066471260e+00 3.233165967248243788e-01
3.900293255131964454e+00 2.311258147270958685e-01
3.910068426197458535e+00 1.358693350717930515e-01
3.919843597262951729e+00 3.842344259547900154e-02
3.929618768328445810e+00 -6.030880878819630531e-02
3.939393939393939004e+00 -1.593977797467286961e-01
3.949169110459433085e+00 -2.578872455288159227e-01
3.958944281524926279e+00 -3.547943959643019007e-01
3.968719452590420360e+00 -4.491098354642318879e-01
3.978494623655913554e+00 -5.397975830207979442e-01
3.988269794721407635e+00 -6.257950722073920558e-01
3.998044965786900828e+00 -7.060175093530172141e-01
4.007820136852394910e+00 -7.795982526904905452e-01
4.017595307917888547e+00 -8.457295519895557945e-01
4.027370478983382185e+00 -9.036317882840581017e-01
4.037145650048875822e+00 -9.526566649884615767e-01
4.046920821114369460e+00 -9.922872078978833832e-01
4.056695992179863097e+00 -1.022137765188064762e+00
4.066471163245356735e+00 -1.041954007415394123e+00
4.076246334310850372e+00 -1.051612927516889950e+00
4.086021505376344010e+00 -1.051122840810212677e+00
4.095796676441837647e+00 -1.040623384993657918e+00
4.105571847507331285e+00 -1.020386399714223957e+00
4.115347018572824922e+00 -9.906992592997699854e-01
4.125122189638318559e+00 -9.518284816690112393e-01
4.134897360703812197e+00 -9.041007696387144410e-01
4.144672531769305834e+00 -8.479048338743933044e-01
4.154447702834799472e+00 -7.836913928903341819e-01
4.164222873900293109e+00 -7.119731730495653110e-01
4.173998044965786747e+00 -6.333249085638866793e-01
4.183773216031280384e+00 -5.483833414938594775e-01
4.193548387096774022e+00 -4.578472217487844498e-01
4.203323558162267659e+00 -3.624708222717969441e-01
4.213098729227761297e+00 -2.628960657944454660e-01
4.222873900293254934e+00 -1.599229594724981274e-01
4.232649071358748571e+00 -5.447525506588490884e-02
4.242424242424242209e+00 5.248538738702665518e-02
4.252199413489735846e+00 1.599593995694908732e-01
4.261974584555229484e+00 2.669093048863238615e-01
4.271749755620723121e+00 3.722597184639642176e-01
4.281524926686216759e+00 4.748973471504118193e-01
4.291300097751710396e+00 5.736709895152889427e-01
4.301075268817204034e+00 6.673915358497803929e-01
4.310850439882697671e+00 7.548676650719173820e-01
4.320625610948191309e+00 8.351744275145910335e-01
4.330400782013684946e+00 9.073631312893977174e-01
4.340175953079178583e+00 9.705857659492173051e-01
4.349951124144672221e+00 1.024141788004898856e+00
4.359726295210165858e+00 1.067478120925224427e+00
4.369501466275659496e+00 1.100189155136939378e+00
4.379276637341153133e+00 1.122016748024727395e+00
4.389051808406646771e+00 1.132850223931230804e+00
4.398826979472140408e+00 1.132726374157035032e+00
4.408602150537634046e+00 1.121829459258948392e+00
4.418377321603127683e+00 1.100488368386965288e+00
4.428152492668621321e+00 1.069010641774870818e+00
4.437927663734114958e+00 1.027705795717616111e+00
4.447702834799608596e+00 9.769434476752532071e-01
4.457478005865102233e+00 9.171533162729611499e-01
4.467253176930595870e+00 8.488252213010154534e-01
4.477028347996089508e+00 7.725090837148225198e-01
4.486803519061583145e+00 6.888149256348814475e-01
4.496578690127076783e+00 5.984128703468263311e-01
4.506353861192570420e+00 5.020331423013794092e-01
4.516129032258064058e+00 4.004172085743975540e-01
4.525904203323557695e+00 2.942111316258789744e-01
4.535679374389051333e+00 1.842964722730861538e-01
4.545454545454544970e+00 7.162915963112664874e-02
4.555229716520038608e+00 -4.278293863746684966e-02
4.565004887585532245e+00 -1.578800163228032405e-01
4.574780058651025882e+00 -2.725503286675652892e-01
4.584555229716519520e+00 -3.856301923670772958e-01
4.594330400782014046e+00 -4.959039855692454757e-01
4.604105571847506795e+00 -6.021041478745861042e-01
4.613880742913001320e+00 -7.029111803362448896e-01
4.623655913978494070e+00 -7.971032164299762801e-01
4.633431085043988595e+00 -8.836267655172118651e-01
4.643206256109481345e+00 -9.614146332331023892e-01
4.652981427174975870e+00 -1.029560310895131447e+00
4.662756598240468620e+00 -1.087319442989368889e+00
4.672531769305963145e+00 -1.134109827170511231e+00
4.682306940371455894e+00 -1.169511414261848126e+00
4.692082111436950420e+00 -1.193266308255288788e+00
4.701857282502443169e+00 -1.205278766311341343e+00
4.711632453567937695e+00 -1.205615198759128370e+00
4.721407624633430444e+00 -1.194508804912100430e+00
4.731182795698924970e+00 -1.172330153624389748e+00
4.740957966764417719e+00 -1.139398618106763017e+00
4.750733137829912245e+00 -1.096069308570732925e+00
4.760508308895404994e+00 -1.042755121584591160e+00
4.770283479960899520e+00 -9.799267400733859823e-01
4.780058651026392269e+00 -9.081126333189508681e-01
4.789833822091886795e+00 -8.278990569598684290e-01
4.799608993157379544e+00 -7.399300529915129321e-01
4.809384164222874070e+00 -6.449074497660032268e-01
4.819159335288366819e+00 -5.435871898088021625e-01
4.828934506353861345e+00 -4.366088717305414146e-01
4.838709677419354094e+00 -3.247245308581889200e-01
4.848484848484848619e+00 -2.088407073716985751e-01
4.858260019550341369e+00 -8.993206827101365985e-02
4.868035190615835894e+00 3.095859262400049716e-02
4.877810361681328644e+00 1.527203546734872963e-01
4.887585532746823169e+00 2.741741704176692274e-01
4.897360703812315919e+00 3.940728655767770094e-01
4.907135874877810444e+00 5.111011390511205343e-01
4.916911045943303193e+00 6.238755629210183118e-01
4.926686217008797719e+00 7.310035033127960657e-01
4.936461388074290468e+00 8.312540673254642520e-01
4.946236559139784994e+00 9.233556206449896608e-01
4.956011730205277743e+00 1.006189020531835565e+00
4.965786901270772269e+00 1.078806927891949652e+00
4.975562072336265018e+00 1.140433807276712841e+00
4.985337243401759544e+00 1.190465926882984693e+00
4.995112414467252293e+00 1.228471358553064885e+00
5.004887585532746819e+00 1.254189977774724518e+00
5.014662756598240456e+00 1.267533463681182360e+00
5.024437927663734094e+00 1.268585299051118609e+00
5.034213098729227731e+00 1.257639672366569705e+00
5.043988269794721369e+00 1.235059028101038070e+00
5.053763440860215006e+00 1.201182429898193904e+00
5.063538611925708643e+00 1.156406072036346044e+00
5.073313782991202281e+00 1.101183445243814285e+00
5.083088954056695918e+00 1.036025336698955801e+00
5.092864125122189556e+00 9.614998300301336176e-01
5.102639296187683193e+00 8.782323053157546910e-01
5.112414467253176831e+00 7.869054390842252777e-01
5.122189638318670468e+00 6.882592043140003391e-01
5.131964809384164106e+00 5.829627070744681783e-01
5.141739980449657743e+00 4.716514800601014912e-01
5.151515151515151381e+00 3.551486758620477913e-01
5.161290322580645018e+00 2.343604443994489750e-01
5.171065493646138655e+00 1.102757277537611824e-01
5.180840664711632293e+00 -1.603373983117450940e-02
5.190615835777125930e+00 -1.434134319492052501e-01
5.200391006842619568e+00 -2.706260300317923639e-01
5.210166177908113205e+00 -3.963514233480848747e-01
5.219941348973606843e+00 -5.191867090048467581e-01
5.229716520039100480e+00 -6.376997242102625529e-01
5.239491691104594118e+00 -7.504875089739266869e-01
5.249266862170087755e+00 -8.560747556732679620e-01
5.259042033235581393e+00 -9.531445570992378435e-01
5.268817204301075030e+00 -1.040550855857405255e+00
5.278592375366568668e+00 -1.117318444367901842e+00
5.288367546432062305e+00 -1.182642964865470381e+00
5.298142717497555942e+00 -1.235890909399422810e+00
5.307917888563049580e+00 -1.276599619833676869e+00
5.317693059628543217e+00 -1.304477287846723899e+00
5.327468230694036855e+00 -1.319469520104228355e+00
5.337243401759530492e+00 -1.321772962617485447e+00
5.347018572825024130e+00 -1.311591300404673532e+00
5.356793743890517767e+00 -1.289204633644343678e+00
5.366568914956011405e+00 -1.254971799222919238e+00
5.376344086021505042e+00 -1.209330370734708726e+00
5.386119257086998680e+00 -1.152796658481886949e+00
5.395894428152492317e+00 -1.085965709474520313e+00
5.405669599217985954e+00 -1.009511307430534632e+00
5.415444770283479592e+00 -9.241846759251566290e-01
5.425219941348973229e+00 -8.306003732688835850e-01
5.434995112414467755e+00 -7.292891577753577437e-01
5.444770283479960504e+00 -6.209246566377776277e-01
5.454545454545455030e+00 -5.062620432688121896e-01
5.464320625610947779e+00 -3.861380373006565447e-01
5.474095796676442305e+00 -2.614709045849664681e-01
5.483870967741935054e+00 -1.332604571929273951e-01
5.493646138807429580e+00 -2.588053415182145489e-03
5.503421309872922329e+00 1.293834022380943582e-01
5.513196480938416855e+00 2.614319912264310153e-01
5.522971652003909604e+00 3.922244030791656733e-01
5.532746823069404130e+00 5.201372168962052900e-01
5.542521994134896879e+00 6.436090467835891005e-01
5.552297165200391404e+00 7.611763268855350484e-01
5.562072336265884154e+00 8.714733113843704526e-01
5.571847507331378679e+00 9.732320745005988982e-01
5.581622678396871429e+00 1.065282510492836510e+00
5.591397849462365954e+00 1.146552333657870681e+00
5.601173020527858704e+00 1.216067078330608009e+00
5.610948191593353229e+00 1.272953140647749004e+00
5.620723362658845979e+00 1.316751289833901328e+00
5.630498533724340504e+00 1.347322818268412270e+00
5.640273704789833253e+00 1.364574647578853606e+00
5.650048875855327779e+00 1.368544015950166948e+00
5.659824046920820528e+00 1.359398478124653309e+00
5.669599217986315054e+00 1.337435905401977987e+00
5.679374389051807803e+00 1.303084485639171231e+00
5.689149560117302329e+00 1.256902723250620246e+00
5.698924731182795078e+00 1.199579439208086074e+00
5.708699902248289604e+00 1.131899725753952035e+00
5.718475073313782353e+00 1.054391577613121411e+00
5.728250244379276879e+00 9.675835249334753252e-01
5.738025415444769628e+00 8.720874075595532737e-01
5.747800586510264154e+00 7.685705469759256392e-01
5.757575757575756903e+00 6.577557463072494226e-01
5.767350928641251429e+00 5.404212903182085137e-01
5.777126099706744178e+00 4.174009454135778618e-01
5.786901270772238703e+00 2.895839596381551417e-01
5.796676441837731453e+00 1.579107620401888346e-01
5.806451612903225978e+00 2.332967400013073733e-02
5.816226783968718728e+00 -1.128318696640159130e-01
5.826001955034213253e+00 -2.491235044409609301e-01
5.835777126099706003e+00 -3.840936387218196191e-01
5.845552297165200528e+00 -5.162894538001906453e-01
5.855327468230694166e+00 -6.442569038720875607e-01
5.865102639296187803e+00 -7.665407160359698491e-01
5.874877810361681441e+00 -8.816843902927675725e-01
5.884652981427175078e+00 -9.882301995458220301e-01
5.894428152492668715e+00 -1.084719189600948930e+00
5.904203323558162353e+00 -1.169778853123380369e+00
5.913978494623655990e+00 -1.242629526536158657e+00
5.923753665689149628e+00 -1.302582360930334193e+00
5.933528836754643265e+00 -1.349101446173937013e+00
5.943304007820136903e+00 -1.381842919906574485e+00
5.953079178885630540e+00 -1.400654967539457729e+00
5.962854349951124178e+00 -1.405577822255383635e+00
5.972629521016617815e+00 -1.396843765008745075e+00
5.982404692082111453e+00 -1.374877124525527572e+00
5.992179863147605090e+00 -1.340294277303306414e+00
6.001955034213098727e+00 -1.293865570092254114e+00
6.011730205278592365e+00 -1.236186981043909672e+00
6.021505376344086002e+00 -1.167769202582745081e+00
6.031280547409579640e+00 -1.089170276175229102e+00
6.041055718475073277e+00 -1.000994754180599244e+00
6.050830889540566915e+00 -9.038936998508156906e-01
6.060606060606060552e+00 -7.985646873306133653e-01
6.070381231671554190e+00 -6.857518016574448705e-01
6.080156402737047827e+00 -5.662456387615418807e-01
6.089931573802541465e+00 -4.408833054658496398e-01
6.099706744868035102e+00 -3.105484194860966829e-01
6.109481915933528740e+00 -1.761258659431690077e-01
6.119257086999022377e+00 -3.864472296624689440e-02
6.129032258064516014e+00 1.005211976564190507e-01
6.138807429130009652e+00 2.399562592844381448e-01
6.148582600195503289e+00 3.782165800618249030e-01
6.158357771260996927e+00 5.138300329169178671e-01
6.168132942326490564e+00 6.452962455624603466e-01
6.177908113391984202e+00 7.710866004955214681e-01
6.187683284457477839e+00 8.896442349975726138e-01
6.197458455522971477e+00 9.993840411344134811e-01
6.207233626588465114e+00 1.098722230197485716e+00
6.217008797653958752e+00 1.186546753791154263e+00
6.226783968719452389e+00 1.261934931387798997e+00
6.236559139784946026e+00 1.324104962480164627e+00
6.246334310850439664e+00 1.372488348699838934e+00
6.256109481915933301e+00 1.406729893817215693e+00
6.265884652981426939e+00 1.426687703741515101e+00
6.275659824046920576e+00 1.432433186520782442e+00
6.285434995112414214e+00 1.424251052341880319e+00
6.295210166177907851e+00 1.402639313530493093e+00
6.304985337243401489e+00 1.368303351901925646e+00
6.314760508308895126e+00 1.321932909176928739e+00
6.324535679374388764e+00 1.264051208613453881e+00
6.334310850439882401e+00 1.195206882504178170e+00
6.344086021505376038e+00 1.115988533066329502e+00
6.353861192570869676e+00 1.027024732441646382e+00
6.363636363636363313e+00 9.289840226964261038e-01
6.373411534701856951e+00 8.225749158214703538e-01
6.383186705767350588e+00 7.085458937321431616e-01
6.392961876832844226e+00 5.876854082683096170e-01
6.402737047898338751e+00 4.608218811943932680e-01
6.412512218963831501e+00 3.287868569936047147e-01
6.422287390029325138e+00 1.924342107587464490e-01
6.432062561094818776e+00 5.298238099939825418e-02
6.441837732160313301e+00 -8.825982395530360125e-02
6.451612903225806051e+00 -2.299242121477408085e-01
6.461388074291299688e+00 -3.705832079919362809e-01
6.471163245356793325e+00 -5.087498522734732465e-01
6.480938416422287851e+00 -6.428778021495318296e-01
6.490713587487780600e+00 -7.713613311488154434e-01
6.500488758553274238e+00 -8.925353291716647819e-01
6.510263929618767875e+00 -1.004682495860090174e+00
6.520039100684262401e+00 -1.106406239624939669e+00
6.529814271749755150e+00 -1.196540411974970297e+00
6.539589442815248788e+00 -1.274041820847078288e+00
6.549364613880742425e+00 -1.338095304387237672e+00
6.559139784946236951e+00 -1.388113730950520708e+00
6.568914956011729700e+00 -1.423737999101071017e+00
6.578690127077223337e+00 -1.444837037612147546e+00
6.588465298142716975e+00 -1.451507805466093037e+00
6.598240469208211501e+00 -1.444075291854340470e+00
6.608015640273704250e+00 -1.423092545058457947e+00
6.617790811339197887e+00 -1.389275622374909425e+00
6.627565982404691525e+00 -1.343203848680036616e+00
6.637341153470186050e+00 -1.285424639801930891e+00
6.647116324535678800e+00 -1.216518944756007192e+00
6.656891495601172437e+00 -1.137101245744955191e+00
6.666666666666666075e+00 -1.047819558158769482e+00
6.676441837732160600e+00 -9.493554305747282651e-01
6.686217008797653349e+00 -8.424239447574516371e-01
6.695992179863146987e+00 -7.277737156588157674e-01
6.705767350928641513e+00 -6.061868914179902035e-01
6.715542521994135150e+00 -4.783984216710350790e-01
6.725317693059627899e+00 -3.451708674767939855e-01
6.735092864125121537e+00 -2.075906216246016789e-01
6.744868035190616062e+00 -6.683319289333281010e-02
6.754643206256109700e+00 7.584503040119983108e-02
6.764418377321602449e+00 2.191067804063688840e-01
6.774193548387096087e+00 3.615339097326506490e-01
6.783968719452590612e+00 5.016273914536649725e-01
6.793743890518084250e+00 6.378073191060946723e-01
6.803519061583576999e+00 7.684129066898078841e-01
6.813294232649070636e+00 8.917024886677759055e-01
6.823069403714565162e+00 1.005921126445391778e+00
6.832844574780058799e+00 1.109741787470352570e+00
6.842619745845551549e+00 1.201903313561324405e+00
6.852394916911045186e+00 1.281331394778592703e+00
6.862170087976539712e+00 1.347182588614165955e+00
6.871945259042033349e+00 1.398844319991740193e+00
6.881720430107526099e+00 1.435934881266754726e+00
6.891495601173019736e+00 1.458303432226353280e+00
6.901270772238514262e+00 1.466030000089394436e+00
6.911045943304007899e+00 1.459425479506448742e+00
6.920821114369500648e+00 1.439031632559805152e+00
6.930596285434994286e+00 1.405597950300598864e+00
6.940371456500488812e+00 1.359775842834341830e+00
6.950146627565982449e+00 1.302128694102371531e+00
6.959921798631475198e+00 1.233249352806107924e+00
6.969696969696968836e+00 1.153760618495278001e+00
6.979472140762463361e+00 1.064315241567895365e+00
6.989247311827956999e+00 9.655959232703137385e-01
6.999022482893449748e+00 8.583153156971494724e-01
7.008797653958943386e+00 7.432160217913312827e-01
7.018572825024437911e+00 6.210705953440707194e-01
7.028347996089931549e+00 4.925862112526786518e-01
7.038123167155424298e+00 3.585618287572514551e-01
7.047898338220917935e+00 2.200778551178110831e-01
7.057673509286412461e+00 7.830214312718183911e-02
7.067448680351906098e+00 -6.551161385010265126e-02
7.077223851417398848e+00 -2.100238818779234240e-01
7.086999022482892485e+00 -3.538092864484938538e-01
7.096774193548387011e+00 -4.953566124824007044e-01
7.106549364613880648e+00 -6.330688043285213062e-01
7.116324535679373398e+00 -7.652629657641485394e-01
7.126099706744868811e+00 -8.901703599949246648e-01
7.135874877810361561e+00 -1.006024056018190560e+00
7.145650048875855198e+00 -1.111472960834123391e+00
7.155425219941347947e+00 -1.205217052016485102e+00
7.165200391006843361e+00 -1.286159158454648344e+00
7.174975562072336110e+00 -1.353436259212429382e+00
7.184750733137829748e+00 -1.406419483528158043e+00
7.194525904203322497e+00 -1.444714110814629748e+00
7.204301075268817911e+00 -1.468159570659119506e+00
7.214076246334310660e+00 -1.476829442823370586e+00
7.223851417399804298e+00 -1.471031457243616281e+00
7.233626588465297047e+00 -1.451307494030561474e+00
7.243401759530792461e+00 -1.418415999407244499e+00
7.253176930596285210e+00 -1.373024168662073663e+00
7.262952101661778848e+00 -1.315704569974679661e+00
7.272727272727271597e+00 -1.247057464174084584e+00
7.282502443792767011e+00 -1.167711316355461548e+00
7.292277614858259760e+00 -1.078322795880183538e+00
7.302052785923753397e+00 -9.795767763757533553e-01
7.311827956989246147e+00 -8.721863357358490276e-01
7.321603128054741561e+00 -7.568927561202948295e-01
7.331378299120234310e+00 -6.344655239551306725e-01
7.341153470185727947e+00 -5.055943702684961849e-01
7.350928641251220697e+00 -3.710959245786769056e-01
7.360703812316716110e+00 -2.320383835879255841e-01
7.370478983382208860e+00 -8.958040631564578860e-02
7.380254154447702497e+00 5.502896604572435346e-02
7.390029325513195246e+00 2.004503101306325807e-01
7.399804496578690660e+00 3.452538204004519384e-01
7.409579667644183409e+00 4.879193091433989271e-01
7.419354838709677047e+00 6.268362064746576534e-01
7.429130009775169796e+00 7.603035603362957584e-01
7.438905180840665210e+00 8.865300364973061065e-01
7.448680351906157959e+00 1.003757548207852013e+00
7.458455522971651597e+00 1.110604803814892128e+00
7.468230694037144346e+00 1.205733765715084393e+00
7.478005865102639760e+00 1.288028184796903730e+00
7.487781036168132509e+00 1.356608548948869952e+00
7.497556207233626147e+00 1.410832083059620601e+00
7.507331378299118896e+00 1.450292749017860761e+00
7.517106549364614310e+00 1.474821245712377271e+00
7.526881720430107059e+00 1.484485009032028957e+00
7.536656891495600696e+00 1.479588211865765945e+00
7.546432062561095222e+00 1.460671764102609682e+00
7.556207233626588859e+00 1.428496561959194278e+00
7.565982404692081609e+00 1.383723038489063084e+00
7.575757575757575246e+00 1.326930277608750375e+00
7.585532746823069772e+00 1.258724322704539489e+00
7.595307917888563409e+00 1.179738220941813021e+00
7.605083088954056159e+00 1.090632023264992423e+00
7.614858260019549796e+00 9.920927843975770877e-01
7.624633431085044322e+00 8.848345628421178111e-01
7.634408602150537959e+00 7.695984208802815196e-01
7.644183773216030708e+00 6.471505186560138068e-01
7.653958944281524346e+00 5.181565108688348520e-01
7.663734115347018871e+00 3.834625885322631156e-01
7.673509286412512509e+00 2.441165309165933550e-01
7.683284457478005258e+00 1.012621594146614901e-01
7.693059628543498896e+00 -4.386066245807870856e-02
7.702834799608993421e+00 -1.899160290635955040e-01
7.712609970674487059e+00 -3.354719926411935393e-01
7.722385141739979808e+00 -4.790005633076434011e-01
7.732160312805473446e+00 -6.188777090570940498e-01
7.741935483870967971e+00 -7.533833557611154808e-01
7.751710654936461609e+00 -8.807013871686188988e-01
7.761485826001954358e+00 -9.991328168880465599e-01
7.771260997067447995e+00 -1.107227229636865484e+00
7.781036168132942521e+00 -1.203617197602776745e+00
7.790811339198436158e+00 -1.287173276762345164e+00
7.800586510263928908e+00 -1.357004168884002437e+00
7.810361681329422545e+00 -1.412456721527992398e+00
7.820136852394917071e+00 -1.453115928046388561e+00
7.829912023460410708e+00 -1.478804927583074358e+00
7.839687194525903458e+00 -1.489585005073776891e+00
7.849462365591397095e+00 -1.485755591246042506e+00
7.859237536656891621e+00 -1.467855452754300183e+00
7.869012707722385258e+00 -1.436636777577264157e+00
7.878787878787878007e+00 -1.392725856410823138e+00
7.888563049853371645e+00 -1.336706680565538985e+00
7.898338220918866170e+00 -1.269189826039227365e+00
7.908113391984359808e+00 -1.190812453516997049e+00
7.917888563049852557e+00 -1.102238308371191744e+00
7.927663734115347083e+00 -1.004157720661413400e+00
7.937438905180840720e+00 -8.972876051345700654e-01
7.947214076246334358e+00 -7.823714612247920641e-01
7.956989247311827107e+00 -6.601616058374922824e-01
7.966764418377321633e+00 -5.313081018844976189e-01
7.976539589442815270e+00 -3.966860107638699451e-01
7.986314760508308908e+00 -2.573154612402935859e-01
7.996089931573801657e+00 -1.143197106514848849e-01
8.005865102639296182e+00 3.107485509184793049e-02
8.015640273704789820e+00 1.775387215059189283e-01
8.025415444770283457e+00 3.236392455339920926e-01
8.035190615835777095e+00 4.678406555462969463e-01
8.044965786901270732e+00 6.085040513400692408e-01
8.054740957966764370e+00 7.438874041394704095e-01
8.064516129032258007e+00 8.721772436788286509e-01
8.074291300097751645e+00 9.917487362934691575e-01
8.084066471163245282e+00 1.101016979159614939e+00
8.093841642228738920e+00 1.198601184834132471e+00
8.103616813294232557e+00 1.283367645829031733e+00
8.113391984359726194e+00 1.354429734611404257e+00
8.123167155425219832e+00 1.411147903603441778e+00
8.132942326490713469e+00 1.453129685182410480e+00
8.142717497556207107e+00 1.480229691680696957e+00
8.152492668621700744e+00 1.492549615385775130e+00
8.162267839687194382e+00 1.490456343558760111e+00
8.172043010752688019e+00 1.474468784885733852e+00
8.181818181818181657e+00 1.445081915726203814e+00
8.191593352883675294e+00 1.402830980454225607e+00
8.201368523949168932e+00 1.348293736973036783e+00
8.211143695014662569e+00 1.282090456715090365e+00
8.220918866080156207e+00 1.204883924642006665e+00
8.230694037145649844e+00 1.117379439244605477e+00
8.240469208211143481e+00 1.020324812542880544e+00
8.250244379276637119e+00 9.145086561561194261e-01
8.260019550342130756e+00 8.005714214582283494e-01
8.269794721407624394e+00 6.791182098532799749e-01
8.279569892473118031e+00 5.509191365520148542e-01
8.289345063538611669e+00 4.168517366268785218e-01
8.299120234604105306e+00 2.779009650119086405e-01
8.308895405669598944e+00 1.351591965028097198e-01
8.318670576735092581e+00 -1.017377424308757439e-02
8.328445747800586219e+00 -1.567907327067404322e-01
8.338220918866079856e+00 -3.032770445075210208e-01
8.347996089931573493e+00 -4.481157272484491694e-01
8.357771260997067131e+00 -5.896971489886361217e-01
8.367546432062560768e+00 -7.261267731917373514e-01
8.377321603128054406e+00 -8.555931167257684322e-01
8.387096774193548043e+00 -9.764609610395037498e-01
8.396871945259041681e+00 -1.087271352162408666e+00
8.406647116324535318e+00 -1.186741600704743771e+00
8.416422287390028956e+00 -1.273765281857495379e+00
8.426197458455522593e+00 -1.347412235392400959e+00
8.435972629521016231e+00 -1.406928565661909714e+00
8.445747800586509868e+00 -1.451738580635413056e+00
8.455522971652003505e+00 -1.481683062808820228e+00
8.465298142717497143e+00 -1.496939734074313577e+00
8.475073313782990780e+00 -1.497734601939915144e+00
8.484848484848484418e+00 -1.484393362508399594e+00
8.494623655913978055e+00 -1.457341400477283333e+00
8.504398826979471693e+00 -1.417103789138819847e+00
8.514173998044965330e+00 -1.364305290380027236e+00
8.523949169110458968e+00 -1.299670354682651352e+00
8.533724340175952605e+00 -1.224023121123187785e+00
8.543499511241446243e+00 -1.138202432109824969e+00
8.553274682306939880e+00 -1.042706086945777377e+00
8.563049853372433518e+00 -9.381293065486877580e-01
8.572825024437927155e+00 -8.251495244517614847e-01
8.582600195503420792e+00 -7.045091693409899491e-01
8.592375366568914430e+00 -5.770156650552222821e-01
8.602150537634408067e+00 -4.435414305860584938e-01
8.611925708699901705e+00 -3.050238800779206394e-01
8.621700879765395342e+00 -1.624654228280132950e-01
8.631476050830888980e+00 -1.690683993505059241e-02
8.641251221896382617e+00 1.304048541164046227e-01
8.651026392961876255e+00 2.778176512606057580e-01
8.660801564027369892e+00 4.236695421158127028e-01
8.670576735092863530e+00 5.663156923616706750e-01
8.680351906158357167e+00 7.041284427393379453e-01
8.690127077223850804e+00 8.354973090514008494e-01
8.699902248289344442e+00 9.588289821619115916e-01
8.709677419354838079e+00 1.072547327996318689e+00
8.719452590420331717e+00 1.175093387541574108e+00
8.729227761485825354e+00 1.264972124491646532e+00
8.739002932551318992e+00 1.341307636680343141e+00
8.748778103616812629e+00 1.403463407115999484e+00
8.758553274682306267e+00 1.450951902610854161e+00
8.768328445747801680e+00 1.483492879610189608e+00
8.778103616813293542e+00 1.501013384192327216e+00
8.787878787878787179e+00 1.503647752068657084e+00
8.797653958944280816e+00 1.491737608583615371e+00
8.807429130009776230e+00 1.465831868714685848e+00
8.817204301075268091e+00 1.426686737072417221e+00
8.826979472140761729e+00 1.375187317460873970e+00
8.836754643206255366e+00 1.311960943202991281e+00
8.846529814271750780e+00 1.237580292234617740e+00
8.856304985337242641e+00 1.152657617182050620e+00
8.866080156402736279e+00 1.057843016349077736e+00
8.875855327468229916e+00 9.538244337170175280e-01
8.885630498533725330e+00 8.413276589446911924e-01
8.895405669599217191e+00 7.211163273684915165e-01
8.905180840664710828e+00 5.939919200022825141e-01
8.914956011730204466e+00 4.607937635374661500e-01
8.924731182795699880e+00 3.223990303429429827e-01
8.934506353861191741e+00 1.796781957503597316e-01
8.944281524926685378e+00 3.378362905990335563e-02
8.954056695992179016e+00 -1.138104712641010152e-01
8.963831867057674430e+00 -2.615930394770124012e-01
8.973607038123166291e+00 -4.080195879041982332e-01
8.983382209188659928e+00 -5.515122069411642070e-01
8.993157380254153566e+00 -6.904595650534679496e-01
9.002932551319648979e+00 -8.232169087767582383e-01
9.012707722385140841e+00 -9.481060627167008370e-01
9.022482893450634478e+00 -1.063415429549091629e+00
9.032258064516128115e+00 -1.167420988069268306e+00
9.042033235581623529e+00 -1.258923987498794972e+00
9.051808406647115390e+00 -1.337013309578396481e+00
9.061583577712609028e+00 -1.400910437800657604e+00
9.071358748778102665e+00 -1.450065885722633174e+00
9.081133919843598079e+00 -1.484159196965863181e+00
9.090909090909089940e+00 -1.503098945216357230e+00
9.100684261974583578e+00 -1.507022734224622074e+00
9.110459433040077215e+00 -1.496297197805643187e+00
9.120234604105572629e+00 -1.471517999838882096e+00
9.130009775171064490e+00 -1.433505184412802391e+00
9.139784946236558127e+00 -1.383062520229214831e+00
9.149560117302051765e+00 -1.320772209182412560e+00
9.159335288367547179e+00 -1.247228006564774727e+00
9.169110459433039040e+00 -1.163057025967353386e+00
9.178885630498532677e+00 -1.068919739279809100e+00
9.188660801564028091e+00 -9.655099766904366998e-01
9.198435972629521729e+00 -8.535549266862169082e-01
9.208211143695013590e+00 -7.338151360527257472e-01
9.217986314760507227e+00 -6.070845098741939339e-01
9.227761485826002641e+00 -4.741903115334721863e-01
9.237536656891496278e+00 -3.359758210445846771e-01
9.247311827956988139e+00 -1.933028833522537071e-01
9.257086999022481777e+00 -4.744320947025260082e-02
9.266862170087977191e+00 1.002101279984831672e-01
9.276637341153470828e+00 2.482049861482019670e-01
9.286412512218962689e+00 3.950301517704643550e-01
9.296187683284456327e+00 5.391153413540570316e-01
9.305962854349951741e+00 6.788312010850354739e-01
9.315738025415445378e+00 8.124893068466414459e-01
9.325513196480937239e+00 9.383421642194268442e-01
9.335288367546430877e+00 1.054583208481169931e+00
9.345063538611926290e+00 1.159639680659054095e+00
9.354838709677419928e+00 1.252374503019449303e+00
9.364613880742911789e+00 1.331729972572677667e+00
9.374389051808405426e+00 1.396889798254721260e+00
9.384164222873900840e+00 1.447279335362017916e+00
9.393939393939394478e+00 1.482565585551431919e+00
9.403714565004886339e+00 1.502657196840299303e+00
9.413489736070379976e+00 1.507704463606396317e+00
9.423264907135875390e+00 1.498099326587944535e+00
9.433040078201369028e+00 1.474475372883619295e+00
9.442815249266860889e+00 1.437652979518706520e+00
9.452590420332354526e+00 1.388296395197919253e+00
9.462365591397849940e+00 1.326995391175434857e+00
9.472140762463343577e+00 1.254366721020945485e+00
9.481915933528835438e+00 1.171054274165890252e+00
9.491691104594329076e+00 1.077729075903489875e+00
9.501466275659824490e+00 9.750892873887231360e-01
9.511241446725318127e+00 8.638602056383877237e-01
9.521016617790809988e+00 7.447942635310093040e-01
9.530791788856303626e+00 6.186710298069030278e-01
9.540566959921799040e+00 4.862523116011985280e-01
9.550342130987292677e+00 3.482594020237773647e-01
9.560117302052784538e+00 2.058225079119612722e-01
9.569892473118278176e+00 6.018735006815142952e-02
9.579667644183773589e+00 -8.732493915099887039e-02
9.589442815249267227e+00 -2.353178158344989002e-01
9.599217986314759088e+00 -3.823193245171496724e-01
9.608993157380254502e+00 -5.267820981794776314e-01
9.618768328445748139e+00 -6.670833582476733969e-01
9.628543499511241777e+00 -8.015249145937179964e-01
9.638318670576733638e+00 -9.283331655352982104e-01
9.648093841642229052e+00 -1.045659097835843543e+00
9.657869012707722689e+00 -1.151871433228548458e+00
9.667644183773216326e+00 -1.245880536272798489e+00
9.677419354838708188e+00 -1.326603675827817685e+00
9.687194525904203601e+00 -1.393191305101736166e+00
9.696969696969697239e+00 -1.445030791861997344e+00
9.706744868035190876e+00 -1.481746418435413215e+00
9.716520039100682737e+00 -1.503199381708126836e+00
9.726295210166178151e+00 -1.509487793125619870e+00
9.736070381231671789e+00 -1.500946678692713032e+00
9.745845552297165426e+00 -1.478147978973571419e+00
9.755620723362657287e+00 -1.441900092464453387e+00
9.765395894428152701e+00 -1.393067567248116756e+00
9.775171065493646338e+00 -1.332272338096057274e+00
9.784946236559139976e+00 -1.260124625722524927e+00
9.794721407624631837e+00 -1.177261878450477584e+00
9.804496578690127251e+00 -1.084348772211559453e+00
9.814271749755620888e+00 -9.820772105461572643e-01
9.824046920821114526e+00 -8.711663246033181096e-01
9.833822091886606387e+00 -7.523624731408042887e-01
9.843597262952101801e+00 -6.264392425250586705e-01
9.853372434017595438e+00 -4.941968493687724506e-01
9.863147605083089076e+00 -3.563882171551633893e-01
9.872922776148580937e+00 -2.140364446438947632e-01
9.882697947214076351e+00 -6.838263225467988704e-02
9.892473118279569988e+00 7.925084980136604118e-02
9.902248289345063625e+00 2.274603615218548647e-01
9.912023460410555487e+00 3.747609931130392313e-01
9.921798631476050900e+00 5.195865649898558924e-01
9.931573802541544538e+00 6.602896277758403265e-01
9.941348973607038175e+00 7.951414623032555529e-01
9.951124144672530036e+00 9.223320796130047849e-01
9.960899315738025450e+00 1.040027687632414821e+00
9.970674486803519088e+00 1.146766406288798112e+00
9.980449657869012725e+00 1.241239196347749374e+00
9.990224828934504586e+00 1.322375202940431871e+00
1.000000000000000000e+01 1.389372507523490619e+00
