0.000000000000000000e+00 1.875000000000000000e-01
9.775171065493646130e-03 1.884042073371920423e-01
1.955034213098729226e-02 1.893126347182889635e-01
2.932551319648093319e-02 1.902252997979237970e-01
3.910068426197458452e-02 1.911422202742802390e-01
4.887585532746822892e-02 1.920634138890710829e-01
5.865102639296186637e-02 1.929888984275380803e-01
6.842619745845551771e-02 1.939186917181418002e-01
7.820136852394916904e-02 1.948528116313922309e-01
8.797653958944282038e-02 1.957912760800464003e-01
9.775171065493645783e-02 1.967341030174420691e-01
1.075268817204300953e-01 1.976813104373537633e-01
1.173020527859237327e-01 1.986329163739924408e-01
1.270772238514173980e-01 1.995889389020059634e-01
1.368523949169110354e-01 2.005493961364787081e-01
1.466275659824047006e-01 2.015143062329318169e-01
1.564027370478983381e-01 2.024836873873229193e-01
1.661779081133919755e-01 2.034575578331821177e-01
1.759530791788856408e-01 2.044359358382782377e-01
1.857282502443792782e-01 2.054188397109074637e-01
1.955034213098729157e-01 2.064062877947628882e-01
2.052785923753665531e-01 2.073982984687453013e-01
2.150537634408601906e-01 2.083948901469632187e-01
2.248289345063538280e-01 2.093960812787328818e-01
2.346041055718474655e-01 2.104018903485783132e-01
2.443792766373411585e-01 2.114123358762312610e-01
2.541544477028347959e-01 2.124274364166311158e-01
2.639296187683284334e-01 2.134472105599251046e-01
2.737047898338220708e-01 2.144716769249250810e-01
2.834799608993157083e-01 2.155008541586868609e-01
2.932551319648094013e-01 2.165347609435746279e-01
3.030303030303030387e-01 2.175734159903827680e-01
3.128054740957966762e-01 2.186168380383136656e-01
3.225806451612903136e-01 2.196650458549782026e-01
3.323558162267839511e-01 2.207180582363951205e-01
3.421309872922776441e-01 2.217758940069914919e-01
3.519061583577712815e-01 2.228385720196025543e-01
3.616813294232649190e-01 2.239061111554718209e-01
3.714565004887585564e-01 2.249785303231280342e-01
3.812316715542521939e-01 2.260558484471092977e-01
3.910068426197458313e-01 2.271380844805576671e-01
4.007820136852394688e-01 2.282252573996496614e-01
4.105571847507331062e-01 2.293173862008643094e-01
4.203323558162267437e-01 2.304144899009832326e-01
4.301075268817203812e-01 2.315165875370902848e-01
4.398826979472140186e-01 2.326236981665720238e-01
4.496578690127076561e-01 2.337358408671173227e-01
4.594330400782012935e-01 2.348530347367176474e-01
4.692082111436949310e-01 2.359752988935031881e-01
4.789833822091886795e-01 2.371026524639663902e-01
4.887585532746823169e-01 2.382351145923542468e-01
4.985337243401759544e-01 2.393727044400587034e-01
5.083088954056695918e-01 2.405154411788703595e-01
5.180840664711632293e-01 2.416633439909786629e-01
5.278592375366568668e-01 2.428164320689717992e-01
5.376344086021505042e-01 2.439747246158365523e-01
5.474095796676441417e-01 2.451382408449586936e-01
5.571847507331377791e-01 2.463069999801226206e-01
5.669599217986314166e-01 2.474810212555114686e-01
5.767350928641251651e-01 2.486603239147902045e-01
5.865102639296188025e-01 2.498449271942210226e-01
5.962854349951124400e-01 2.510348503404327136e-01
6.060606060606060774e-01 2.522301126043490216e-01
6.158357771260997149e-01 2.534307332352592201e-01
6.256109481915933523e-01 2.546367314808181126e-01
6.353861192570869898e-01 2.558481265870456989e-01
6.451612903225806273e-01 2.570649377983277861e-01
6.549364613880742647e-01 2.582871843574153781e-01
6.647116324535679022e-01 2.595148855054250636e-01
6.744868035190615396e-01 2.607480604818387948e-01
6.842619745845552881e-01 2.619867285169519833e-01
6.940371456500489256e-01 2.632309088228037552e-01
7.038123167155425630e-01 2.644806206128694770e-01
7.135874877810362005e-01 2.657358830858974619e-01
7.233626588465298379e-01 2.669967154251555730e-01
7.331378299120234754e-01 2.682631367984313897e-01
7.429130009775171128e-01 2.695351663580324297e-01
7.526881720430107503e-01 2.708128232407855940e-01
7.624633431085043878e-01 2.720961265680378327e-01
7.722385141739980252e-01 2.733850954456555904e-01
7.820136852394916627e-01 2.746797489607257781e-01
7.917888563049853001e-01 2.759801061623113339e-01
8.015640273704789376e-01 2.772861860893618413e-01
8.113391984359725750e-01 2.785980077533111166e-01
8.211143695014662125e-01 2.799155901336779495e-01
8.308895405669598500e-01 2.812389521780661594e-01
8.406647116324534874e-01 2.825681128021642619e-01
8.504398826979471249e-01 2.839030908897459682e-01
8.602150537634407623e-01 2.852439052926696861e-01
8.699902248289343998e-01 2.865905748308788525e-01
8.797653958944280372e-01 2.879431182924017674e-01
8.895405669599216747e-01 2.893015544262582117e-01
8.993157380254153122e-01 2.906659019225116269e-01
9.090909090909089496e-01 2.920361794460644145e-01
9.188660801564025871e-01 2.934124056134065905e-01
9.286412512218962245e-01 2.947945989898224095e-01
9.384164222873898620e-01 2.961827780893908635e-01
9.481915933528837215e-01 2.975769613749853493e-01
9.579667644183773589e-01 2.989771672582736683e-01
9.677419354838709964e-01 3.003834140997181379e-01
9.775171065493646338e-01 3.017957202085757018e-01
9.872922776148582713e-01 3.032141038426124369e-01
9.970674486803519088e-01 3.046385831828395951e-01
1.006842619745845546e+00 3.060691763539967747e-01
1.016617790811339184e+00 3.075059014236030119e-01
1.026392961876832821e+00 3.089487763862447389e-01
1.036168132942326459e+00 3.103978191635754502e-01
1.045943304007820096e+00 3.118530476043158695e-01
1.055718475073313734e+00 3.133144794842540604e-01
1.065493646138807371e+00 3.147821325062452047e-01
1.075268817204301008e+00 3.162560243002117688e-01
1.085043988269794646e+00 3.177361724231434481e-01
1.094819159335288283e+00 3.192225943473258054e-01
1.104594330400781921e+00 3.207153074429568429e-01
1.114369501466275558e+00 3.222143290169887653e-01
1.124144672531769196e+00 3.237196762804163686e-01
1.133919843597262833e+00 3.252313663461209314e-01
1.143695014662756471e+00 3.267494162288705484e-01
1.153470185728250330e+00 3.282738428453197410e-01
1.163245356793743968e+00 3.298046630140096802e-01
1.173020527859237605e+00 3.313418934553682416e-01
1.182795698924731242e+00 3.328855507917097833e-01
1.192570869990224880e+00 3.344356515472353686e-01
1.202346041055718517e+00 3.359922121275026319e-01
1.212121212121212155e+00 3.375552488121864592e-01
1.221896383186705792e+00 3.391247777891268078e-01
1.231671554252199430e+00 3.407008151201202928e-01
1.241446725317693067e+00 3.422833767403095084e-01
1.251221896383186705e+00 3.438724784581833616e-01
1.260997067448680342e+00 3.454681359555766829e-01
1.270772238514173980e+00 3.470703647876707265e-01
1.280547409579667617e+00 3.486791803829926706e-01
1.290322580645161255e+00 3.502945980434158946e-01
1.300097751710654892e+00 3.519166329397561688e-01
1.309872922776148529e+00 3.535453000732348139e-01
1.319648093841642167e+00 3.551806143268524951e-01
1.329423264907135804e+00 3.568225904364568657e-01
1.339198435972629442e+00 3.584712429798165845e-01
1.348973607038123079e+00 3.601265863766213160e-01
1.358748778103616939e+00 3.617886348884815084e-01
1.368523949169110576e+00 3.634574026189283935e-01
1.378299120234604214e+00 3.651329035134142087e-01
1.388074291300097851e+00 3.668151513593119750e-01
1.397849462365591489e+00 3.685041597859158857e-01
1.407624633431085126e+00 3.701999422376450743e-01
1.417399804496578763e+00 3.719025119728782691e-01
1.427174975562072401e+00 3.736118820996547907e-01
1.436950146627566038e+00 3.753280655329501725e-01
1.446725317693059676e+00 3.770510749941977657e-01
1.456500488758553313e+00 3.787809230112886838e-01
1.466275659824046951e+00 3.805176219185719133e-01
1.476050830889540588e+00 3.822611838568544806e-01
1.485826001955034226e+00 3.840116207734008968e-01
1.495601173020527863e+00 3.857689444219338792e-01
1.505376344086021501e+00 3.875331663625841694e-01
1.515151515151515138e+00 3.893042979202686604e-01
1.524926686217008776e+00 3.910823502093727089e-01
1.534701857282502413e+00 3.928673341469993696e-01
1.544477028347996050e+00 3.946592604179345321e-01
1.554252199413489688e+00 3.964581394746470311e-01
1.564027370478983325e+00 3.982639815372882586e-01
1.573802541544476963e+00 4.000767965936930515e-01
1.583577712609970600e+00 4.018965943993786927e-01
1.593352883675464238e+00 4.037233844775455216e-01
1.603128054740957875e+00 4.055571761190767122e-01
1.612903225806451513e+00 4.073979783685057199e-01
1.622678396871945150e+00 4.092457999858272744e-01
1.632453567937438788e+00 4.111006495147635498e-01
1.642228739002932425e+00 4.129625352313455733e-01
1.652003910068426062e+00 4.148314651378237072e-01
1.661779081133919700e+00 4.167074469626677047e-01
1.671554252199413337e+00 4.185904881605665984e-01
1.681329423264906975e+00 4.204805959124287562e-01
1.691104594330400612e+00 4.223777771253820479e-01
1.700879765395894250e+00 4.242820384327735672e-01
1.710654936461387887e+00 4.261933861941296087e-01
1.720430107526881525e+00 4.281118264478653290e-01
1.730205278592375162e+00 4.300373649422596922e-01
1.739980449657868800e+00 4.319700071493733917e-01
1.749755620723362437e+00 4.339097582222987137e-01
1.759530791788856074e+00 4.358566229951599258e-01
1.769305962854349712e+00 4.378106059831127217e-01
1.779081133919843349e+00 4.397717113823450541e-01
1.788856304985336987e+00 4.417399430700761354e-01
1.798631476050830624e+00 4.437153046045572147e-01
1.808406647116324262e+00 4.456977992250711340e-01
1.818181818181817899e+00 4.476874298503013549e-01
1.827956989247311537e+00 4.496841990183111371e-01
1.837732160312805174e+00 4.516881089455289655e-01
1.847507331378298812e+00 4.536991615118670662e-01
1.857282502443792449e+00 4.557173582310321547e-01
1.867057673509286086e+00 4.577427002505251030e-01
1.876832844574779724e+00 4.597751883516414395e-01
1.886608015640273806e+00 4.618148229494710710e-01
1.896383186705767443e+00 4.638616040928980055e-01
1.906158357771261080e+00 4.659155314646011847e-01
1.915933528836754718e+00 4.679766043810534293e-01
1.925708699902248355e+00 4.700448217648172111e-01
1.935483870967741993e+00 4.721201821235508356e-01
1.945259042033235630e+00 4.742026836131515988e-01
1.955034213098729268e+00 4.762923239771289508e-01
1.964809384164222905e+00 4.783891005444373956e-01
1.974584555229716543e+00 4.804930102294768801e-01
1.984359726295210180e+00 4.826040495320926826e-01
1.994134897360703818e+00 4.847222145375751357e-01
2.003910068426197455e+00 4.868475009166599032e-01
2.013685239491691092e+00 4.889799039255279256e-01
2.023460410557184730e+00 4.911194184045721833e-01
2.033235581622678367e+00 4.932660387167121518e-01
2.043010752688172005e+00 4.954197588081573622e-01
2.052785923753665642e+00 4.975805721955752770e-01
2.062561094819159280e+00 4.997484719311333645e-01
2.072336265884652917e+00 5.019234506024987663e-01
2.082111436950146555e+00 5.041055003328380746e-01
2.091886608015640192e+00 5.062946127808184427e-01
2.101661779081133830e+00 5.084907791406061417e-01
2.111436950146627467e+00 5.106939901418674488e-01
2.121212121212121104e+00 5.129042360497685360e-01
2.130987292277614742e+00 5.151215066600768333e-01
2.140762463343108379e+00 5.173457912347126930e-01
2.150537634408602017e+00 5.195770785783877521e-01
2.160312805474095654e+00 5.218153570035691802e-01
2.170087976539589292e+00 5.240606143094848068e-01
2.179863147605082929e+00 5.263128377821224557e-01
2.189638318670576567e+00 5.285720141942309436e-01
2.199413489736070204e+00 5.308381298053195252e-01
2.209188660801563842e+00 5.331111703616577824e-01
2.218963831867057479e+00 5.353911210962759570e-01
2.228739002932551116e+00 5.376779667289647291e-01
2.238514173998044754e+00 5.399716914277696844e-01
2.248289345063538391e+00 5.422722788157382512e-01
2.258064516129032029e+00 5.445797120065072328e-01
2.267839687194525666e+00 5.468939735545639280e-01
2.277614858260019304e+00 5.492150454550608352e-01
2.287390029325512941e+00 5.515429091438164289e-01
2.297165200391007023e+00 5.538775454973149381e-01
2.306940371456500660e+00 5.562189348327062355e-01
2.316715542521994298e+00 5.585670569078056147e-01
2.326490713587487935e+00 5.609218909210945680e-01
2.336265884652981573e+00 5.632834155084968097e-01
2.346041055718475210e+00 5.656516086865255311e-01
2.355816226783968848e+00 5.680264479177526971e-01
2.365591397849462485e+00 5.704079100841676908e-01
2.375366568914956122e+00 5.727959714655498358e-01
2.385141739980449760e+00 5.751906077394695060e-01
2.394916911045943397e+00 5.775917939812870161e-01
2.404692082111437035e+00 5.799995046641537311e-01
2.414467253176930672e+00 5.824137136590109565e-01
2.424242424242424310e+00 5.848343942345908264e-01
2.434017595307917947e+00 5.872615190574156374e-01
2.443792766373411585e+00 5.896950601848146567e-01
2.453567937438905222e+00 5.921349890176070829e-01
2.463343108504398860e+00 5.945812763619178209e-01
2.473118279569892497e+00 5.970338923957921873e-01
2.482893450635386134e+00 5.994928066590176075e-01
2.492668621700879772e+00 6.019579880531242821e-01
2.502443792766373409e+00 6.044294048413842990e-01
2.512218963831867047e+00 6.069070246488124099e-01
2.521994134897360684e+00 6.093908144621651424e-01
2.531769305962854322e+00 6.118807406299415774e-01
2.541544477028347959e+00 6.143767688622513434e-01
2.551319648093841597e+00 6.168788642000835321e-01
2.561094819159335234e+00 6.193869910337259643e-01
2.570869990224828872e+00 6.219011131092166966e-01
2.580645161290322509e+00 6.244211935070560493e-01
2.590420332355816146e+00 6.269471946422074948e-01
2.600195503421309784e+00 6.294790782640968807e-01
2.609970674486803421e+00 6.320168054566129845e-01
2.619745845552297059e+00 6.345603366381070698e-01
2.629521016617790696e+00 6.371096315613935523e-01
2.639296187683284334e+00 6.396646493137490008e-01
2.649071358748777971e+00 6.422253483143736119e-01
2.658846529814271609e+00 6.447916862893572354e-01
2.668621700879765246e+00 6.473636202983001908e-01
2.678396871945258884e+00 6.499411067240554729e-01
2.688172043010752521e+00 6.525241012673091978e-01
2.697947214076246158e+00 6.551125589465798260e-01
2.707722385141739796e+00 6.577064340982187174e-01
2.717497556207233878e+00 6.603056803764099092e-01
2.727272727272727515e+00 6.629102507531695609e-01
2.737047898338221152e+00 6.655200975183471757e-01
2.746823069403714790e+00 6.681351722796247117e-01
2.756598240469208427e+00 6.707554259612225067e-01
2.766373411534702065e+00 6.733808087942673160e-01
2.776148582600195702e+00 6.760112703229357312e-01
2.785923753665689340e+00 6.786467594067299158e-01
2.795698924731182977e+00 6.812872242201479800e-01
2.805474095796676615e+00 6.839326122526835361e-01
2.815249266862170252e+00 6.865828703088266982e-01
2.825024437927663890e+00 6.892379445080630829e-01
2.834799608993157527e+00 6.918977802848741421e-01
2.844574780058651164e+00 6.945623223887374964e-01
2.854349951124144802e+00 6.972315148846225386e-01
2.864125122189638439e+00 6.999053011651632517e-01
2.873900293255132077e+00 7.025836239270244477e-01
2.883675464320625714e+00 7.052664251850641053e-01
2.893450635386119352e+00 7.079536462820248399e-01
2.903225806451612989e+00 7.106452278885331264e-01
2.913000977517106627e+00 7.133411100030998542e-01
2.922776148582600264e+00 7.160412319521196611e-01
2.932551319648093902e+00 7.187455323898715998e-01
2.942326490713587539e+00 7.214539492985186930e-01
2.952101661779081176e+00 7.241664199881081565e-01
2.961876832844574814e+00 7.268828811042241655e-01
2.971652003910068451e+00 7.296032686553017843e-01
2.981427174975562089e+00 7.323275179545294389e-01
2.991202346041055726e+00 7.350555636663966830e-01
3.000977517106549364e+00 7.377873398145828876e-01
3.010752688172043001e+00 7.405227797819569080e-01
3.020527859237536639e+00 7.432618163105775277e-01
3.030303030303030276e+00 7.460043815016931257e-01
3.040078201368523914e+00 7.487504068157418979e-01
3.049853372434017551e+00 7.514998230723519690e-01
3.059628543499511188e+00 7.542525604503407255e-01
3.069403714565004826e+00 7.570085485092779010e-01
3.079178885630498463e+00 7.597677162186483590e-01
3.088954056695992101e+00 7.625299918833274848e-01
3.098729227761485738e+00 7.652953032128160249e-01
3.108504398826979376e+00 7.680635773259538723e-01
3.118279569892473013e+00 7.708347407509210658e-01
3.128054740957966651e+00 7.736087194252370125e-01
3.137829912023460288e+00 7.763854386957607101e-01
3.147605083088953926e+00 7.791648233186906358e-01
3.157380254154447563e+00 7.819467974595648574e-01
3.167155425219941201e+00 7.847312847001206570e-01
3.176930596285434838e+00 7.875182081178984106e-01
3.186705767350928475e+00 7.903074901695841259e-01
3.196480938416422113e+00 7.930990527593837491e-01
3.206256109481915750e+00 7.958928172705679316e-01
3.216031280547409388e+00 7.986887045654706974e-01
3.225806451612903025e+00 8.014866349854915528e-01
3.235581622678396663e+00 8.042865283510927110e-01
3.245356793743890300e+00 8.070883039618022003e-01
3.255131964809383938e+00 8.098918805962110889e-01
3.264907135874877575e+00 8.126971765119754831e-01
3.274682306940371213e+00 8.155041094810508984e-01
3.284457478005864850e+00 8.183125968591126176e-01
3.294232649071358487e+00 8.211225554312319153e-01
3.304007820136852125e+00 8.239339015408466693e-01
3.313782991202345762e+00 8.267465511019103097e-01
3.323558162267839400e+00 8.295604195988949270e-01
3.333333333333333037e+00 8.323754220867889408e-01
3.343108504398826675e+00 8.351914731910986545e-01
3.352883675464320756e+00 8.380084871078470332e-01
3.362658846529813950e+00 8.408263776035740378e-01
3.372434017595308031e+00 8.436450580153378453e-01
3.382209188660801225e+00 8.464644413187740746e-01
3.391984359726295306e+00 8.492844401581181035e-01
3.401759530791788499e+00 8.521049667163587138e-01
3.411534701857282581e+00 8.549259328522380574e-01
3.421309872922775774e+00 8.577472501037441965e-01
3.431085043988269856e+00 8.605688296881139898e-01
3.440860215053763049e+00 8.633905825018312052e-01
3.450635386119257131e+00 8.662124191206274082e-01
3.460410557184750324e+00 8.690342497994814064e-01
3.470185728250244406e+00 8.718559844726199159e-01
3.479960899315737599e+00 8.746775327769984454e-01
3.489736070381231681e+00 8.774988041871101263e-01
3.499511241446724874e+00 8.803197078009430410e-01
3.509286412512218956e+00 8.831401524842951156e-01
3.519061583577712149e+00 8.859600469064261574e-01
3.528836754643206230e+00 8.887792995400587426e-01
3.538611925708699424e+00 8.915978186613771062e-01
3.548387096774193505e+00 8.944155123500288074e-01
3.558162267839686699e+00 8.972322884891226202e-01
3.567937438905180780e+00 9.000480547652311980e-01
3.577712609970673974e+00 9.028627186683882977e-01
3.587487781036168055e+00 9.056761875743125634e-01
3.597262952101661249e+00 9.084883687973338562e-01
3.607038123167155330e+00 9.112991694008316657e-01
3.616813294232648524e+00 9.141084963849803735e-01
3.626588465298142605e+00 9.169162566933930503e-01
3.636363636363635798e+00 9.197223572131201230e-01
3.646138807429129880e+00 9.225267047746510407e-01
3.655913978494623073e+00 9.253292061519122758e-01
3.665689149560117155e+00 9.281297680622692114e-01
3.675464320625610348e+00 9.309282971665246986e-01
3.685239491691104430e+00 9.337247000689202769e-01
3.695014662756597623e+00 9.365188834493992642e-01
3.704789833822091705e+00 9.393107540182015214e-01
3.714565004887584898e+00 9.421002184229362308e-01
3.724340175953078980e+00 9.448871834009766602e-01
3.734115347018572173e+00 9.476715557796168143e-01
3.743890518084066255e+00 9.504532424760748777e-01
3.753665689149559448e+00 9.532321504974901050e-01
3.763440860215053529e+00 9.560081869409244870e-01
3.773216031280547611e+00 9.587812589933627505e-01
3.782991202346040804e+00 9.615512739317113589e-01
3.792766373411534886e+00 9.643181391709974015e-01
3.802541544477028079e+00 9.670817623978846811e-01
3.812316715542522161e+00 9.698420513264283116e-01
3.822091886608015354e+00 9.725989138861401706e-01
3.831867057673509436e+00 9.753522582449902778e-01
3.841642228739002629e+00 9.781019928094039084e-01
3.851417399804496711e+00 9.808480262242630365e-01
3.861192570869989904e+00 9.835902673729053358e-01
3.870967741935483986e+00 9.863286253771256229e-01
3.880742913000977179e+00 9.890630095971741920e-01
3.890518084066471260e+00 9.917933296317585912e-01
3.900293255131964454e+00 9.945194954538261189e-01
3.910068426197458535e+00 9.972414173590609110e-01
3.919843597262951729e+00 9.999590058689653560e-01
3.929618768328445810e+00 1.002672171892426967e+00
3.939393939393939004e+00 1.005380826725914778e+00
3.949169110459433085e+00 1.008084882053482012e+00
3.958944281524926279e+00 1.010784249946763191e+00
3.968719452590420360e+00 1.013478842864976359e+00
3.978494623655913554e+00 1.016168573654921303e+00
3.988269794721407635e+00 1.018853355550981554e+00
3.998044965786900828e+00 1.021533102178584951e+00
4.007820136852394910e+00 1.024207727725886530e+00
4.017595307917888547e+00 1.026877146785488470e+00
4.027370478983382185e+00 1.029541274384016880e+00
4.037145650048875822e+00 1.032200026074942212e+00
4.046920821114369460e+00 1.034853317938579709e+00
4.056695992179863097e+00 1.037501066582089404e+00
4.066471163245356735e+00 1.040143189139477009e+00
4.076246334310850372e+00 1.042779603271591249e+00
4.086021505376344010e+00 1.045410227166127637e+00
4.095796676441837647e+00 1.048034979537625144e+00
4.105571847507331285e+00 1.050653779695615908e+00
4.115347018572824922e+00 1.053266547606925840e+00
4.125122189638318559e+00 1.055873203729789545e+00
4.134897360703812197e+00 1.058473669167266262e+00
4.144672531769305834e+00 1.061067865673468003e+00
4.154447702834799472e+00 1.063655715653558653e+00
4.164222873900293109e+00 1.066237142163754648e+00
4.173998044965786747e+00 1.068812068911324964e+00
4.183773216031280384e+00 1.071380420254589350e+00
4.193548387096774022e+00 1.073942121202921873e+00
4.203323558162267659e+00 1.076497097421591720e+00
4.213098729227761297e+00 1.079045275369302281e+00
4.222873900293254934e+00 1.081586582152764375e+00
4.232649071358748571e+00 1.084120945573887607e+00
4.242424242424242209e+00 1.086648294193490516e+00
4.252199413489735846e+00 1.089168557331300580e+00
4.261974584555229484e+00 1.091681665065955098e+00
4.271749755620723121e+00 1.094187548234999641e+00
4.281524926686216759e+00 1.096686138434889823e+00
4.291300097751710396e+00 1.099177368020990198e+00
4.301075268817204034e+00 1.101661170107573806e+00
4.310850439882697671e+00 1.104137478584332088e+00
4.320625610948191309e+00 1.106606228224791266e+00
4.330400782013684946e+00 1.109067354540552497e+00
4.340175953079178583e+00 1.111520793863151724e+00
4.349951124144672221e+00 1.113966483367943683e+00
4.359726295210165858e+00 1.116404361074100127e+00
4.369501466275659496e+00 1.118834365844612266e+00
4.379276637341153133e+00 1.121256437386287885e+00
4.389051808406646771e+00 1.123670516249753337e+00
4.398826979472140408e+00 1.126076543829453325e+00
4.408602150537634046e+00 1.128474462363654007e+00
4.418377321603127683e+00 1.130864214993424266e+00
4.428152492668621321e+00 1.133245745739520194e+00
4.437927663734114958e+00 1.135618999472544521e+00
4.447702834799608596e+00 1.137983921966079004e+00
4.457478005865102233e+00 1.140340459896683090e+00
4.467253176930595870e+00 1.142688560843894141e+00
4.477028347996089508e+00 1.145028173290227658e+00
4.486803519061583145e+00 1.147359246621177720e+00
4.496578690127076783e+00 1.149681731125215656e+00
4.506353861192570420e+00 1.151995577993791375e+00
4.516129032258064058e+00 1.154300739333149917e+00
4.525904203323557695e+00 1.156597168202066150e+00
4.535679374389051333e+00 1.158884818553322704e+00
4.545454545454544970e+00 1.161163645271691802e+00
4.555229716520038608e+00 1.163433604179033853e+00
4.565004887585532245e+00 1.165694652034296119e+00
4.574780058651025882e+00 1.167946746533514046e+00
4.584555229716519520e+00 1.170189846309811044e+00
4.594330400782014046e+00 1.172423910933397595e+00
4.604105571847506795e+00 1.174648900911571925e+00
4.613880742913001320e+00 1.176864777688721109e+00
4.623655913978494070e+00 1.179071503654538500e+00
4.633431085043988595e+00 1.181269042149452053e+00
4.643206256109481345e+00 1.183457357451661141e+00
4.652981427174975870e+00 1.185636414784696502e+00
4.662756598240468620e+00 1.187806180317494187e+00
4.672531769305963145e+00 1.189966621164396887e+00
4.682306940371455894e+00 1.192117705385152604e+00
4.692082111436950420e+00 1.194259401984915536e+00
4.701857282502443169e+00 1.196391680914244748e+00
4.711632453567937695e+00 1.198514513069106169e+00
4.721407624633430444e+00 1.200627870288916599e+00
4.731182795698924970e+00 1.202731725340469460e+00
4.740957966764417719e+00 1.204826051942447629e+00
4.750733137829912245e+00 1.206910824748780087e+00
4.760508308895404994e+00 1.208986019343126772e+00
4.770283479960899520e+00 1.211051612238879693e+00
4.780058651026392269e+00 1.213107580879162928e+00
4.789833822091886795e+00 1.215153903636832622e+00
4.799608993157379544e+00 1.217190559814476103e+00
4.809384164222874070e+00 1.219217529644413434e+00
4.819159335288366819e+00 1.221234794287802794e+00
4.828934506353861345e+00 1.223242335793786939e+00
4.838709677419354094e+00 1.225240137140856778e+00
4.848484848484848619e+00 1.227228182223992548e+00
4.858260019550341369e+00 1.229206455831080680e+00
4.868035190615835894e+00 1.231174943642914688e+00
4.877810361681328644e+00 1.233133632233193611e+00
4.887585532746823169e+00 1.235082509068523793e+00
4.897360703812315919e+00 1.237021562508417771e+00
4.907135874877810444e+00 1.238950781805294721e+00
4.916911045943303193e+00 1.240870157104479343e+00
4.926686217008797719e+00 1.242779679423250849e+00
4.936461388074290468e+00 1.244679340601117623e+00
4.946236559139784994e+00 1.246569133390846629e+00
4.956011730205277743e+00 1.248449051388921927e+00
4.965786901270772269e+00 1.250319089028440578e+00
4.975562072336265018e+00 1.252179241579111313e+00
4.985337243401759544e+00 1.254029505147254309e+00
4.995112414467252293e+00 1.255869876675802299e+00
5.004887585532746819e+00 1.257700353944300353e+00
5.014662756598240456e+00 1.259520935568903877e+00
5.024437927663734094e+00 1.261331621002382164e+00
5.034213098729227731e+00 1.263132410473275291e+00
5.043988269794721369e+00 1.264923304990465125e+00
5.053763440860215006e+00 1.266704306398226620e+00
5.063538611925708643e+00 1.268475417308161823e+00
5.073313782991202281e+00 1.270236641099038888e+00
5.083088954056695918e+00 1.271987981916791854e+00
5.092864125122189556e+00 1.273729444674519984e+00
5.102639296187683193e+00 1.275461035052487979e+00
5.112414467253176831e+00 1.277182759498126652e+00
5.122189638318670468e+00 1.278894625226031367e+00
5.131964809384164106e+00 1.280596640153839338e+00
5.141739980449657743e+00 1.282288812912879772e+00
5.151515151515151381e+00 1.283971152896094869e+00
5.161290322580645018e+00 1.285643670185640186e+00
5.171065493646138655e+00 1.287306375552775384e+00
5.180840664711632293e+00 1.288959280457860457e+00
5.190615835777125930e+00 1.290602397050359951e+00
5.200391006842619568e+00 1.292235738168839632e+00
5.210166177908113205e+00 1.293859317340968262e+00
5.219941348973606843e+00 1.295473148783517381e+00
5.229716520039100480e+00 1.297077247366035024e+00
5.239491691104594118e+00 1.298671628539024070e+00
5.249266862170087755e+00 1.300256308453919596e+00
5.259042033235581393e+00 1.301831303873792534e+00
5.268817204301075030e+00 1.303396632166665237e+00
5.278592375366568668e+00 1.304952311305512591e+00
5.288367546432062305e+00 1.306498359868260462e+00
5.298142717497555942e+00 1.308034797037788355e+00
5.307917888563049580e+00 1.309561642601926756e+00
5.317693059628543217e+00 1.311078916953457796e+00
5.327468230694036855e+00 1.312586641039341639e+00
5.337243401759530492e+00 1.314084836322629624e+00
5.347018572825024130e+00 1.315573524871012090e+00
5.356793743890517767e+00 1.317052729274143186e+00
5.366568914956011405e+00 1.318522472641737719e+00
5.376344086021505042e+00 1.319982778603569606e+00
5.386119257086998680e+00 1.321433671309473645e+00
5.395894428152492317e+00 1.322875175429344186e+00
5.405669599217985954e+00 1.324307316153135794e+00
5.415444770283479592e+00 1.325730119190203560e+00
5.425219941348973229e+00 1.327143610682187225e+00
5.434995112414467755e+00 1.328547817248264318e+00
5.444770283479960504e+00 1.329942765995204113e+00
5.454545454545455030e+00 1.331328484465880591e+00
5.464320625610947779e+00 1.332705000639270665e+00
5.474095796676442305e+00 1.334072342930457511e+00
5.483870967741935054e+00 1.335430540190627235e+00
5.493646138807429580e+00 1.336779621707070653e+00
5.503421309872922329e+00 1.338119617203183065e+00
5.513196480938416855e+00 1.339450556819711924e+00
5.522971652003909604e+00 1.340772471024322288e+00
5.532746823069404130e+00 1.342085390728111616e+00
5.542521994134896879e+00 1.343389347209112294e+00
5.552297165200391404e+00 1.344684372097110225e+00
5.562072336265884154e+00 1.345970497373643937e+00
5.571847507331378679e+00 1.347247755372006806e+00
5.581622678396871429e+00 1.348516178777244168e+00
5.591397849462365954e+00 1.349775800626155320e+00
5.601173020527858704e+00 1.351026654307292851e+00
5.610948191593353229e+00 1.352268773559766046e+00
5.620723362658845979e+00 1.353502192371505375e+00
5.630498533724340504e+00 1.354726945035937380e+00
5.640273704789833253e+00 1.355943066167523803e+00
5.650048875855327779e+00 1.357150590651265532e+00
5.659824046920820528e+00 1.358349553642703489e+00
5.669599217986315054e+00 1.359539990567919521e+00
5.679374389051807803e+00 1.360721937123534175e+00
5.689149560117302329e+00 1.361895429276708924e+00
5.698924731182795078e+00 1.363060503265145273e+00
5.708699902248289604e+00 1.364217195585171183e+00
5.718475073313782353e+00 1.365365542901555651e+00
5.728250244379276879e+00 1.366505582138702657e+00
5.738025415444769628e+00 1.367637350435884525e+00
5.747800586510264154e+00 1.368760885131579119e+00
5.757575757575756903e+00 1.369876223763470513e+00
5.767350928641251429e+00 1.370983404068448763e+00
5.777126099706744178e+00 1.372082463982609468e+00
5.786901270772238703e+00 1.373173441641253989e+00
5.796676441837731453e+00 1.374256375376983641e+00
5.806451612903225978e+00 1.375331303645924486e+00
5.816226783968718728e+00 1.376398265079088912e+00
5.826001955034213253e+00 1.377457298470495362e+00
5.835777126099706003e+00 1.378508442745738138e+00
5.845552297165200528e+00 1.379551736961988961e+00
5.855327468230694166e+00 1.380587220307994745e+00
5.865102639296187803e+00 1.381614932104080262e+00
5.874877810361681441e+00 1.382634911802145705e+00
5.884652981427175078e+00 1.383647198985667792e+00
5.894428152492668715e+00 1.384651833369700213e+00
5.904203323558162353e+00 1.385648854780662909e+00
5.913978494623655990e+00 1.386638303062140753e+00
5.923753665689149628e+00 1.387620218189520971e+00
5.933528836754643265e+00 1.388594640217714504e+00
5.943304007820136903e+00 1.389561609269971854e+00
5.953079178885630540e+00 1.390521165537884629e+00
5.962854349951124178e+00 1.391473349281384442e+00
5.972629521016617815e+00 1.392418200828744013e+00
5.982404692082111453e+00 1.393355760576575619e+00
5.992179863147605090e+00 1.394286068989832650e+00
6.001955034213098727e+00 1.395209166581713678e+00
6.011730205278592365e+00 1.396125093849879928e+00
6.021505376344086002e+00 1.397033891356980195e+00
6.031280547409579640e+00 1.397935599684624997e+00
6.041055718475073277e+00 1.398830259427789713e+00
6.050830889540566915e+00 1.399717911194813480e+00
6.060606060606060552e+00 1.400598595607400076e+00
6.070381231671554190e+00 1.401472353300617035e+00
6.080156402737047827e+00 1.402339224922896532e+00
6.089931573802541465e+00 1.403199251136034942e+00
6.099706744868035102e+00 1.404052472615192837e+00
6.109481915933528740e+00 1.404898930020257897e+00
6.119257086999022377e+00 1.405738663928625787e+00
6.129032258064516014e+00 1.406571714934080397e+00
6.138807429130009652e+00 1.407398123599503670e+00
6.148582600195503289e+00 1.408217930452761335e+00
6.158357771260996927e+00 1.409031175986701578e+00
6.168132942326490564e+00 1.409837900659155263e+00
6.177908113391984202e+00 1.410638144892936818e+00
6.187683284457477839e+00 1.411431949075843129e+00
6.197458455522971477e+00 1.412219353560653534e+00
6.207233626588465114e+00 1.413000398660443135e+00
6.217008797653958752e+00 1.413775124581079679e+00
6.226783968719452389e+00 1.414543571473612760e+00
6.236559139784946026e+00 1.415305779428954303e+00
6.246334310850439664e+00 1.416061788464731519e+00
6.256109481915933301e+00 1.416811638525284023e+00
6.265884652981426939e+00 1.417555369481666938e+00
6.275659824046920576e+00 1.418293021131648679e+00
6.285434995112414214e+00 1.419024633199712282e+00
6.295210166177907851e+00 1.419750245337054517e+00
6.304985337243401489e+00 1.420469897117225599e+00
6.314760508308895126e+00 1.421183627985871389e+00
6.324535679374388764e+00 1.421891477294800366e+00
6.334310850439882401e+00 1.422593484298465771e+00
6.344086021505376038e+00 1.423289688146933241e+00
6.353861192570869676e+00 1.423980127885880353e+00
6.363636363636363313e+00 1.424664842456596192e+00
6.373411534701856951e+00 1.425343870695982451e+00
6.383186705767350588e+00 1.426017251336551883e+00
6.392961876832844226e+00 1.426685023006429631e+00
6.402737047898338751e+00 1.427347224229353229e+00
6.412512218963831501e+00 1.428003893414201864e+00
6.422287390029325138e+00 1.428655068799421723e+00
6.432062561094818776e+00 1.429300788510381670e+00
6.441837732160313301e+00 1.429941090547206306e+00
6.451612903225806051e+00 1.430576012780233830e+00
6.461388074291299688e+00 1.431205592950015815e+00
6.471163245356793325e+00 1.431829868667317207e+00
6.480938416422287851e+00 1.432448877413116550e+00
6.490713587487780600e+00 1.433062656538604873e+00
6.500488758553274238e+00 1.433671243265187023e+00
6.510263929618767875e+00 1.434274674683811757e+00
6.520039100684262401e+00 1.434872987718111670e+00
6.529814271749755150e+00 1.435466219132307097e+00
6.539589442815248788e+00 1.436054405550776014e+00
6.549364613880742425e+00 1.436637583449745126e+00
6.559139784946236951e+00 1.437215789157290313e+00
6.568914956011729700e+00 1.437789058853335744e+00
6.578690127077223337e+00 1.438357428569655427e+00
6.588465298142716975e+00 1.438920934189872103e+00
6.598240469208211501e+00 1.439479611449457241e+00
6.608015640273704250e+00 1.440033495935707952e+00
6.617790811339197887e+00 1.440582623066434032e+00
6.627565982404691525e+00 1.441127028077571204e+00
6.637341153470186050e+00 1.441666746048631431e+00
6.647116324535678800e+00 1.442201811898106367e+00
6.656891495601172437e+00 1.442732260383470466e+00
6.666666666666666075e+00 1.443258126101178318e+00
6.676441837732160600e+00 1.443779443486666647e+00
6.686217008797653349e+00 1.444296246814352314e+00
6.695992179863146987e+00 1.444808570197634756e+00
6.705767350928641513e+00 1.445316447588893549e+00
6.715542521994135150e+00 1.445819912773532945e+00
6.725317693059627899e+00 1.446318999341780209e+00
6.735092864125121537e+00 1.446813740706658802e+00
6.744868035190616062e+00 1.447304170111956889e+00
6.754643206256109700e+00 1.447790320632116767e+00
6.764418377321602449e+00 1.448272225172235084e+00
6.774193548387096087e+00 1.448749916468062837e+00
6.783968719452590612e+00 1.449223427086005156e+00
6.793743890518084250e+00 1.449692789423120853e+00
6.803519061583576999e+00 1.450158035707123982e+00
6.813294232649070636e+00 1.450619197996382503e+00
6.823069403714565162e+00 1.451076308176149965e+00
6.832844574780058799e+00 1.451529397926013321e+00
6.842619745845551549e+00 1.451978498742682699e+00
6.852394916911045186e+00 1.452423641950023603e+00
6.862170087976539712e+00 1.452864858697640038e+00
6.871945259042033349e+00 1.453302179960876073e+00
6.881720430107526099e+00 1.453735636540814502e+00
6.891495601173019736e+00 1.454165259064277516e+00
6.901270772238514262e+00 1.454591077983826697e+00
6.911045943304007899e+00 1.455013123577762801e+00
6.920821114369500648e+00 1.455431425950125979e+00
6.930596285434994286e+00 1.455846015021904805e+00
6.940371456500488812e+00 1.456256920511878494e+00
6.950146627565982449e+00 1.456664171960775800e+00
6.959921798631475198e+00 1.457067798733786779e+00
6.969696969696968836e+00 1.457467830020510169e+00
6.979472140762463361e+00 1.457864294834954721e+00
6.989247311827956999e+00 1.458257222015536758e+00
6.999022482893449748e+00 1.458646640225083280e+00
7.008797653958943386e+00 1.459032577950829079e+00
7.018572825024437911e+00 1.459415063504419185e+00
7.028347996089931549e+00 1.459794125022727762e+00
7.038123167155424298e+00 1.460169790444816096e+00
7.047898338220917935e+00 1.460542087519306476e+00
7.057673509286412461e+00 1.460911043821267796e+00
7.067448680351906098e+00 1.461276686752298826e+00
7.077223851417398848e+00 1.461639043540527760e+00
7.086999022482892485e+00 1.461998141240613114e+00
7.096774193548387011e+00 1.462354006733742828e+00
7.106549364613880648e+00 1.462706666727635163e+00
7.116324535679373398e+00 1.463056147756537140e+00
7.126099706744868811e+00 1.463402476181226763e+00
7.135874877810361561e+00 1.463745678187468702e+00
7.145650048875855198e+00 1.464085779767128281e+00
7.155425219941347947e+00 1.464422806726344062e+00
7.165200391006843361e+00 1.464756784701136905e+00
7.174975562072336110e+00 1.465087739157742153e+00
7.184750733137829748e+00 1.465415695392612738e+00
7.194525904203322497e+00 1.465740678532416741e+00
7.204301075268817911e+00 1.466062713534038053e+00
7.214076246334310660e+00 1.466381825184577492e+00
7.223851417399804298e+00 1.466698038101351020e+00
7.233626588465297047e+00 1.467011376731891081e+00
7.243401759530792461e+00 1.467321865350713406e+00
7.253176930596285210e+00 1.467629528044730680e+00
7.262952101661778848e+00 1.467934388728483253e+00
7.272727272727271597e+00 1.468236471151747935e+00
7.282502443792767011e+00 1.468535798899547773e+00
7.292277614858259760e+00 1.468832395392150492e+00
7.302052785923753397e+00 1.469126283885070716e+00
7.311827956989246147e+00 1.469417487469067751e+00
7.321603128054741561e+00 1.469706029070147579e+00
7.331378299120234310e+00 1.469991931449561084e+00
7.341153470185727947e+00 1.470275217209054963e+00
7.350928641251220697e+00 1.470555908768205855e+00
7.360703812316716110e+00 1.470834028371658775e+00
7.370478983382208860e+00 1.471109598106381089e+00
7.380254154447702497e+00 1.471382639901667844e+00
7.390029325513195246e+00 1.471653175529142876e+00
7.399804496578690660e+00 1.471921226602757482e+00
7.409579667644183409e+00 1.472186814578791303e+00
7.419354838709677047e+00 1.472449960755851439e+00
7.429130009775169796e+00 1.472710686274874226e+00
7.438905180840665210e+00 1.472969012119123233e+00
7.448680351906157959e+00 1.473224959114661115e+00
7.458455522971651597e+00 1.473478547918052994e+00
7.468230694037144346e+00 1.473729799018850262e+00
7.478005865102639760e+00 1.473978732756089371e+00
7.487781036168132509e+00 1.474225369318767687e+00
7.497556207233626147e+00 1.474469728745844144e+00
7.507331378299118896e+00 1.474711830926238143e+00
7.517106549364614310e+00 1.474951695598830881e+00
7.526881720430107059e+00 1.475189342352463351e+00
7.536656891495600696e+00 1.475424790625939231e+00
7.546432062561095222e+00 1.475658059708021774e+00
7.556207233626588859e+00 1.475889168736983947e+00
7.565982404692081609e+00 1.476118136689387850e+00
7.575757575757575246e+00 1.476344982391522009e+00
7.585532746823069772e+00 1.476569724527229344e+00
7.595307917888563409e+00 1.476792381637911378e+00
7.605083088954056159e+00 1.477012972122526913e+00
7.614858260019549796e+00 1.477231514237593357e+00
7.624633431085044322e+00 1.477448026097186062e+00
7.634408602150537959e+00 1.477662525672938765e+00
7.644183773216030708e+00 1.477875030794200129e+00
7.653958944281524346e+00 1.478085559155390083e+00
7.663734115347018871e+00 1.478294128291614218e+00
7.673509286412512509e+00 1.478500755592676352e+00
7.683284457478005258e+00 1.478705458314582222e+00
7.693059628543498896e+00 1.478908253579539256e+00
7.702834799608993421e+00 1.479109158375957467e+00
7.712609970674487059e+00 1.479308189558449227e+00
7.722385141739979808e+00 1.479505363847828825e+00
7.732160312805473446e+00 1.479700697831112466e+00
7.741935483870967971e+00 1.479894207961519159e+00
7.751710654936461609e+00 1.480085910558469608e+00
7.761485826001954358e+00 1.480275821810507875e+00
7.771260997067447995e+00 1.480463957761575466e+00
7.781036168132942521e+00 1.480650334318810213e+00
7.790811339198436158e+00 1.480834967264250235e+00
7.800586510263928908e+00 1.481017872254841938e+00
7.810361681329422545e+00 1.481199064822438460e+00
7.820136852394917071e+00 1.481378560373800113e+00
7.829912023460410708e+00 1.481556374190594383e+00
7.839687194525903458e+00 1.481732521429395710e+00
7.849462365591397095e+00 1.481907017121686820e+00
7.859237536656891621e+00 1.482079876173935329e+00
7.869012707722385258e+00 1.482251113368240336e+00
7.878787878787878007e+00 1.482420743353002113e+00
7.888563049853371645e+00 1.482588780654888083e+00
7.898338220918866170e+00 1.482755239683435589e+00
7.908113391984359808e+00 1.482920134731053885e+00
7.917888563049852557e+00 1.483083479973022811e+00
7.927663734115347083e+00 1.483245289467493677e+00
7.937438905180840720e+00 1.483405577155488153e+00
7.947214076246334358e+00 1.483564356860899824e+00
7.956989247311827107e+00 1.483721642291777609e+00
7.966764418377321633e+00 1.483877447044530173e+00
7.976539589442815270e+00 1.484031784583496716e+00
7.986314760508308908e+00 1.484184668260055462e+00
7.996089931573801657e+00 1.484336111316788998e+00
8.005865102639296182e+00 1.484486126887483826e+00
8.015640273704789820e+00 1.484634727997130588e+00
8.025415444770283457e+00 1.484781927561923620e+00
8.035190615835777095e+00 1.484927738389262286e+00
8.044965786901270732e+00 1.485072173177749200e+00
8.054740957966764370e+00 1.485215244517191335e+00
8.064516129032258007e+00 1.485356964889094078e+00
8.074291300097751645e+00 1.485497346665527019e+00
8.084066471163245282e+00 1.485636402104184128e+00
8.093841642228738920e+00 1.485774143360067301e+00
8.103616813294232557e+00 1.485910582486954068e+00
8.113391984359726194e+00 1.486045731437398265e+00
8.123167155425219832e+00 1.486179602062729588e+00
8.132942326490713469e+00 1.486312206113053147e+00
8.142717497556207107e+00 1.486443555237250802e+00
8.152492668621700744e+00 1.486573660982979384e+00
8.162267839687194382e+00 1.486702534798815201e+00
8.172043010752688019e+00 1.486830188030153987e+00
8.181818181818181657e+00 1.486956631917376814e+00
8.191593352883675294e+00 1.487081877606448721e+00
8.201368523949168932e+00 1.487205936149169183e+00
8.211143695014662569e+00 1.487328818503173666e+00
8.220918866080156207e+00 1.487450535531932738e+00
8.230694037145649844e+00 1.487571098004750958e+00
8.240469208211143481e+00 1.487690516596769097e+00
8.250244379276637119e+00 1.487808801889035637e+00
8.260019550342130756e+00 1.487925964372291965e+00
8.269794721407624394e+00 1.488042014436661953e+00
8.279569892473118031e+00 1.488156962379298953e+00
8.289345063538611669e+00 1.488270818410047491e+00
8.299120234604105306e+00 1.488383592651442600e+00
8.308895405669598944e+00 1.488495295138711150e+00
8.318670576735092581e+00 1.488605935819769854e+00
8.328445747800586219e+00 1.488715524555227265e+00
8.338220918866079856e+00 1.488824071118382664e+00
8.347996089931573493e+00 1.488931585195532481e+00
8.357771260997067131e+00 1.489038076389669563e+00
8.367546432062560768e+00 1.489143554209099385e+00
8.377321603128054406e+00 1.489248028077482688e+00
8.387096774193548043e+00 1.489351507337843827e+00
8.396871945259041681e+00 1.489454001252570103e+00
8.406647116324535318e+00 1.489555519003411543e+00
8.416422287390028956e+00 1.489656069691482232e+00
8.426197458455522593e+00 1.489755662337258757e+00
8.435972629521016231e+00 1.489854305880580654e+00
8.445747800586509868e+00 1.489952009180700587e+00
8.455522971652003505e+00 1.490048781018723512e+00
8.465298142717497143e+00 1.490144630090826317e+00
8.475073313782990780e+00 1.490239565014583878e+00
8.484848484848484418e+00 1.490333594333002720e+00
8.494623655913978055e+00 1.490426726514517908e+00
8.504398826979471693e+00 1.490518969952995265e+00
8.514173998044965330e+00 1.490610332967730933e+00
8.523949169110458968e+00 1.490700823803450481e+00
8.533724340175952605e+00 1.490790450630310460e+00
8.543499511241446243e+00 1.490879221544855193e+00
8.553274682306939880e+00 1.490967144569417258e+00
8.563049853372433518e+00 1.491054227649219133e+00
8.572825024437927155e+00 1.491140478659868096e+00
8.582600195503420792e+00 1.491225905407834951e+00
8.592375366568914430e+00 1.491310515630452027e+00
8.602150537634408067e+00 1.491394316995913405e+00
8.611925708699901705e+00 1.491477317103276468e+00
8.621700879765395342e+00 1.491559523482459904e+00
8.631476050830888980e+00 1.491640943595765822e+00
8.641251221896382617e+00 1.491721584838332726e+00
8.651026392961876255e+00 1.491801454530074178e+00
8.660801564027369892e+00 1.491880559926311633e+00
8.670576735092863530e+00 1.491958908218705471e+00
8.680351906158357167e+00 1.492036506535254770e+00
8.690127077223850804e+00 1.492113361940297978e+00
8.699902248289344442e+00 1.492189481434511356e+00
8.709677419354838079e+00 1.492264871954910976e+00
8.719452590420331717e+00 1.492339540374851392e+00
8.729227761485825354e+00 1.492413493504501476e+00
8.739002932551318992e+00 1.492486738092279497e+00
8.748778103616812629e+00 1.492559280819020007e+00
8.758553274682306267e+00 1.492631128305588417e+00
8.768328445747801680e+00 1.492702287114293203e+00
8.778103616813293542e+00 1.492772763748885900e+00
8.787878787878787179e+00 1.492842564654560888e+00
8.797653958944280816e+00 1.492911696217955386e+00
8.807429130009776230e+00 1.492980164767149898e+00
8.817204301075268091e+00 1.493047976571667323e+00
8.826979472140761729e+00 1.493115137845044682e+00
8.836754643206255366e+00 1.493181654742480324e+00
8.846529814271750780e+00 1.493247533355292811e+00
8.856304985337242641e+00 1.493312779721019279e+00
8.866080156402736279e+00 1.493377399823734297e+00
8.875855327468229916e+00 1.493441399594048979e+00
8.885630498533725330e+00 1.493504784909111427e+00
8.895405669599217191e+00 1.493567561592607396e+00
8.905180840664710828e+00 1.493629735414758963e+00
8.914956011730204466e+00 1.493691312092325640e+00
8.924731182795699880e+00 1.493752297288603481e+00
8.934506353861191741e+00 1.493812696615477886e+00
8.944281524926685378e+00 1.493872515630386921e+00
8.954056695992179016e+00 1.493931759835048112e+00
8.963831867057674430e+00 1.493990434682392454e+00
8.973607038123166291e+00 1.494048545576658560e+00
8.983382209188659928e+00 1.494106097873393324e+00
8.993157380254153566e+00 1.494163096879452368e+00
9.002932551319648979e+00 1.494219547853000041e+00
9.012707722385140841e+00 1.494275456003508529e+00
9.022482893450634478e+00 1.494330826491758746e+00
9.032258064516128115e+00 1.494385664430032623e+00
9.042033235581623529e+00 1.494439974884107070e+00
9.051808406647115390e+00 1.494493762867787012e+00
9.061583577712609028e+00 1.494547033348447185e+00
9.071358748778102665e+00 1.494599791248949927e+00
9.081133919843598079e+00 1.494652041447646518e+00
9.090909090909089940e+00 1.494703788778377396e+00
9.100684261974583578e+00 1.494755038030471272e+00
9.110459433040077215e+00 1.494805793948745798e+00
9.120234604105572629e+00 1.494856061233507116e+00
9.130009775171064490e+00 1.494905844540984186e+00
9.139784946236558127e+00 1.494955148486364127e+00
9.149560117302051765e+00 1.495003977635005254e+00
9.159335288367547179e+00 1.495052336509600233e+00
9.169110459433039040e+00 1.495100229592367214e+00
9.178885630498532677e+00 1.495147661325051613e+00
9.188660801564028091e+00 1.495194636108924335e+00
9.198435972629521729e+00 1.495241158304781770e+00
9.208211143695013590e+00 1.495287232232947794e+00
9.217986314760507227e+00 1.495332862173271549e+00
9.227761485826002641e+00 1.495378052365127886e+00
9.237536656891496278e+00 1.495422807007813271e+00
9.247311827956988139e+00 1.495467130262149169e+00
9.257086999022481777e+00 1.495511026245095687e+00
9.266862170087977191e+00 1.495554499035592233e+00
9.276637341153470828e+00 1.495597552675795638e+00
9.286412512218962689e+00 1.495640191171081268e+00
9.296187683284456327e+00 1.495682418490042132e+00
9.305962854349951741e+00 1.495724238564489106e+00
9.315738025415445378e+00 1.495765655289451601e+00
9.325513196480937239e+00 1.495806672523176228e+00
9.335288367546430877e+00 1.495847294087128354e+00
9.345063538611926290e+00 1.495887523767632565e+00
9.354838709677419928e+00 1.495927365312995638e+00
9.364613880742911789e+00 1.495966822434465104e+00
9.374389051808405426e+00 1.496005898809759760e+00
9.384164222873900840e+00 1.496044598083070776e+00
9.393939393939394478e+00 1.496082923865063474e+00
9.403714565004886339e+00 1.496120879732875109e+00
9.413489736070379976e+00 1.496158469230117305e+00
9.423264907135875390e+00 1.496195695866874287e+00
9.433040078201369028e+00 1.496232563119703984e+00
9.442815249266860889e+00 1.496269074433277169e+00
9.452590420332354526e+00 1.496305233217912978e+00
9.462365591397849940e+00 1.496341042849274272e+00
9.472140762463343577e+00 1.496376506672487672e+00
9.481915933528835438e+00 1.496411628002165761e+00
9.491691104594329076e+00 1.496446410122405979e+00
9.501466275659824490e+00 1.496480856286792172e+00
9.511241446725318127e+00 1.496514969718393040e+00
9.521016617790809988e+00 1.496548753609762805e+00
9.530791788856303626e+00 1.496582211122941430e+00
9.540566959921799040e+00 1.496615345390384100e+00
9.550342130987292677e+00 1.496648159516222432e+00
9.560117302052784538e+00 1.496680656569469470e+00
9.569892473118278176e+00 1.496712839590803146e+00
9.579667644183773589e+00 1.496744711593397836e+00
9.589442815249267227e+00 1.496776275562923031e+00
9.599217986314759088e+00 1.496807534457544442e+00
9.608993157380254502e+00 1.496838491207924449e+00
9.618768328445748139e+00 1.496869148717219655e+00
9.628543499511241777e+00 1.496899509861083999e+00
9.638318670576733638e+00 1.496929577487666307e+00
9.648093841642229052e+00 1.496959354417612076e+00
9.657869012707722689e+00 1.496988843445177242e+00
9.667644183773216326e+00 1.497018047336578395e+00
9.677419354838708188e+00 1.497046968829871982e+00
9.687194525904203601e+00 1.497075610638238130e+00
9.696969696969697239e+00 1.497103975450005287e+00
9.706744868035190876e+00 1.497132065928651556e+00
9.716520039100682737e+00 1.497159884712803812e+00
9.726295210166178151e+00 1.497187434416238583e+00
9.736070381231671789e+00 1.497214717627881608e+00
9.745845552297165426e+00 1.497241736911807841e+00
9.755620723362657287e+00 1.497268494807387107e+00
9.765395894428152701e+00 1.497294993830601717e+00
9.775171065493646338e+00 1.497321236470646300e+00
9.784946236559139976e+00 1.497347225193101705e+00
9.794721407624631837e+00 1.497372962440985500e+00
9.804496578690127251e+00 1.497398450634753075e+00
9.814271749755620888e+00 1.497423692172295873e+00
9.824046920821114526e+00 1.497448689428943602e+00
9.833822091886606387e+00 1.497473444757461802e+00
9.843597262952101801e+00 1.497497960488054058e+00
9.853372434017595438e+00 1.497522238928369331e+00
9.863147605083089076e+00 1.497546282365054937e+00
9.872922776148580937e+00 1.497570093060748730e+00
9.882697947214076351e+00 1.497593673255547930e+00
9.892473118279569988e+00 1.497617025169090788e+00
9.902248289345063625e+00 1.497640151000557251e+00
9.912023460410555487e+00 1.497663052928668304e+00
9.921798631476050900e+00 1.497685733111687290e+00
9.931573802541544538e+00 1.497708193687417921e+00
9.941348973607038175e+00 1.497730436773206497e+00
9.951124144672530036e+00 1.497752464465940125e+00
9.960899315738025450e+00 1.497774278841965678e+00
9.970674486803519088e+00 1.497795881957055597e+00
9.980449657869012725e+00 1.497817275847885821e+00
9.990224828934504586e+00 1.497838462531966730e+00
1.000000000000000000e+01 1.497859444007581198e+00
