0.39269908169872414	-0.0
0.3926794469082633	-0.00392692536746754
0.39262054450034334	-0.007853458045670761
0.39252238036515613	-0.01177920538461394
0.39238496431903325	-0.01570377481283463
0.39220831010346485	-0.019626773876660474
0.3919924353837253	-0.023547810279454236
0.3917373617471066	-0.02746649192084317
0.39144311470076	-0.03138242693592869
0.3911097236691447	-0.03529522373447253
0.3907372219910863	-0.039204491040055536
0.39032564691644195	-0.04310983792920483
0.3898750396023763	-0.04701087387048594
0.38938544510924517	-0.05090720876355561
0.3888569123960899	-0.05479845297817146
0.3882894943157414	-0.0586842173931547
0.3876832476095348	-0.062564113435302
0.3870382329016356	-0.06643775311824233
0.38635451469297694	-0.07030474908123546
0.38563216135481004	-0.07416471462790757
0.3848712451218667	-0.0780172637649206
0.38407184208513623	-0.0818620112405713
0.38323403218425595	-0.08569857258331608
0.3823578991995179	-0.08952656414021774
0.3814435307434904	-0.09334560311531062
0.3804910182522571	-0.09715530760787972
0.37950045697627344	-0.10095529665065052
0.37847194597084144	-0.10474519024788535
0.37740558808620456	-0.10852460941338281
0.3763014899572627	-0.11229317620837578
0.3751597619929086	-0.11605051377932522
0.37398051836498736	-0.11979624639560521
0.372763876996879	-0.12352999948707549
0.3715099595517065	-0.12725139968153837
0.3702188914201694	-0.1309600748420756
0.368890801708005	-0.1346556541042617
0.36752582322307775	-0.13833776791324995
0.36612409246209876	-0.14200604806072803
0.36468574959697586	-0.145660127721738
0.3632109384607971	-0.1492996414913588
0.361699806533447	-0.15292422542124648
0.36015250492685913	-0.15653351705602844
0.3585691883699046	-0.16012715546954892
0.35695001519291975	-0.16370478130096133
0.35529514731187295	-0.16726603679066385
0.3536047502121733	-0.17081056581607515
0.35187899293212205	-0.17433801392724654
0.3501180480460091	-0.17784802838230643
0.3483220916468556	-0.18134025818273425
0.34649130332880496	-0.18481435410846017
0.34462586616916313	-0.18826996875278673
0.34272596671009165	-0.19170675655712913
0.3407917949399532	-0.19512437384557088
0.338823544274313	-0.1985224788592312
0.33682141153659734	-0.2019007317904404
0.3347855969384116	-0.20525879481672069
0.3327163040595191	-0.20859633213456763
0.3306137398274833	-0.21191300999303087
0.3284781144969753	-0.2152084967270884
0.3263096416287484	-0.21848246279081301
0.3241085380682825	-0.22173458079032668
0.3218750239240992	-0.2249645255165395
0.3196093225457519	-0.22817197397767047
0.31731166050149023	-0.23135660543154635
0.3149822675556039	-0.23451810141767565
0.3126213766454463	-0.23765614578909422
0.3102292238581412	-0.24077042474398
0.3078060484069737	-0.2438606268570328
0.3053520926074697	-0.2469264431106164
0.3028676018531642	-0.24996756692566022
0.30035282459106216	-0.2529836941923172
0.29780801229679427	-0.25597452330037385
0.2952334194494692	-0.2589397551694119
0.2926293035062262	-0.2618790932787155
0.2899959248764895	-0.264792243696923
0.28733354689592766	-0.2676789151114203
0.28464243580012	-0.2705388188574715
0.2819228606979336	-0.2733716689470852
0.27917509354461234	-0.2761771820976131
0.2763994091145817	-0.2789550777600782
0.27359608497397175	-0.28170507814722906
0.2707654014528604	-0.2844269082613186
0.26790764161724073	-0.28712029592160376
0.2650230912407151	-0.28978497179156276
0.26211203877591716	-0.29242066940582934
0.2591747753256676	-0.2950271251968384
0.2562115946138637	-0.29760407852118287
0.25322279295610745	-0.3001512716856778
0.2502086692300738	-0.3026684499731294
0.2471695248456237	-0.30515536166780655
0.244105663714663	-0.30761175808061214
0.2410173922207515	-0.3100373935739521
0.2379050191884651	-0.3124320255862982
0.23476885585251334	-0.3147954146564448
0.23160921582661642	-0.3171273244474544
0.22842641507214384	-0.3194275217702912
0.2252207718665188	-0.32169577660713966
0.22199260677139046	-0.32393186213440633
0.2187422426005782	-0.32613555474540185
0.2154700043877904	-0.3283066340727016
0.21217621935412165	-0.330444883010182
0.20886121687533038	-0.3325500877347312
0.205525328448902	-0.3346220377276311
0.2021688876608993	-0.33666052579560896
0.198792230152604	-0.3386653480915568
0.19539569358695308	-0.3406363041349157
0.19197961761477264	-0.34257319683172366
0.18854434384081326	-0.34447583249432523
0.1850902157895896	-0.3463440208607395
0.18161757887102814	-0.3481775751136869
0.1781267803459272	-0.34997631189926987
0.17461816929123017	-0.35174005134530884
0.17109209656511856	-0.3534686170793291
0.16754891477192677	-0.3551618362461975
0.16398897822688147	-0.35681953952540857
0.16041264292067048	-0.3584415611480157
0.15682026648384406	-0.3600277389132084
0.15321220815105255	-0.36157791420453184
0.14958882872512227	-0.36309193200574874
0.14595049054097634	-0.3645696409163407
0.14229755742940148	-0.366010893166648
0.13863039468066451	-0.36741554463264675
0.1349493690079844	-0.3687834548503608
0.13125484851086092	-0.3701144870299083
0.12754720263826502	-0.3714085080691806
0.12382680215169431	-0.372665388567152
0.12009401908809708	-0.37388500283682014
0.11634922672266905	-0.3750672289177744
0.11259279953152612	-0.37621194858839185
0.10882511315425712	-0.37731904737765937
0.10504654435635984	-0.37838841457662065
0.10125747099156548	-0.37941994324944683
0.09745827196405303	-0.3804135302441304
0.09364932719055895	-0.3813690762027997
0.08983101756238673	-0.38228648557165523
0.08600372490731731	-0.38316566661052465
0.08216783195142649	-0.38400653140203667
0.07832372228081359	-0.3848089958604128
0.07447178030324225	-0.385572979739876
0.07061239120970013	-0.386298406642675
0.06674594093588039	-0.386985204026724
0.06287281612358867	-0.3876333032128569
0.05899340408207834	-0.3882426393916951
0.055108092749320735	-0.38881315163012875
0.05121727065321162	-0.38934478287740915
0.04732132687271802	-0.38983747997085477
0.043420650998971445	-0.39029119364116677
0.03951563309630874	-0.3907058785173562
0.03560666366326598	-0.3910814931312811
0.03169413359352902	-0.391417999921793
0.027778434136844388	-0.3917153652384933
0.0238599568598947	-0.39197355934509814
0.019939093607142248	-0.392192556422412
0.016016236461645027	-0.3923723345709097
0.012091777705848284	-0.3925128758129261
0.008166109782357494	-0.39261416609445426
0.004239625254693623	-0.3926761952865503
0.00031271676803711805	-0.39269895718634673
-0.0036142229900355074	-0.39268244951767267
-0.007540801328820885	-0.39262667393128103
-0.011466625593757534	-0.39253163600468405
-0.01539130320569021	-0.3923973452415953
-0.019314441700128273	-0.39222381507097903
-0.023235648766491725	-0.39201106284570775
-0.02715453228734159	-0.39175910984082674
-0.03107070037759125	-0.39146798125142646
-0.0349837614236954	-0.3911377061901232
-0.038893324122810304	-0.39076831768414805
-0.04279899752192375	-0.3903598526720436
-0.046700391056950806	-0.3899123519999707
-0.050597114591789026	-0.3894258604176237
-0.05448877845733219	-0.3889004265737555
-0.05837499349043679	-0.38833610301131244
-0.062255371072838	-0.3877329461621806
-0.06612952317001124	-0.3870910163415423
-0.06999706236997522	-0.3864103777418446
-0.0738576019220329	-0.3856910984263803
-0.07771075577544617	-0.3849332503224815
-0.08155613861804065	-0.3841369092143271
-0.08539336591473655	-0.3833021547353643
-0.08922205394600179	-0.38242907036034535
-0.09304181984622405	-0.38151774339698014
-0.09685228164199622	-0.3805682649772057
-0.10065305829031414	-0.3795807300480727
-0.10444376971668021	-0.3785552373622511
-0.10822403685311095	-0.37749188946815493
-0.11199348167604264	-0.37639079269968745
-0.11575172724413439	-0.375252057165608
-0.11949839773596117	-0.3740757967385209
-0.1232331184875961	-0.37286212904348887
-0.1269555160300761	-0.3716111754462698
-0.13066521812674894	-0.3703230610411811
-0.13436185381049653	-0.3689979146385898
-0.13804505342083095	-0.3676358687520318
-0.1417144486408603	-0.3662370595849609
-0.14536967253412073	-0.3648016270171279
-0.14901035958126846	-0.36332971459059377
-0.1526361457166332	-0.36182146949537414
-0.15624666836462256	-0.36027704255472187
-0.1598415664759805	-0.3586965882100441
-0.16342048056389188	-0.357080264505458
-0.1669830527399301	-0.3554282330719873
-0.17052892674984632	-0.3537406591113987
-0.1740577480091945	-0.35201771137968185
-0.17756916363878952	-0.350259562170174
-0.18106282249999434	-0.3484663872963313
-0.1845383752298345	-0.34663836607414655
-0.18799547427593313	-0.3447756813042187
-0.1914337739312664	-0.3428785192534726
-0.19485293036873413	-0.3409470696365324
-0.1982526016755421	-0.33898152559675
-0.20163244788739224	-0.33698208368689164
-0.20499213102248032	-0.33494894384948204
-0.2083313151152922	-0.33288230939681074
-0.21164966625020154	-0.3307823869906007
-0.21494685259485985	-0.3286493866213427
-0.21822254443338046	-0.3264835215872962
-0.2214764141993094	-0.32428500847315955
-0.22470813650838148	-0.32205406712841217
-0.22791738819105867	-0.3197909206453296
-0.23110384832484748	-0.3174957953366739
-0.23426719826638953	-0.3151689207130635
-0.237407121683327	-0.3128105294600218
-0.24052330458593485	-0.31042085741470854
-0.24361543535851957	-0.30800014354233696
-0.24668320479058045	-0.3055486299122772
-0.24972630610773106	-0.3030665616738492
-0.2527444350023752	-0.3005541870318086
-0.255737289664139	-0.2980117572215255
-0.2587045708100501	-0.2954395264838627
-0.26164598171446646	-0.29283775203975027
-0.26456122823874917	-0.2902066940644645
-0.26745001886067493	-0.2875466156616103
-0.27031206470358876	-0.2848577828368115
-0.2731470795652915	-0.28214046447110974
-0.2759547799466596	-0.27939493229407697
-0.2787348850799946	-0.2766214608566433
-0.28148711695709994	-0.2738203275036409
-0.2842112003570814	-0.27099181234607095
-0.2869068628738688	-0.2681361982330925
-0.2895738349434573	-0.26525377072373646
-0.29221184987086213	-0.2623448180583522
-0.2948206438567889	-0.25940963112978216
-0.29739995602401315	-0.25644850345427306
-0.2999495284434673	-0.25346173114212495
-0.3024691061600343	-0.25044961286807993
-0.304958437218042	-0.24741244984145552
-0.3074172726864591	-0.24435054577602336
-0.3098453666837878	-0.2412642068596382
-0.3122424764026518	-0.23815374172361992
-0.31460836213407656	-0.2350194614118902
-0.3169427872914607	-0.23186167934986823
-0.3192455184342339	-0.22868071131312853
-0.3215163252912006	-0.22547687539582428
-0.32375498078356774	-0.22225049197887708
-0.3259612610476514	-0.2190018836979401
-0.3281349454572637	-0.21573137541113444
-0.33027581664577516	-0.2124392941665631
-0.33238366052785084	-0.20912596916960752
-0.33445826632085934	-0.20579173175000573
-0.3364994265659501	-0.20243691532872152
-0.3385069371487994	-0.19906185538460142
-0.3404805973200221	-0.19566688942082708
-0.3424202097152456	-0.19225235693116596
-0.3443255803748468	-0.18881859936602152
-0.3461965187633476	-0.1853659600982886
-0.3480328377884682	-0.181894784389017
-0.3498343538198363	-0.17840541935288512
-0.3516008867073502	-0.17489821392348848
-0.353332259799193	-0.1713735188184475
-0.35502829995949836	-0.1678316865043358
-0.3566888375856639	-0.16427307116143264
-0.3583137066253105	-0.16069802864830707
-0.3599027445928883	-0.15710691646623143
-0.3614557925859248	-0.15350009372343099
-0.36297269530091486	-0.1498779210991747
-0.36445330104885104	-0.14624076080770634
-0.36589746177039245	-0.14258897656202396
-0.3673050330506703	-0.13892293353750926
-0.36867587413372965	-0.13524299833540937
-0.3700098479366045	-0.13154953894617807
-0.37130682106302615	-0.12784292471267658
-0.3725666638167628	-0.12412352629323922
-0.3737892502145891	-0.1203917156246083
-0.3749744579988838	-0.1166478658847412
-0.3761221686498563	-0.11289235145549166
-0.37723226739739796	-0.10912554788517323
-0.378304643232559	-0.10534783185100412
-0.37933918891864965	-0.10155958112143947
-0.38033580100196335	-0.0977611745183952
-0.38129437982212233	-0.09395299187936663
-0.3822148295220434	-0.09013541401944386
-0.3830970580575234	-0.08630882269323191
-0.38394097720644427	-0.08247360055667424
-0.3847465025775942	-0.07863013112878885
-0.3855135536191074	-0.07477879875331547
-0.38624205362651887	-0.07091998856028205
-0.38693192975043506	-0.06705408642749239
-0.3875831130038183	-0.06318147894193837
-0.3881955382688861	-0.05930255336114105
-0.3887691443036222	-0.055417697574426404
-0.38930387374790115	-0.051527300064135584
-0.3897996731292241	-0.047631749866777456
-0.39025649286806613	-0.04373143653412564
-0.390674287282834	-0.03982675009426333
-0.3910530145944344	-0.035918081012580254
-0.3913926369304518	-0.03200582015272791
-0.3916931203289356	-0.02809035873753138
-0.39195443474179636	-0.02417208830986964
-0.3921765540378105	-0.020251400693520435
-0.3923594560052336	-0.01632868795397781
-0.3925031223540213	-0.012404342359246985
-0.3926075387176584	-0.008478756340617502
-0.39267269465459564	-0.004552322453419213
-0.39269858364929355	-0.0006254333377691722
-0.3926852031128743	0.0033015183206932786
-0.3926325543833803	0.00722813983007509
-0.3925406427256407	0.011154038531497325
-0.3924094773307446	0.01507882183836106
-0.39223907131512226	0.019002097275606953
-0.39202944171923326	0.022923472518960313
-0.3917806095058624	0.02684255543416443
-0.3914925995580237	0.03075895411619403
-0.39116544067647196	0.03467227692844421
-0.39079916557682265	0.03858213254189502
-0.3903938108862806	0.04248812997424348
-0.389949417139977	0.046389878629001
-0.3894660287769161	0.050286988334553896
-0.38894369413553154	0.05417906938317901
-0.388382465448852	0.058065732570014725
-0.3877823988392786	0.06194658923198138
-0.38714355431297226	0.065821251286647
-0.3864659957538531	0.06968933127103463
-0.38574979091721245	0.07355044238036958
-0.38499501142293724	0.07740419850675834
-0.38420173274834785	0.08125021427779952
-0.38337003422065064	0.08508810509512121
-0.38249999900900533	0.08891748717283991
-0.381591714116208	0.09273797757593914
-0.38064527036999113	0.09654919425856219
-0.37966076241394064	0.1003507561022166
-0.37863828869803157	0.10414228295388629
-0.3775779514687836	0.10792339566404541
-0.37647985675903606	0.11169371612457396
-0.37534411437734466	0.11545286730656801
-0.37417083789700134	0.1192004732980418
-0.3729601446446763	0.12293615934151901
-0.3717121556886858	0.1266595518715087
-0.37042699582688565	0.13037027855186037
-0.3691047935741909	0.1340679683129984
-0.367745681149725	0.13775225138902816
-0.36634979446359783	0.14142275935471224
-0.36491727310331484	0.14507912516231258
-0.36344826031981814	0.1487209831782957
-0.3619429030131621	0.15234796921989457
-0.3604013517178228	0.15595972059152768
-0.35882376058764515	0.1595558761210678
-0.3572102873804276	0.16313607619595843
-0.35556109344214615	0.1666999627991759
-0.35387634369082044	0.17024717954502966
-0.3521562066000217	0.17377737171480073
-0.35040085418202543	0.17729018629221466
-0.34861046197061063	0.18078527199874067
-0.3467852090035066	0.18426227932872058
-0.3449252778044889	0.1877208605843191
-0.3430308543651275	0.19116066991029276
-0.34110212812618773	0.19458136332857526
-0.3391392919586862	0.1979825987726755
-0.33714254214460393	0.20136403612188344
-0.3351120783572583	0.2047253372352821
-0.3330481036413361	0.20806616598556116
-0.33095082439258894	0.2113861882926294
-0.32882045033719404	0.21468507215702293
-0.3266571945107814	0.21796248769310453
-0.3244612732371312	0.22121810716205145
-0.32223290610654076	0.22445160500463016
-0.3199723159538662	0.22766265787375065
-0.3176797288362388	0.23085094466680228
-0.31535537401046015	0.2340161465577621
-0.3129994839100759	0.2371579470290788
-0.31061229412213237	0.24027603190332394
-0.3081940433636195	0.2433700893746079
-0.3057449734575978	0.24643981003976206
-0.3032653293090168	0.2494848869292784
-0.3007553588802254	0.2525050155380048
-0.29821531316617456	0.2554998938555976
-0.29564544616931876	0.25846922239672104
-0.2930460148742167	0.26141270423099483
-0.2904172792218314	0.2643300450126887
-0.2877595020835373	0.26722095301015586
-0.2850729492348338	0.27008513913500515
-0.28235788932876693	0.272922316971011
-0.27961459386906456	0.2757322028027544
-0.2768433371829865	0.2785145156439938
-0.2740443963938923	0.2812689772657633
-0.27121805139352834	0.28399531222419616
-0.26836458481403913	0.2866932478880687
-0.2654842819997051	0.28936251446606265
-0.2625774309784072	0.2920028450337445
-0.25964432243282504	0.29461397556025815
-0.2566852496713694	0.2971956449347264
-0.2537005085988503	0.29974759499236336
-0.2506903976868874	0.30226957054029013
-0.24765521794406406	0.3047613193830532
-0.24459527288582503	0.3072225923478448
-0.2415108685041258	0.30965314330941984
-0.23840231323683508	0.3120527292147069
-0.23526991793688837	0.31442111010711576
-0.2321139958412053	0.3167580491505309
-0.2289348625393661	0.3190633126529949
-0.22573283594205132	0.3213366700900788
-0.22250823624925214	0.32357789412793364
-0.21926138591825123	0.32578676064602274
-0.21599260963137573	0.3279630487595353
-0.21270223426353002	0.3301065408414738
-0.20939058884950953	0.3322170225444158
-0.2060580045510957	0.3342942828219499
-0.20270481462394116	0.3363381139497795
-0.19933135438424432	0.338348311546495
-0.195937961175218	0.3403246745940117
-0.19252497433335491	0.34226700545767225
-0.18909273515449576	0.34417510990600836
-0.1856415868596979	0.3460487971301655
-0.1821718745609149	0.3478878797629827
-0.17868394522648487	0.34969217389772933
-0.1751781476464353	0.3514614991064952
-0.17165483239760237	0.353195678458234
-0.16811435180857462	0.3548945385364559
-0.16455705992446112	0.35655790945656857
-0.16098331247148562	0.3581856248828661
-0.15739346682141528	0.35977752204516233
-0.15378788195582357	0.3613334417550677
-0.15016691843019245	0.3628532284219077
-0.14653093833785666	0.3643367300682824
-0.14288030527379608	0.36578379834526303
-0.13921538429827468	0.36719428854722796
-0.13553654190033557	0.36856805962633254
-0.13184414596115346	0.36990497420661334
-0.128138565717245	0.3712048985977266
-0.12442017172354629	0.3724677028083166
-0.12068933581635867	0.3736932605590144
-0.11694643107616352	0.3748814492950663
-0.11319183179031579	0.3760321501985888
-0.10942591341561525	0.3771452482004506
-0.10564905254076111	0.378220631991779
-0.10186162684869311	0.3792581940350911
-0.09806401507882502	0.3802578305750471
-0.09425659698916877	0.381219441648826
-0.09043975331836018	0.3821429310961219
-0.08661386574758628	0.3830282065687595
-0.08277931686241562	0.38387517953992933
-0.07893649011454092	0.3846837653130402
-0.07508576978343529	0.3854538830301884
-0.07122754093792256	0.3861854556802441
-0.0673621893976725	0.38687841010655183
-0.06349010169461694	0.38753267701424665
-0.059611665034300494	0.38814819097718284
-0.055727267257156855	0.38872489044447694
-0.05183729679972638	0.3892627177466631
-0.047942142655813896	0.389761619101459
-0.04404219433758747	0.39022154461914504
-0.04013784183662865	0.39064244830755274
-0.036229475584934605	0.3910242880766639
-0.03231748641587319	0.39136702574281995
-0.028402265525100993	0.3916706270325398
-0.02448420443144511	0.3919350615859475
-0.020563694937749517	0.392160302959808
-0.016641129091696506	0.3923463286301717
-0.012716899146601885	0.39249311999462666
-0.008791397522189985	0.3926006623741586
-0.004865016765351659	0.3926689450146192
-0.0009381495108913117	0.3926979610878015
0.0029888115577383356	0.39268770769212213
0.006915473747703226	0.3926381858529122
0.010841444396055873	0.39254940052231446
0.01476633090900342	0.39242136057878785
0.018689740801165654	0.3922540788262201
0.02261128173482215	0.392047571992647
0.026530561559147493	0.39180186072857986
0.03044718834942634	0.3915169696049403
0.03436077044624247	0.3911929271106034
0.03827091649464785	0.3908297656495484
0.04217723548329645	0.3904275215376188
0.046079336783543944	0.3899862349988906
0.04997683018851241	0.38950595016165007
0.053869325952109234	0.3889867150539805
0.05775643482800215	0.38842858159896004
0.06163776810854213	0.38783160560946917
0.06551293766363589	0.3871958467826092
0.06938155597955756	0.38652136869373305
0.0732432361976987	0.38580823879008774
0.07709759215325554	0.3850565283840692
0.08094423841384554	0.3842663126460915
0.08478279031804711	0.3834376705970701
0.08861286401386897	0.3825706851005194
0.0924340764971336	0.3816654428542664
0.0962460456497763	0.3807220343817815
0.10004839027805881	0.3797405540231257
0.10384073015068723	0.3787210999255169
0.10762268603683388	0.37766377403351553
0.11139387974406212	0.3765686820788296
0.11515393415614422	0.37543593356974186
0.11890247327077136	0.37426564178015953
0.12263912223715678	0.37305792373828617
0.12636350739351776	0.3718129002149194
0.1300752563044416	0.37053069571137426
0.13377399779813073	0.3692114384470326
0.1374593620035183	0.3678552603465212
0.1411309803872543	0.3664622970265204
0.14478848579056033	0.3650326877822011
0.1484315124659443	0.3635665755732964
0.15205969611377385	0.3620641070098056
0.155672673918708	0.3605254323373329
0.1592700845859774	0.3589507054220632
0.16285156837751255	0.35734008373537607
0.1664167671479188	0.3556937283380979
0.16996532438029074	0.3540118038643963
0.1734968852218623	0.35229447850531687
0.17701109651949157	0.3505419239919648
0.18050760685497766	0.3487543155783309
0.18398606658020109	0.34693183202376665
0.18744612785208736	0.345074655575109
0.19088744466739305	0.34318297194845515
0.19430967289730464	0.34125697031059116
0.19771247032185035	0.33929684326007614
0.20109549666412374	0.3373027868079815
0.20445841362430972	0.3352750003582908
0.20780088491351473	0.33321368668795914
0.21112257628739525	0.3311190519266359
0.21442315557958216	0.3289913055360514
0.21770229273489622	0.326830660289072
0.22095965984235477	0.3246373322484216
0.22419493116796177	0.32241154074507644
0.2274077831872802	0.32015350835633233
0.23059789461778576	0.31786346088354633
0.23376494645099408	0.3155416273295571
0.23690862198436052	0.3131882398757856
0.24002860685295171	0.3108035338590158
0.24312458906088102	0.308387747747862
0.24619625901250689	0.30594112311892274
0.24924330954339458	0.3034639046326215
0.25226543595103035	0.3009563400087425
0.2552623360252912	0.298418680001659
0.2582337100786674	0.2958511783752567
0.26117926097623007	0.29325409187755846
0.26409869416534354	0.29062768021505037
0.2669917177051219	0.28797220602670964
0.2698580422956222	0.28528793485774223
0.27269738130677407	0.28257513513302807
0.27550945080704214	0.2798340781302793
0.2782939695918199	0.27706503795291176
0.28105065921154937	0.2742682915026357
0.2837792439995658	0.2714441184517655
0.28647945109966416	0.26859280121525286
0.2891510104933849	0.2657146249224451
0.29179365502701443	0.2628098773885733
0.29440712043830175	0.25987884908597025
0.296991145382884	0.25692183311502326
0.29954547146041954	0.2539391251748659
0.3020698432404294	0.25093102353380625
0.30456400828783947	0.24789782899950144
0.3070277171882231	0.24483984488887783
0.3094607235727434	0.24175737699779778
0.3118627841427895	0.2386507335704818
0.31423365869430614	0.23552022526868377
0.31657311014181383	0.232366165140625
0.31888090454211765	0.22918886858968976
0.32115681111770017	0.22598865334288593
0.3234006022798008	0.222765839419071
0.3256120536511732	0.2195207490969515
0.3277909440885228	0.21625370688285592
0.3299370557046217	0.2129650394782829
0.33205017389009694	0.20965507574723202
0.3341300873348906	0.2063241466833187
0.33617658804939154	0.20297258537667323
0.3381894713852338	0.19960072698063341
0.34016853605576114	0.19620890867822885
0.3421135841561557	0.19279746964846337
0.3440244211832286	0.18936675103239678
0.34590085605486903	0.18591709589903235
0.34774270112915373	0.1824488492110084
0.3495497722231102	0.17896235779010355
0.3513218886311349	0.1754579702825542
0.35305887314306367	0.17193603712419137
0.35476055206189283	0.16839691050539568
0.35642675522114875	0.16484094433587945
0.3580573160019038	0.16126849420929693
0.35965207134943855	0.15767991736768375
0.36121086178954775	0.15407557266573266
0.3627335314444859	0.1504558205349112
0.36421992804855646	0.14682102294741567
0.36566990296333796	0.14317154337997554
0.3670833111925469	0.13950774677750696
0.3684600113965383	0.1358299995166167
0.36979986590643915	0.13213866936896573
0.37110274073791477	0.12843412546449337
0.37236850560456786	0.12471673825450266
0.37359703393096666	0.12098687947461643
0.37478820286530207	0.11724492210760513
0.37594189329167343	0.11349124034608686
0.37705798984199945	0.1097262095551097
0.37813638090755525	0.10595020623461522
0.3791769586501329	0.10216360798178883
0.3801796190128253	0.09836679345329999
0.38114426173043175	0.09456014232743819
0.3820707903394842	0.09074403526614351
0.38295911218789414	0.08691885387694166
0.3838091384442167	0.08308498067478459
0.38462078410653466	0.07924279904379729
0.3853939680109584	0.07539269319894072
0.3861286128397415	0.07153504814759162
0.3868246451290133	0.06767024965104047
0.3874819952761251	0.06379868418591554
0.3881005975466099	0.05992073890553707
0.3886803900807561	0.056036801601202176
0.3892213148997935	0.05214726066340434
0.3897233179116909	0.048252505042995726
0.3901863489165655	0.04435292421229345
0.3906103616117026	0.040448908126130584
0.39099531359618617	0.03654084718286207
0.3913411663751384	0.03262913218532622
0.39164788536356965	0.02871415430176269
0.3919154398898367	0.02479630502669702
0.3921438031987099	0.020875976141792547
0.39233295245404864	0.016953559676670834
0.392482868741085	0.013029447869708674
0.39259353706831523	0.009104033128817728
0.3926649463689988	0.005177707992200572
0.39269708950226523	0.0012508650890985882
0.3926899632538278	-0.0026761028994695727
0.39264356833630565	-0.0066028032799778655
0.3925579093891517	-0.010528843385660826
0.39243299497818934	-0.01445383061577888
0.39226883759475556	-0.018377372474880173
0.39206545365445195	-0.022299076612048753
0.391822863495503	-0.026218550860137933
0.39154109137672244	-0.03013540327499017
0.39122016547508737	-0.03404924217462801
0.3908601178829205	-0.03795967617842231
0.39046098460468104	-0.04186631424623172
0.39002280555336416	-0.045768765717505336
0.3895456245465099	-0.04966664035034737
0.38902948930182124	-0.053559548360543094
0.38847445143239256	-0.05744710046053557
0.3878805664415482	-0.06132890789835477
0.38724789371729257	-0.06520458249649104
0.3865764965263706	-0.06907373669071463
0.385866442007942	-0.07293598356883074
0.385117801166867	-0.07679093690936908
0.38433064886660573	-0.08063821122020905
0.3835050638217321	-0.08447742177712562
0.38264112859006294	-0.08830818466226177
0.3817389295644013	-0.0921301168025216
0.38079855696389786	-0.09594283600787636
0.37982010482502915	-0.09974596100958207
0.37880367099219364	-0.1035391114983082
0.37774935710792756	-0.10732190816216713
0.3766572686027408	-0.11109397272464414
0.3755275146845738	-0.11485492798242669
0.3743602083278769	-0.1186043978431231
0.373155466262313	-0.12234200736287189
0.3719134089610847	-0.1260673827838357
0.37063416062888704	-0.12978015157157727
0.36931784918948735	-0.13347994245231112
0.36796460627293254	-0.13716638545003265
0.3665745672023865	-0.14083911192351448
0.36514787098059814	-0.14449775460316913
0.36368466027600055	-0.14814194762777785
0.3621850814084448	-0.15177132658107534
0.3606492843345682	-0.1553855285281901
0.3590774226327983	-0.15898419205193953
0.3574696534879951	-0.16256695728897047
0.35582613767573373	-0.1661334659657439
0.3541470395462255	-0.16968336143436516
0.3524325270078842	-0.17321628870824532
0.35068277151053473	-0.1767318944976014
0.34889794802826907	-0.18022982724478348
0.3470782350419478	-0.18370973715943212
0.3452238145213532	-0.18717127625345603
0.3433348719069921	-0.19061409837582985
0.34141159609155175	-0.19403785924721065
0.3394541794010108	-0.19744221649436472
0.33746281757540747	-0.20082682968440366
0.3354377097492647	-0.2041913603588293
0.3333790584316775	-0.20753547206737796
0.331287069486062	-0.2108588304016655
0.32916195210956956	-0.21416110302862804
0.3270039188121668	-0.21744195972375496
0.32481318539538523	-0.22070107240411024
0.322589970930741	-0.2239381151611421
0.3203344977378274	-0.22715276429327258
0.3180469913620849	-0.23034469833826676
0.3157276805522444	-0.23351359810538042
0.31337679723745404	-0.2366591467072778
0.3109945765040866	-0.2397810295917195
0.30858125657222996	-0.2428789345730189
0.30613707877186636	-0.24595255186325943
0.3036622875187389	-0.2490015741032734
0.3011571302899107	-0.2520256963933777
0.29862185759901666	-0.2550246163238636
0.29605672297121366	-0.25799803400523663
0.2934619829178267	-0.2609456520982068
0.29083789691069856	-0.26386717584342145
0.2881847273562437	-0.26676231309094
0.2855027395692063	-0.2696307743294507
0.2827922017461302	-0.27247227271522
0.28005338493853854	-0.27528652410077753
0.2772865630258304	-0.27807324706332937
0.274492012687891	-0.2808321629329018
0.27167001337742536	-0.283562995820207
0.26882084729201294	-0.28626547264423186
0.265944799345888	-0.28893932315954607
0.2630421571414481	-0.29158427998332653
0.26011321094049533	-0.2942000786220945
0.25715825363520883	-0.29678645749816623
0.25417758071885643	-0.2993431579758095
0.25117149025624624	-0.30186992438710686
0.2481402828539194	-0.3043665040575229
0.24508426163008978	-0.30683264733117127
0.24200373218433358	-0.3092681075957794
0.2388990025670283	-0.3116726413073503
0.23577038324854768	-0.31404600801451715
0.23261818708821708	-0.31638797038258654
0.22944272930302556	-0.3186982942172734
0.22624432743610506	-0.3209767484881198
0.22302330132497752	-0.3232231053515969
0.21977997306956967	-0.32543714017389047
0.2165146670000039	-0.3276186315533636
0.21322770964416674	-0.32976736134269585
0.2099194296950543	-0.33188311467069903
0.20659015797790434	-0.33396567996380366
0.2032402274171148	-0.3360148489672155
0.1998699730029498	-0.33803041676574214
0.1964797317580423	-0.3400121818042832
0.19306984270369154	-0.34195994590798645
0.18964064682596143	-0.34387351430206453
0.18619248704158203	-0.3457526956312727
0.1827257081636581	-0.3475973019790442
0.179240656867189	-0.3494071488862811
0.1757376816543999	-0.35118205536980107
0.17221713281989265	-0.35292184394043485
0.1686793624156175	-0.3546263406207751
0.16512472421566646	-0.35629537496257413
0.161553573680897	-0.3579287800637889
0.15796626792338764	-0.35952639258527
0.15436316567072372	-0.36108805276709716
0.150744627230128	-0.3626136044445533
0.14711101445242963	-0.3641028950637419
0.14346269069587816	-0.3655557756968422
0.1398000207898086	-0.36697210105700173
0.13612337099816002	-0.36835172951286455
0.13243310898284705	-0.3696945231027349
0.12872960376699702	-0.37100034754837247
0.12501322569804393	-0.3722690722684214
0.1212843464106984	-0.37350057039146667
0.1175433387897824	-0.37469471876872196
0.11379057693293922	-0.3758513979863452
0.11002643611322822	-0.3769704923773781
0.10625129274159466	-0.3780518900333143
0.1024655243292287	-0.3790954828152895
0.09866950944981746	-0.380101166364895
0.09486362770168626	-0.3810688401146138
0.09104825966983694	-0.38199840729787754
0.08722378688789396	-0.38288977495874255
0.0833905917999491	-0.3837428539611852
0.07954905772231549	-0.38455755899801647
0.07569956880520032	-0.3853338085994116
0.07184250999428808	-0.386071525141057
0.06797826699224462	-0.38677063485191365
0.06410722622014996	-0.3874310678215929
0.060229774778856486	-0.38805275800734806
0.056346300410275746	-0.3886356432406788
0.052457191458609075	-0.3891796652335474
0.048562836831511406	-0.3896847695842079
0.0446636259611988	-0.3901509057826463
0.04075994876550963	-0.39057802721563106
0.03685219560891112	-0.3909660911713748
0.03294075726346109	-0.3913150588438055
0.02902602486973524	-0.39162489533644657
0.025108389897711393	-0.39189556966590694
0.021188244107620664	-0.39212705476497933
0.01726597951077634	-0.39231932748534665
0.013341988330369548	-0.3924723685998971
0.00941666296224731	-0.3925861628046468
0.005490395935676738	-0.3926606987202701
0.0015635798740872156	-0.39269596889323755
-0.0023633925441867367	-0.3926919697965611
-0.006290128625175059	-0.3926487018301474
-0.01021623569854332	-0.3925661693207567
-0.014141321156855227	-0.3924443805215714
-0.018064992494835144	-0.39228334761136974
-0.021986857348620388	-0.3920830866933087
-0.02590652353499274	-0.39184361779331317
-0.02982359909060029	-0.3915649648580735
-0.033737692311151694	-0.3912471557526512
-0.037648411790586984	-0.3908902222576917
-0.04155536646021609	-0.3904942000662473
-0.045458165627829235	-0.39005912878020693
-0.049356419016761265	-0.3895850519063368
-0.05324973680492114	-0.38907201685192916
-0.05713772966377585	-0.38852007492006185
-0.06102000879727845	-0.38792928130446824
-0.06489618598075116	-0.38729969508401757
-0.06876587359970576	-0.3866313792168071
-0.0726286846886058	-0.3859244005338666
-0.07648423296955931	-0.3851788297324755
-0.08033213289095387	-0.3843947413690923
-0.08417199966600188	-0.38357221385190016
-0.08800344931122638	-0.3827113294329652
-0.09182609868485572	-0.38181217420001207
-0.09563956552513875	-0.38087483806781447
-0.09944346848856728	-0.3798994147692051
-0.10323742718801691	-0.3788860018457004
-0.10702106223077933	-0.37783470063774827
-0.11079399525650124	-0.37674561627459396
-0.11455584897502685	-0.3756188576637654
-0.11830624720411718	-0.37445453748018537
-0.12204481490707533	-0.37325277215490166
-0.12577117823024644	-0.37201368186344547
-0.12948496454040415	-0.370737390513813
-0.13318580246201026	-0.36942402573407646
-0.1368733219143593	-0.36807371885961837
-0.14054715414857696	-0.3666866049200016
-0.14420693178450203	-0.365262822625464
-0.14785228884742066	-0.36380251435304856
-0.1514828608046644	-0.36230582613236556
-0.15509828460206293	-0.3607729076309898
-0.15869819870024945	-0.35920391213949404
-0.1622822431108146	-0.35759899655611965
-0.16585005943230216	-0.3559583213710884
-0.16940129088605568	-0.3542820506505504
-0.17293558235188722	-0.3525703520201817
-0.17645258040359613	-0.35082339664841866
-0.17995193334430795	-0.34904135922934254
-0.1834332912416448	-0.3472244179652104
-0.18689630596271806	-0.3453727545486345
-0.19034063120894143	-0.3434865541444133
-0.19376592255066122	-0.34156600537101517
-0.19717183746159578	-0.3396113002817181
-0.2005580353530947	-0.3376226343454006
-0.20392417760818882	-0.3356002064270001
-0.2072699276154584	-0.33354421876762286
-0.2105949508026908	-0.33145487696432147
-0.21389891467033872	-0.3293323899495347
-0.2171814888247669	-0.32717696997019646
-0.22044234501129778	-0.32498883256650707
-0.22368115714702771	-0.3227681965503849
-0.2268976013534439	-0.3205152839835799
-0.23009135598880592	-0.3182303201554713
-0.23326210168031017	-0.3159135335605391
-0.2364095213560319	-0.31356515587551037
-0.23953330027662478	-0.3111854219361979
-0.2426331260668004	-0.3087745697140122
-0.24570868874656293	-0.30633284029216634
-0.24875968076220795	-0.3038604778415673
-0.25178579701707465	-0.3013577295964013
-0.25478673490206155	-0.2988248458294053
-0.25776219432587927	-0.2962620798268467
-0.26071187774506555	-0.2936696878631896
-0.26363549019373644	-0.29104792917547023
-0.26653273931308347	-0.28839706593737235
-0.2694033353806091	-0.28571736323301083
-0.2722469913390987	-0.2830090890304231
-0.2750634228253266	-0.2802725141547719
-0.27785234819848975	-0.2775079122612658
-0.28061348856837687	-0.2747155598077885
-0.2833465678232505	-0.27189573602725975
-0.28605131265746314	-0.2690487228997073
-0.2887274525987853	-0.2661748051240714
-0.2913747200354535	-0.2632742700897342
-0.29399285024292865	-0.26034740784778354
-0.29658158141037366	-0.2573945110820025
-0.29914065466682765	-0.25441587507960856
-0.3016698141070976	-0.2514117977017196
-0.30416880681734837	-0.2483825793535686
-0.30663738290039017	-0.24532852295446758
-0.3090752955006722	-0.24224993390751084
-0.31148230082896605	-0.23914712006903763
-0.3138581581867452	-0.23602039171784556
-0.31620262999025234	-0.23287006152416584
-0.31851548179426264	-0.2296964445183903
-0.32079648231552177	-0.22649985805957654
-0.3230454034558789	-0.2232806218037061
-0.32526202032509405	-0.22003905767172185
-0.3274461112633274	-0.21677548981733574
-0.32959745786330535	-0.21349024459461344
-0.33171584499216056	-0.21018365052533972
-0.33380106081294586	-0.20685603826616528
-0.3358528968058158	-0.20350774057554488
-0.33787114778888233	-0.20013909228045496
-0.339855611938728	-0.19675043024291958
-0.34180609081059177	-0.19334209332631808
-0.343722389358212	-0.18991442236150183
-0.34560431595333113	-0.1864677601127103
-0.3474516824048569	-0.183002451243298
-0.3492643039776846	-0.1795188422812623
-0.35104199941116754	-0.1760172815845964
-0.3527845909372426	-0.17249811930645384
-0.35449190429821087	-0.16896170736012736
-0.35616376876415795	-0.16540839938386645
-0.3578000171500307	-0.161838550705507
-0.3594004858323542	-0.15825251830694204
-0.36096501476559406	-0.15465066078842238
-0.36249344749816004	-0.1510333383327003
-0.3639856311880536	-0.14740091266900432
-0.36544141661814844	-0.14375374703687582
-0.36686065821111496	-0.140092206149838
-0.36824321404397653	-0.1364166561589283
-0.3695889458623019	-0.13272746461608356
-0.3708977190940312	-0.12902500043738174
-0.37216940286293126	-0.12530963386615732
-0.3734038700016851	-0.1215817364359706
-0.37460099706460775	-0.11784168093345809
-0.37576066433999056	-0.11408984136105263
-0.3768827558620718	-0.11032659289958695
-0.37796715942263515	-0.10655231187076851
-0.37901376658222763	-0.10276737569955693
-0.38002247268100564	-0.09897216287641461
-0.38099317684919987	-0.09516705291946118
-0.3819257820172026	-0.09135242633652073
-0.38282019492527375	-0.08752866458707476
-0.3836763261328683	-0.0836961500441097
-0.38449409002757884	-0.07985526595588613
-0.38527340483369704	-0.07600639640761415
-0.38601419262039227	-0.07214992628303851
-0.38671637930950276	-0.06828624122595997
-0.38737989468294487	-0.06441572760166386
-0.3880046723897342	-0.06053877245828716
-0.38859064995262077	-0.05665576348811277
-0.38913776877433637	-0.052767088988803924
-0.3896459741434551	-0.04887313782456724
-0.3901152152398633	-0.04497429938727627
-0.3905454451398424	-0.04107096355752503
-0.390936620820761	-0.037163520665643726
-0.391288703165377	-0.03325236145266535
-0.3916016569657493	-0.029337877031251923
-0.3918754509267586	-0.025420458846583522
-0.39211005766923707	-0.02150049863721341
-0.3923054537327058	-0.017578388395897992
-0.3924616195777215	-0.0136545203303902
-0.3925785395878296	-0.00972928682422879
-0.39265620207112667	-0.005803080397492673
-0.392694599261429	-0.00187629366755269
-0.3926937273190496	0.0020506806901904756
-0.392653586331182	0.005977449981573517
-0.3925741803118915	0.009903621532939591
-0.3924555172017139	0.013828802730406061
-0.39229760886686127	0.01775260105912206
-0.39210047109803553	0.021674624142527323
-0.39186412360884926	0.025594479781579766
-0.39158859003385454	0.02951177599398271
-0.39127389792617917	0.033426121053379325
-0.3909200787547715	0.037337123528526306
-0.39052716790125425	0.0412443923224332
-0.3900952046563849	0.04514753671147947
-0.38962423221612824	0.0490461663844767
-0.38911429767733585	0.052939891481706476
-0.38856545203303644	0.05682832263390588
-0.38797775016733715	0.06071107100119799
-0.387351250849935	0.06458774831198237
-0.3866860167302394	0.0684579669017585
-0.3859821143311079	0.07232133975189324
-0.38523961404219426	0.076177480528319
-0.38445859011290806	0.08002600362017434
-0.38363912064499184	0.08386652417835508
-0.38278128758470925	0.08769865815400653
-0.38188517671465166	0.09152202233692454
-0.38095087764515895	0.09533623439387764
-0.37997848380536003	0.09914091290683659
-0.3789680924338281	0.10293567741112271
-0.37791980456885854	0.10672014843344714
-0.37683372503836415	0.11049394752986139
-0.3757099624493928	0.11425669732360129
-0.37454862917726756	0.11800802154282113
-0.37334984135434696	0.12174754505822767
-0.372113718858415	0.1254748939205837
-0.37084038530069086	0.12918969539810973
-0.36952996801346927	0.13289157801375365
-0.3681825980373868	0.13658017158233948
-0.3667984101083188	0.1402551072475822
-0.3653775426439038	0.1439160175189803
-0.363920137729705	0.1475625363085555
-0.3624263411049992	0.15119429896746758
-0.3608963021482034	0.15481094232247902
-0.3593301738619389	0.15841210471226624
-0.357728112857729	0.1619974260235919
-0.3560902793403391	0.16556654772731258
-0.3544168370917558	0.16911911291423287
-0.35270795345481026	0.17265476633079258
-0.35096379931644106	0.17617315441459894
-0.34918454909060925	0.1796739253297737
-0.34737038070085463	0.18315672900214325
-0.34552147556250423	0.1866212171542427
-0.3436380185645312	0.19006704334014388
-0.3417201980510658	0.1934938629800997
-0.3397682058025611	0.19690133339500188
-0.3377822370166151	0.20028911384064907
-0.3357624902884524	0.203656865541818
-0.33370916759106123	0.20700425172614745
-0.3316224742550014	0.21033093765780667
-0.3295026189478672	0.2136365906709753
-0.3273498136534228	0.21692088020310674
-0.3251642736504033	0.22018347782798522
-0.32294621749098884	0.2234240572885654
-0.32069586697894586	0.22664229452960336
-0.31841344714745023	0.22983786773005688
-0.31609918623658434	0.2330104573352672
-0.31375331567050907	0.23615974608891985
-0.3113760700343274	0.23928541906476217
-0.30896768705062144	0.24238716369810187
-0.3065284075556827	0.24546466981706042
-0.30405847547542747	0.24851762967359098
-0.3015581378010067	0.25154573797425045
-0.29902764456410263	0.2545486919107343
-0.29646724881193137	0.2575261911901498
-0.2938772065819342	0.26047793806505065
-0.2912577768761757	0.26340363736320926
-0.2886092216354436	0.26630299651713385
-0.2859318057130548	0.26917572559332514
-0.28322579684837046	0.27202153732126944
-0.28049146564002153	0.27484014712216603
-0.27772908551885156	0.27763127313738206
-0.2749389327205689	0.28039463625664396
-0.27212128625812976	0.2831299601459411
-0.26927642789383177	0.28583697127516455
-0.2664046421111406	0.28851539894545714
-0.263506216086241	0.2911649753162844
-0.26058143965932157	0.2937854354322157
-0.2576306053055856	0.29637651724942504
-0.25465400810601113	0.2989379616618887
-0.25165194571783756	0.3014695125272998
-0.2486247183448003	0.30397091669268284
-0.2455726287071163	0.306441924019704
-0.24249598201120362	0.3088822874096914
-0.23939508591916972	0.31129176282833854
-0.23627025051803913	0.31367010933011175
-0.2331217882887479	0.31601708908234283
-0.22995001407489482	0.3183324673890128
-0.22675524505125974	0.32061601271421925
-0.22353780069208046	0.3228674967053341
-0.2202980027391134	0.32508669421583347
-0.2170361751694535	0.32727338332781586
-0.21375264416313958	0.32942734537419244
-0.21044773807053588	0.33154836496055345
-0.20712178737949768	0.3336362299867078
-0.20377512468232245	0.3356907316678927
-0.20040808464249044	0.33771166455565255
-0.19702100396120156	0.3396988265583816
-0.193614221343699	0.34165201896153685
-0.19018807746540728	0.34357104644750475
-0.18674291493785858	0.34545571711513606
-0.18327907827443465	0.34730584249893476
-0.17979691385591537	0.3491212375879041
-0.17629676989584073	0.350901720844048
-0.17277899640569	0.3526471142205247
-0.16924394515988006	0.3543572431794512
-0.16569196966059158	0.35603193670935596
-0.16212342510241196	0.35767102734228257
-0.15853866833682512	0.3592743511705329
-0.15493805783651973	0.36084174786306045
-0.15132195365954526	0.36237306068150216
-0.14769071741330544	0.36386813649585253
-0.14404471221840076	0.3653268257997752
-0.1403843026723098	0.3667489827255565
-0.13670985481293882	0.368134465058688
-0.13302173608201168	0.3694831342520912
-0.1293203152883261	0.3707948554399712
-0.12560596257087892	0.3720694974513017
-0.12187904936184593	0.37330693282294386
-0.11813994834944228	0.3745070378123919
-0.11438903344065267	0.375669692410147
-0.11062667972384418	0.3767947803517177
-0.1068532634312506	0.3778821891292483
-0.10306916190135863	0.3789318100027665
-0.09927475354116722	0.37994353801105996
-0.09547041778835036	0.3809172719821708
-0.09165653507331241	0.38185291454351356
-0.08783348678114868	0.38275037213161134
-0.08400165521350049	0.3836095550014538
-0.08016142355033141	0.38443037723546974
-0.07631317581160962	0.38521275675211947
-0.07245729681889941	0.3859566153141038
-0.06859417215688887	0.38666187853618605
-0.06472418813482426	0.38732847589263186
-0.06084773174788282	0.387956340724261
-0.05696519063847217	0.38854541024511374
-0.053076953057469886	0.3890956255487285
-0.04918340782539112	0.38960693161403387
-0.045284944293516545	0.3900792773108491
-0.04138195230494994	0.39051261540499826
-0.037474822155637695	0.39090690256303295
-0.033563944555338794	0.3912620993565661
-0.029649710588554222	0.39157817026621417
-0.025732511675418807	0.3918550836851497
-0.021812739532559536	0.39209281192226153
-0.01789078613392423	0.39229133120492404
-0.013967043671583777	0.39245062168137446
-0.01004190451651672	0.3925706674226978
-0.006115761179364847	0.39265145642441995
-0.0021890062711921827	0.3926929806077082
0.0017379675357834345	0.39269523582017873
0.005664767547453775	0.39265822183631216
0.009591001087089993	0.39258194235747607
0.013516275534609977	0.3924664050115548
0.01744019836584003	0.3923116213521865
0.02136237719176764	0.39211760685760827
0.025282419797776602	0.391884380929108
0.029199934182875795	0.3916119668890839
0.03311452859888919	0.39130039197871314
0.03702581158963806	0.3909496873552271
0.040933392030082706	0.3905598880887959
0.04483687916543608	0.3901310331590212
0.04873588265023546	0.38966316545103885
0.05263001258738361	0.38915633175122955
0.05651887956713192	0.3886105827425409
0.06040209470602103	0.3880259729994193
0.06427926968577584	0.38740256098235143
0.06815001679212726	0.3867404090320198
0.07201394895359096	0.3860395833630676
0.07587067978017073	0.38530015405747764
0.07971982360199852	0.3845221950575642
0.08356099550789771	0.38370578415857937
0.08739381138388139	0.38285100300093217
0.09121788795155394	0.38195793706202646
0.095032842806446	0.38102667564771175
0.09883829445625118	0.38005731188335345
0.10263386235897572	0.3790499427045202
0.10641916696099227	0.3780046688472904
0.11019382973499509	0.3769215948381787
0.11395747321785293	0.3758008289836833
0.11770972104835191	0.37464248335945616
0.1214501980048385	0.37344667379909374
0.1251785300427321	0.37221351988255613
0.12889434433193653	0.3709431449242072
0.13259726929411936	0.3696356759604841
0.1362869346398708	0.3682912437371934
0.139962971405729	0.3669099826964378
0.14362501199108335	0.3654920309631694
0.14727269019492503	0.3640375303313806
0.1509056412524734	0.3625466262499225
0.15452350187165215	0.3610194678079601
0.15812591026941222	0.3594562077200657
0.1617125062079165	0.35785700231094514
0.16528293103055997	0.35622201149980665
0.1688368276978363	0.35455139878436853
0.1723738408230385	0.35284533122451117
0.17589361670780404	0.35110397942556754
0.17939580337747568	0.3493275175212673
0.1828800506163056	0.34751612315632024
0.18634601000247342	0.34566997746865336
0.18979333494292883	0.3437892650712969
0.1932216807080505	0.3418741740339235
0.19663070446611894	0.33992489586404084
0.20002006531759972	0.3379416254878413
0.20338942432923035	0.3359245612307107
0.2067384445679199	0.33387390479739254
0.2100667911344335	0.33178986125182236
0.21337413119688875	0.32967263899661753
0.21666013402403553	0.32752244975223943
0.21992447101832935	0.3253395085358205
0.22316681574879116	0.3231240336396634
0.2263868439836498	0.32087624660941144
0.22958423372276515	0.31859637222189446
0.23275866522982783	0.3162846384626515
0.23590982106433295	0.3139412765031315
0.23903738611332137	0.3115665206775788
0.24214104762289676	0.3091606084595954
0.24522049522949285	0.3067237804383995
0.24827542099091568	0.30425628029476204
0.2513055194171349	0.30175835477664115
0.2543104875008336	0.2992302536745066
0.2572900247477058	0.29667222979636326
0.2602438332065119	0.29408453894246533
0.263171617498866	0.29146743987974333
0.2660730848487786	0.2888211943159225
0.26894794511193426	0.2861460668733527
0.27179591080470067	0.2834423250625503
0.2746166971328825	0.28071023925544275
0.2774100220201975	0.27795008265833404
0.28017560613648523	0.2751621312845834
0.2829131729256373	0.27234666392700624
0.28562244863325786	0.2695039621299902
0.2883031623340325	0.2666343101613476
0.2909550459588257	0.26373799498388334
0.29357783432148465	0.26081530622670157
0.2961712651453593	0.25786653615624205
0.2987350790895271	0.25489197964705596
0.3012690197747315	0.2518919341523139
0.3037728338090155	0.24886669967406538
0.3062462708130609	0.24581657873323876
0.3086890834452303	0.24274187633938415
0.3111010274262947	0.2396428999601804
0.31348186156386654	0.23651995949068236
0.315831347776516	0.2333733672223346
0.3181492511175801	0.23020343781174116
0.3204353397986551	0.22701048824920322
0.3226893852127797	0.22379483782701404
0.3249111619572894	0.22055680810753783
0.3271004478563619	0.21729672289104754
0.3292570239832315	0.21401490818334817
0.3313806746820827	0.21071169216317562
0.33347118758961536	0.20738740514937923
0.3355283536562808	0.2040423795678902
0.337551967167187	0.2006769499184785
0.3395418257626681	0.1972914527413064
0.3414977304585243	0.19388622658326798
0.3434194856659147	0.19046161196414313
0.3453068992109205	0.18701795134253935
0.34715978235376	0.1835555890816491
0.34897794980766295	0.18007487141481315
0.35076121975739916	0.17657614641089764
0.35250941387745965	0.17305976393948733
0.35422235734988955	0.1695260756358984
0.3558998788817682	0.16597543486601843
0.35754181072234154	0.16240819669096296
0.35914798867979286	0.15882471783157878
0.3607182521376651	0.1552253566327649
0.3622524440709212	0.1516104730276418
0.3637504110616465	0.14798042850155696
0.3652120033143894	0.14433558605593982
0.36663707467114376	0.14067631017199506
0.36802548262596035	0.13700296677426427
0.36937708833920146	0.13331592319402416
0.3706917566514222	0.1296155481325602
0.371969356096886	0.12590221162429696
0.373209758916714	0.12217628499978807
0.37441284107165723	0.11843814084859312
0.3755784822545029	0.11468815298201143
0.3767065659021042	0.11092669639570468
0.3777969792070366	0.1071541472321963
0.3788496131288776	0.10337088274326084
0.3798643624051131	0.09957728125219187
0.3808411255616605	0.0957737221159791
0.3817798049230182	0.09196058568736594
0.38268030662203245	0.08813825327681758
0.38354254060928367	0.08430710711438985
0.38436642066209165	0.08046753031150637
0.3851518643931378	0.0766199068226478
0.38589879325870347	0.07276462140695598
0.38660713256652435	0.06890205958976181
0.3872768114832603	0.0650326076240255
0.3879077630415775	0.06115665245172113
0.3884999241468458	0.057274581665135285
0.38905323558344834	0.05338678346811159
0.3895676420207026	0.04949364663722923
0.3900430920183932	0.0455955604829291
0.390479538031917	0.041692914810575465
0.390876936417036	0.03778609988148545
0.391235247434243	0.03387550637389628
0.3915544352527349	0.02996152534389784
0.3918344679539958	0.026044548186333553
0.3920753175349889	0.022124966595654355
0.39227695991095685	0.018203172526753
0.3924393749178302	0.014279558155767532
0.3925625463142433	0.010354515840867471
0.3926464617831595	0.006428438083010666
0.39269111293310155	0.0025017174867032702
0.39269649529899187	-0.0014252532792680378
0.39266260834259825	-0.0053520815210991255
0.39258945545258817	-0.009278374559238158
0.39247704394418953	-0.01320373976765322
0.3923253850584597	-0.017127784613094596
0.3921344939611606	-0.021050116694348465
0.3919043897412432	-0.024970343781473208
0.3916350954089375	-0.028888073855029752
0.39132663789345234	-0.03280291514527341
0.39097904804028244	-0.03671447617133821
0.3905923606081232	-0.04062236578038117
0.3901666142653956	-0.04452619318669865
0.38970185158637943	-0.048425568010801105
0.38919811904695495	-0.052320100318457685
0.38865546701995646	-0.056209400659683044
0.3880739497701346	-0.060093080107682065
0.38745362544872936	-0.06397075029774911
0.38679455608765634	-0.06784202346609444
0.3860968075933022	-0.07170651248862801
0.3853604497399351	-0.07556383091966797
0.3845855561627265	-0.07941359303058626
0.3837722043503888	-0.08325541384837791
0.3829204756374248	-0.08708890919416537
0.3820304551959966	-0.09091369572160658
0.3811022320274064	-0.09472939095523679
0.38013589895319766	-0.09853561332871237
0.3791315526058726	-0.10233198222296716
0.37808929341922853	-0.10611811800427734
0.37700922561831607	-0.1098936420622179
0.37589145720901507	-0.11365817684752996
0.374736099967235	-0.11741134590987212
0.3735432694277371	-0.12115277393546642
0.3723130848725818	-0.12488208678462613
0.37104566931919875	-0.12859891152917677
0.3697411495080876	-0.13230287648973926
0.36839965589014234	-0.1359936112729048
0.3670213226136067	-0.13967074680827066
0.36560628751065954	-0.14333391538534823
0.3641546920836327	-0.14698275069033054
0.3626666814908585	-0.15061688784272967
0.3611424045321562	-0.1542359634318588
0.35958201363395215	-0.15783961555317302
0.3579856648340349	-0.16142748384446579
0.35635351776595486	-0.1649992095218959
0.35468573564305855	-0.1685544354158727
0.35298248524216835	-0.17209280600676952
0.35124393688690475	-0.17561396746047644
0.3494702644306554	-0.1791175676637806
0.3476616452391866	-0.1826032562595837
0.34581826017291123	-0.18607068468192914
0.3439402935687995	-0.18951950619086474
0.3420279332219469	-0.19294937590711367
0.3400813703667944	-0.19635995084656252
0.33810079965800544	-0.19975088995455945
0.33608641915100035	-0.20312185414001943
0.3340384302821509	-0.20647250630933364
0.3319570378486384	-0.2098025114000756
0.3298424499879703	-0.21311153641451355
0.32769487815717147	-0.21639925045290187
0.32551453711163514	-0.219665324746577
0.3233016448836488	-0.22290943269083124
0.3210564227605913	-0.2261312498775737
0.3187790952628039	-0.22933045412777048
0.3164698901211385	-0.23250672552366253
0.31412903825418464	-0.23565974644075774
0.3117567737451795	-0.2387892015795902
0.3093533338185955	-0.2418947779972562
0.30691895881642356	-0.24497616513870019
0.304453892174135	-0.24803305486777644
0.3019583803963397	-0.2510651414980595
0.2994326730321355	-0.25407212182341343
0.29687702265015536	-0.25705369514831006
0.29429168481330603	-0.26000956331790365
0.29167691805321805	-0.2629394307478388
0.2890329838443885	-0.2658430044538142
0.28636014657803366	-0.2687199940808802
0.2836586735356541	-0.27157011193247027
0.28092883486230236	-0.27439307299917476
0.278170903539571	-0.27718859498723947
0.27538515535829355	-0.2799563983467957
0.2725718688909681	-0.28269620629981246
0.269731325463895	-0.28540774486777953
0.2668638091290514	-0.2880907428990985
0.26396960663568064	-0.2907449320962022
0.2610490074016203	-0.293370047042383
0.2581023034843593	-0.29596582522833426
0.2551297895518355	-0.2985320070783991
0.25213176285296346	-0.3010683359765324
0.2491085231879152	-0.3035745582919575
0.2460603728781379	-0.30605042340453137
0.24298761673612188	-0.3084956837298064
0.23989056203492234	-0.3109100947437865
0.23676951847742636	-0.3132934150073839
0.23362479816539045	-0.31564540619055714
0.23045671556822467	-0.31796583309614823
0.2272655874915487	-0.32025446368340044
0.22405173304551038	-0.32251106909116245
0.2208154736128778	-0.32473542366077296
0.217557132816895	-0.32692730495863004
0.2142770364889282	-0.32908649379842947
0.21097551263587663	-0.3312127742630865
0.20765289140737264	-0.33330593372632766
0.20430950506277204	-0.3353657628739498
0.20094568793792247	-0.33739205572475517
0.19756177641173334	-0.33938460965114714
0.19415810887253668	-0.3413432253993939
0.19073502568425185	-0.34326770710955173
0.1872928691523427	-0.3451578623350548
0.18383198348959578	-0.34701350206195464
0.18035271478169274	-0.3488344407278252
0.17685541095260496	-0.35062049624031744
0.1733404217298009	-0.3523714899953683
0.1698080986092738	-0.35408724689506166
0.166258794820392	-0.35576759536513725
0.16269286529057608	-0.35741236737214854
0.1591106666098093	-0.35902139844026476
0.15551255699497205	-0.360594527667721
0.15189889625402928	-0.3621315977429046
0.14827004575004313	-0.3636324549600892
0.14462636836503992	-0.3650969492348039
0.14096822846372115	-0.3665249341188418
0.1372959918570304	-0.36791626681490375
0.1336100257655663	-0.3692708081908803
0.12991069878286624	-0.3705884227937627
0.1261983808385478	-0.37186897886318787
0.12247344316130916	-0.37311234834461693
0.1187362582418159	-0.3743184069021373
0.114987199795445	-0.3754870339308984
0.11122664272491692	-0.3766181125691712
0.10745496308280424	-0.37771152971003463
0.10367253803393012	-0.37876717601268534
0.09987974581764475	-0.3797849459133733
0.09607696571001113	-0.3807647376359562
0.0922645779858704	-0.38170645320207836
0.08844296388081796	-0.38260999844096805
0.08461250555307966	-0.38347528299885414
0.08077358604529625	-0.38430222034800204
0.0769265892462194	-0.385090727795366
0.07307189985232253	-0.3858407264908584
0.06920990332933483	-0.38655214143523425
0.06534098587368756	-0.3872249014875926
0.06146553437390424	-0.38785893937248833
0.05758393637190465	-0.3884541916866616
0.05369658002425432	-0.389010598905377
0.04980385406334787	-0.38952810538837623
0.045906147758539545	-0.39000665938544227
0.042003850877208974	-0.3904462130415743
0.03809735364579447	-0.3908467224017728
0.034187046710763766	-0.3912081474154357
0.030273321099549715	-0.39153045194036284
0.02635656818145478	-0.39181360374637014
0.022437179628504035	-0.3920575745185131
0.018515547376288733	-0.39226233985991776
0.014592063584765367	-0.39242787929422057
0.01066712059904354	-0.3925541762676162
0.006741110910150347	-0.3926412181505124
0.0028144271157851085	-0.39268899623879344
-0.0011125381189477557	-0.3926975057546904
-0.00503939210079514	-0.3926667458472587
-0.008965742147631925	-0.39259671959246345
-0.012891195627725371	-0.39248743399287184
-0.016815359998998674	-0.3923388999769527
-0.020737842848284827	-0.3921511323979838
-0.024658251930567632	-0.3919241500325667
-0.028576195208206555	-0.39165797557874865
-0.03249128089013668	-0.3913526356537534
-0.03640311747105515	-0.3910081607913188
-0.04031131377056166	-0.3906245854386441
-0.04421547897228376	-0.39020194795294494
-0.048115222662954746	-0.3897402905976177
-0.052010154871455314	-0.3892396595380132
-0.055899886107810395	-0.3887001048368202
-0.05978402740213778	-0.38812168044905926
-0.06366219034354549	-0.3875044442166869
-0.06753398711896912	-0.38684845786281236
-0.07139903055196035	-0.386153786985524
-0.07525693414139471	-0.3854205010513309
-0.07910731210012882	-0.3846486733882154
-0.08294977939357548	-0.3838383811783006
-0.08678395177820802	-0.382989705450132
-0.09060944583998112	-0.3821027310705758
-0.0944258790326792	-0.38117754673633003
-0.09823286971616128	-0.3802142449650577
-0.10203003719453155	-0.3792129220861332
-0.10581700175420845	-0.37817367823100945
-0.1095933847018898	-0.37709661732320643
-0.11335880840242846	-0.37598184706791726
-0.11711289631659225	-0.37482947894123847
-0.12085527303871879	-0.3736396281790222
-0.12458556433425254	-0.3724124137653537
-0.12830339717717515	-0.37114795842065096
-0.1320083997872985	-0.3698463885893953
-0.13570020166744978	-0.36850783442748497
-0.1393784336405174	-0.3671324297892207
-0.14304272788636996	-0.36572031221392
-0.14669271797863445	-0.3642716229121643
-0.15032803892134528	-0.36278650675167584
-0.15394832718543752	-0.361265112242833
-0.1575532207450998	-0.3597075915238196
-0.16114235911398278	-0.3581141003454087
-0.16471538338123853	-0.3564847980553909
-0.16827193624741854	-0.35481984758263724
-0.17181166206019996	-0.35311941542080755
-0.1753342068499519	-0.3513836716117007
-0.17883921836512895	-0.349612789728252
-0.1823263461075029	-0.3478069468571729
-0.1857952413672036	-0.3459663235812465
-0.18924555725759643	-0.34409110396126635
-0.1926769487499676	-0.3421814755176317
-0.19608907270802736	-0.34023762921159556
-0.19948158792222334	-0.33825975942616865
-0.2028541551438612	-0.33624806394668133
-0.20620643711902928	-0.33420274394100513
-0.20953809862232353	-0.3321240039394362
-0.21284880649037063	-0.33001205181424204
-0.216138229655141	-0.32786709875887626
-0.21940603917706158	-0.3256893592668556
-0.2226519082779016	-0.3234790511103155
-0.2258755123734565	-0.32123639531822934
-0.229076529106003	-0.31896161615430746
-0.23225463837653537	-0.3166549410945706
-0.235409522376775	-0.31431660080460255
-0.2385408656209509	-0.31194682911648364
-0.24164835497734866	-0.30954586300540754
-0.2447316796996205	-0.30711394256598573
-0.24779053145786586	-0.3046513109882339
-0.25082460436945636	-0.3021582145332589
-0.2538335950296297	-0.2996349025086283
-0.2568172025418273	-0.2970816272434417
-0.25977512854778495	-0.29449864406309756
-0.2627070772573653	-0.2918862112637627
-0.2656127554781423	-0.2892445900865387
-0.2684918726447152	-0.28657404469134196
-0.2713441408477651	-0.2838748421304879
-0.2741692748628506	-0.28114725232198146
-0.2769669921789229	-0.2783915480225319
-0.2797370130265824	-0.2756080048002722
-0.28247906040605264	-0.2727969010072051
-0.2851928601148812	-0.2699585177513668
-0.2878781407753572	-0.26709313886871905
-0.2905346338616543	-0.2642010508947602
-0.2931620737266762	-0.2612825430358793
-0.29576019762862626	-0.2583379071404295
-0.29832874575727947	-0.2553674376695465
