0.7853981633974483	-0.0
0.7853588938165266	-0.00785385073493508
0.7852410890006867	-0.015706916091341522
0.7850447607303123	-0.02355841076922788
0.7847699286380665	-0.03140754962566926
0.7844166202069297	-0.03925354775332095
0.7839848707674506	-0.04709562055890847
0.7834747234942132	-0.05493298384168634
0.78288622940152	-0.06276485387185737
0.7822194473382894	-0.07059044746894506
0.7814744439821726	-0.07840898208011107
0.7806512938328839	-0.08621967585840966
0.7797500792047526	-0.09402174774097188
0.7787708902184903	-0.10181441752711122
0.7777138247921798	-0.10959690595634292
0.7765789886314828	-0.1173684347863094
0.7753664952190696	-0.125128226870604
0.7740764658032712	-0.13287550623648467
0.7727090293859539	-0.14060949816247093
0.7712643227096201	-0.14832942925581513
0.7697424902437334	-0.1560345275298412
0.7681436841702725	-0.1637240224811426
0.7664680643685119	-0.17139714516663215
0.7647157983990358	-0.1790531282804355
0.7628870614869808	-0.18669120623062124
0.7609820365045142	-0.19431061521575943
0.7590009139525469	-0.20191059330130104
0.7569438919416829	-0.2094903804957707
0.7548111761724091	-0.21704921882676562
0.7526029799145254	-0.22458635241675157
0.7503195239858172	-0.23210102755865045
0.7479610367299747	-0.23959249279121042
0.745527753993758	-0.24705999897415098
0.743019919103413	-0.25450279936307674
0.7404377828403388	-0.2619201496841512
0.73778160341601	-0.2693113082085234
0.7350516464461555	-0.2766755358264999
0.7322481849241975	-0.28401209612145606
0.7293714991939517	-0.291320255443476
0.7264218769215942	-0.2985992829827176
0.723399613066894	-0.30584845084249296
0.7203050098537183	-0.3130670341120569
0.7171383767398092	-0.32025431093909784
0.7139000303858395	-0.32740956260192267
0.7105902946237459	-0.3345320735813277
0.7072095004243466	-0.3416211316321503
0.7037579858642441	-0.3486760278544931
0.7002360960920182	-0.35569605676461286
0.6966441832937112	-0.3626805163654685
0.6929826066576099	-0.36962870821692034
0.6892517323383263	-0.37653993750557346
0.6854519334201833	-0.38341351311425825
0.6815835898799064	-0.39024874769114176
0.677647088548626	-0.3970449577184624
0.6736428230731947	-0.4038014635808808
0.6695711938768232	-0.41051758963344137
0.6654326081190381	-0.41719266426913526
0.6612274796549666	-0.42382601998606173
0.6569562289939506	-0.4304169934541768
0.6526192832574969	-0.43696492558162603
0.648217076136565	-0.44346916158065336
0.6437500478481984	-0.449929051033079
0.6392186450915038	-0.45634394795534095
0.6346233210029805	-0.4627132108630927
0.6299645351112078	-0.4690362028353513
0.6252427532908926	-0.47531229157818844
0.6204584477162824	-0.48154084948796
0.6156120968139474	-0.4877212537140656
0.6107041852149394	-0.4938528862212328
0.6057352037063284	-0.49993513385132043
0.6007056491821243	-0.5059673883846344
0.5956160245935885	-0.5119490466007477
0.5904668388989384	-0.5178795103388238
0.5852586070124524	-0.523758186557431
0.579991849752979	-0.529584487393846
0.5746670937918553	-0.5353578302228406
0.56928487160024	-0.541077637714943
0.5638457213958672	-0.5467433378941704
0.5583501870892247	-0.5523543641952262
0.5527988182291634	-0.5579101555201564
0.5471921699479435	-0.5634101562944581
0.5415308029057208	-0.5688538165226372
0.5358152832344815	-0.5742405918432075
0.5300461824814302	-0.5795699435831255
0.5242240775518343	-0.5848413388116587
0.5183495506513351	-0.5900542503936768
0.5124231892277274	-0.5952081570423657
0.5064455859122149	-0.6003025433713556
0.5004173384601476	-0.6053368999462588
0.4943390496912474	-0.6103107233356131
0.488211327429326	-0.6152235161612243
0.482034784441503	-0.6200747871479042
0.4758100383769302	-0.6248640511725964
0.4695377117050267	-0.6295908293128896
0.46321843165323284	-0.6342546488949088
0.4568528301442877	-0.6388550435405824
0.4504415437330376	-0.6433915532142793
0.4439852135427809	-0.6478637242688127
0.4374844852011564	-0.6522711094908037
0.4309400087755808	-0.6566132681454032
0.4243524387082433	-0.660889766020364
0.41772243375066076	-0.6651001754694624
0.411050656897804	-0.6692440754552622
0.4043377753217986	-0.6733210515912179
0.397584460305208	-0.6773306961831136
0.39079138717390616	-0.6812726082698314
0.3839592352295453	-0.6851463936634473
0.3770886876816265	-0.6889516649886505
0.3701804315791792	-0.692688041721479
0.3632351577420563	-0.6963551502273738
0.3562535606918544	-0.6999526237985397
0.34923633858246034	-0.7034801026906177
0.3421841931302371	-0.7069372341586582
0.33509782954385353	-0.710323672492395
0.32797795645376293	-0.7136390790508171
0.32082528584134096	-0.7168831222960313
0.3136405329676881	-0.7200554778264168
0.3064244163021051	-0.7231558284090637
0.29917765745024455	-0.7261838640114975
0.29190098108195267	-0.7291392818326814
0.28459511485880296	-0.732021786333296
0.27726078936132903	-0.7348310892652935
0.2698987380159688	-0.7375669097007216
0.26250969702172183	-0.7402289740598166
0.25509440527653005	-0.7428170161383612
0.24765360430338862	-0.745330777134304
0.24018803817619416	-0.7477700056736403
0.2326984534453381	-0.7501344578355488
0.22518559906305224	-0.7524238971767837
0.21765022630851424	-0.7546380947553187
0.21009308871271967	-0.7567768291532413
0.20251494198313097	-0.7588398864988937
0.19491654392810606	-0.7608270604882608
0.1872986543811179	-0.7627381524055994
0.17966203512477347	-0.7645729711433105
0.17200744981463462	-0.7663313332210493
0.16433566390285298	-0.7680130628040733
0.15664744456162719	-0.7696179917208256
0.1489435606064845	-0.771145959479752
0.14122478241940026	-0.77259681328535
0.13349188187176078	-0.773970408053448
0.12574563224717733	-0.7752666064257138
0.11798680816415669	-0.7764852787833902
0.11021618549864147	-0.7776263032602575
0.10243454130642324	-0.7786895657548183
0.09464265374543604	-0.7796749599417095
0.08684130199794289	-0.7805823872823335
0.07903126619261748	-0.7814117570347124
0.07121332732653196	-0.7821629862625622
0.06338826718705803	-0.782835999843586
0.055556868273688775	-0.7834307304769866
0.0477199137197894	-0.7839471186901963
0.039878187214284495	-0.784385112844824
0.032032472923290055	-0.7847446691418194
0.024183555411696568	-0.7850257516258522
0.01633221956471499	-0.7852283321889085
0.008479250509387247	-0.7853523905731006
0.0006254335360742361	-0.7853979143726935
-0.007228445980071015	-0.7853648990353453
-0.01508160265764177	-0.7852533478625621
-0.022933251187515068	-0.7850632720093681
-0.03078260641138042	-0.7847946904831906
-0.038628883400256546	-0.7844476301419581
-0.04647129753298345	-0.7840221256914155
-0.05430906457468318	-0.7835182196816535
-0.0621414007551825	-0.7829359625028529
-0.0699675228473908	-0.7822754123802464
-0.07778664824562061	-0.7815366353682961
-0.0855979950438475	-0.7807197053440872
-0.09340078211390161	-0.7798247039999414
-0.10119422918357805	-0.7788517208352475
-0.10897755691466438	-0.777800853147511
-0.11674998698087358	-0.7766722060226249
-0.124510742145676	-0.7754658923243613
-0.13225904634002247	-0.7741820326830846
-0.13999412473995043	-0.7728207554836892
-0.1477152038440658	-0.7713821968527605
-0.15542151155089234	-0.769866500644963
-0.1631122772360813	-0.7682738184286542
-0.1707867318294731	-0.7666043094707286
-0.17844410789200357	-0.7648581407206907
-0.1860836396924481	-0.7630354867939603
-0.19370456328399244	-0.7611365299544114
-0.20130611658062827	-0.7591614600961454
-0.20888753943336041	-0.7571104747245022
-0.2164480737062219	-0.7549837789363099
-0.2239869633520853	-0.7527815853993749
-0.23150345448826878	-0.750504114331216
-0.23899679547192235	-0.7481515934770419
-0.2464662369751922	-0.7457242580869777
-0.2539110320601522	-0.7432223508925396
-0.2613304362534979	-0.7406461220823622
-0.26872370762099307	-0.7379958292771795
-0.2760901068416619	-0.7352717375040636
-0.2834288972817206	-0.7324741191699218
-0.29073934506824145	-0.7296032540342559
-0.2980207191625369	-0.7266594291811875
-0.3052722914332664	-0.7236429389907483
-0.3124933367292451	-0.7205540851094437
-0.319683132951961	-0.7173931764200882
-0.32684096112778377	-0.714160529010916
-0.3339661054798602	-0.7108564661439746
-0.34105785349969264	-0.7074813182227974
-0.348115496018389	-0.7040354227593637
-0.35513832727757905	-0.700519124340348
-0.36212564499998867	-0.6969327745926626
-0.369076750459669	-0.6932767321482931
-0.37599094855186627	-0.6895513626084374
-0.3828675478625328	-0.6857570385069452
-0.38970586073746827	-0.6818941392730647
-0.3965052033510842	-0.6779630511935
-0.40326489577478447	-0.6739641673737833
-0.40998426204496063	-0.6698978876989641
-0.4166626302305844	-0.6657646187936215
-0.4232993325004031	-0.6615647739812014
-0.4298937051897197	-0.6572987732426854
-0.4364450888667609	-0.6529670431745924
-0.4429528283986188	-0.6485700169463191
-0.44941627301676296	-0.6441081342568243
-0.45583477638211733	-0.6395818412906592
-0.46220769664969497	-0.6349915906733478
-0.46853439653277906	-0.630337841426127
-0.474814243366654	-0.6256210589200436
-0.4810466091718697	-0.6208417148294171
-0.48723087071703913	-0.6160002870846739
-0.4933664095811609	-0.6110972598245544
-0.4994526122154621	-0.6061331233476984
-0.5054888700047504	-0.6011083740636172
-0.511474579328278	-0.596023514443051
-0.5174091416201002	-0.5908790529677254
-0.5232919634289329	-0.5856755040795005
-0.5291224564774983	-0.580413388128929
-0.5349000377213499	-0.5750932313232207
-0.5406241294071775	-0.569715565673623
-0.546294159130583	-0.5642809289422195
-0.5519095598933192	-0.5587898645881539
-0.5574697701599892	-0.5532429217132866
-0.5629742339141999	-0.5476406550072818
-0.5684224007141628	-0.5419836246921419
-0.5738137257477376	-0.536272396466185
-0.5791476698869146	-0.5305075414474729
-0.5844236997417243	-0.5246896361167044
-0.5896412877135778	-0.5188192622595643
-0.5947999120480263	-0.5128970069085461
-0.5998990568869346	-0.5069234622842499
-0.6049382123200686	-0.5008992257361599
-0.609916874436084	-0.49482489968291105
-0.6148345453729182	-0.4887010915520467
-0.6196907333675756	-0.4825284137192764
-0.6244849528053036	-0.47630748344723983
-0.6292167242681531	-0.4700389228237804
-0.6338855745829214	-0.46372335869973647
-0.6384910368684678	-0.45736142262625706
-0.6430326505824012	-0.45095375079164857
-0.6475099615671355	-0.44450098395775417
-0.6519225220953028	-0.4380037673958802
-0.6562698909145274	-0.43146275082226887
-0.6605516332915503	-0.4248785883331262
-0.6647673210557017	-0.41825193833921503
-0.6689165326417187	-0.41158346350001146
-0.6729988531319002	-0.40487383065744303
-0.6770138742975988	-0.39812371076920283
-0.6809611946400442	-0.39133377884165416
-0.6848404194304912	-0.3845047138623319
-0.6886511607496936	-0.37763719873204304
-0.6923930375266952	-0.3707319201965772
-0.6960656755769364	-0.363789568778034
-0.6996687076396726	-0.35681083870577024
-0.7032017734147004	-0.34979642784697695
-0.706664519598386	-0.342747037636895
-0.7100565999189967	-0.3356633730086716
-0.7133776751713278	-0.3285461423228653
-0.716627413250621	-0.32139605729661413
-0.7198054891857766	-0.31421383293246286
-0.7229115851718496	-0.30700018744686197
-0.7259453906018297	-0.2997558421983494
-0.7289066020977021	-0.2924815216154127
-0.7317949235407849	-0.2851779531240479
-0.7346100661013406	-0.2778458670750185
-0.7373517482674593	-0.27048599667081874
-0.740019695873209	-0.26309907789235615
-0.7426136421260523	-0.25568584942535316
-0.7451333276335256	-0.24824705258647844
-0.7475785004291782	-0.2407834312492166
-0.7499489159977676	-0.2332957317694824
-0.7522443372997126	-0.22578470291098332
-0.7544645347947959	-0.21825109577034646
-0.756609286465118	-0.21069566370200823
-0.7586783778372993	-0.20311916224287893
-0.7606716020039267	-0.1955223490367904
-0.7625887596442447	-0.18790598375873327
-0.7644296590440868	-0.18027082803888772
-0.7661941161150468	-0.17261764538646382
-0.7678819544128885	-0.16494720111334849
-0.7694930051551884	-0.1572602622575777
-0.7710271072382148	-0.14955759750663095
-0.7724841072530377	-0.1418399771205641
-0.7738638595008701	-0.13410817285498478
-0.7751662260076366	-0.12636295788387675
-0.7763910765377722	-0.1186051067222821
-0.7775382886072444	-0.11083539514885281
-0.7786077474958023	-0.10305460012827117
-0.7795993462584482	-0.09526349973355491
-0.7805129857361323	-0.08746287306825128
-0.781348574565668	-0.07965350018852665
-0.7821060291888688	-0.07183616202516051
-0.7827852738609036	-0.06401164030545582
-0.7833862406578712	-0.05618071747506276
-0.7839088694835927	-0.04834417661973928
-0.784353108075621	-0.04050280138704087
-0.7847189120104672	-0.03265737590795562
-0.7850062447080426	-0.02480868471849397
-0.7852150774353168	-0.016957512681235003
-0.7853453893091913	-0.009104644906838426
-0.7853971672985871	-0.0012508666755383444
-0.7853704062257486	0.006603036641386557
-0.7852651087667606	0.01445627966015018
-0.7850812854512814	0.02230807706299465
-0.7848189546614892	0.03015764367672212
-0.7844781426302445	0.038004194551213906
-0.7840588834384665	0.045846945037920625
-0.7835612190117248	0.05368511086832886
-0.7829851991160474	0.06151790823238806
-0.7823308813529439	0.06934455385688842
-0.7815983311536453	0.07716426508379004
-0.7807876217725612	0.08497625994848695
-0.779898834279954	0.092779757258002
-0.7789320575538322	0.10057397666910779
-0.7778873882710631	0.10835813876635803
-0.776764930897704	0.11613146514002945
-0.7755647976785572	0.12389317846396276
-0.7742871086259445	0.131642502573294
-0.7729319915077062	0.13937866254206926
-0.7714995818344249	0.14710088476073915
-0.7699900228458745	0.15480839701351667
-0.7684034654966957	0.16250042855559904
-0.7667400684413013	0.17017621019024243
-0.7649999980180107	0.17783497434567982
-0.763183428232416	0.18547595515187829
-0.7612905407399823	0.19309838851712438
-0.7593215248278813	0.2007015122044332
-0.7572765773960631	0.20828456590777258
-0.7551559029375672	0.21584679132809081
-0.7529597135180721	0.22338743224914792
-0.7506882287546893	0.23090573461313602
-0.7483416757940027	0.2384009465960836
-0.7459202892893526	0.24587231868303802
-0.7434243113773716	0.2533191037430174
-0.7408539916537713	0.26074055710372074
-0.7382095871483818	0.2681359366259968
-0.73549136229945	0.2755045027780563
-0.7326995889271957	0.2828455187094245
-0.7298345462066297	0.29015825032462517
-0.7268965206396363	0.2974419663565914
-0.7238858060263242	0.30469593843978915
-0.7208027034356456	0.31191944118305537
-0.7176475211752903	0.3191117522421356
-0.7144205747608552	0.32627215239191687
-0.7111221868842923	0.3333999255983518
-0.7077526873816409	0.3404943590900593
-0.7043124132000435	0.34755474342960146
-0.7008017083640509	0.3545803725844293
-0.6972209239412213	0.36157054399748134
-0.6935704180070132	0.36852455865744116
-0.6898505556089778	0.3754417211686382
-0.686061708730255	0.3823213398205855
-0.6822042562523755	0.3891627266571505
-0.6782785839173724	0.395965197545351
-0.6742850842892079	0.4027280722437669
-0.6702241567145166	0.4094506744705642
-0.6660962072826722	0.4161323319711223
-0.6619016487851779	0.4227723765852588
-0.6576409006743881	0.42937014431404585
-0.6533143890215628	0.43592497538620906
-0.6489225464742624	0.4424362143241029
-0.6444658122130815	0.4489032100092603
-0.6399446319077324	0.4553253157475013
-0.6353594576724776	0.46170188933360456
-0.6307107480209203	0.4680322931155242
-0.6259989678201519	0.4743158940581576
-0.6212245882442647	0.4805520638066479
-0.616388086727239	0.4867401787492158
-0.6114899469151956	0.49287962007952413
-0.6065306586180336	0.4989697738585568
-0.6015107177604508	0.5050100310760096
-0.5964306263323491	0.5109997877111953
-0.5912908923386375	0.5169384447934421
-0.5860920297484334	0.5228254084619897
-0.5808345584436628	0.5286600900253774
-0.5755190041670746	0.5344419060203117
-0.5701458984696676	0.5401702782700103
-0.5647157786575339	0.545844633942022
-0.5592291877381291	0.5514644056055088
-0.553686674365973	0.5570290312879876
-0.5480887927877846	0.5625379545315266
-0.5424361027870567	0.5679906244483923
-0.5367291696280783	0.5733864957761374
-0.5309685639994102	0.5787250289321253
-0.5251548619568144	0.584005690067489
-0.5192886448656501	0.5892279511205163
-0.5133704993427388	0.5943912898694528
-0.5074010171977006	0.5994951899847267
-0.5013807953737748	0.6045391410805803
-0.4953104358881281	0.6095226387661064
-0.48919054577165005	0.6144451846956897
-0.4830217370082516	0.6193062866188397
-0.47680462647367017	0.6241054584294138
-0.47053983587377674	0.6288422202142315
-0.4642279916824106	0.6335160983010618
-0.4578697250787322	0.6381266253059898
-0.45146567188410264	0.6426733401801576
-0.4450164724985043	0.6471557882558673
-0.43852277183650246	0.6515735212920455
-0.43198521926275146	0.6559260975190706
-0.42540446852706004	0.6602130816829476
-0.41878117769901907	0.6644340450888316
-0.4121160091021914	0.6685885656438998
-0.4054096292478823	0.672676227899559
-0.39866270876848864	0.67669662309299
-0.391875922350436	0.6806493491880234
-0.38504994866670983	0.6845340109153445
-0.3781854703089915	0.6883502198120167
-0.3712831737193958	0.692097594260331
-0.3643437491218298	0.6957757595259654
-0.35736789045296974	0.6993843477954587
-0.3503562952928706	0.7029229982129904
-0.34330966479520475	0.706391356916468
-0.33622870361714924	0.7097890770729118
-0.32911411984892225	0.7131158189131371
-0.32196662494297124	0.7163712497657322
-0.31478693364283056	0.7195550440903247
-0.30757576391164715	0.7226668835101354
-0.3003338368603849	0.7257064568438154
-0.2930618766757133	0.7286734601365648
-0.28576061054759216	0.7315675966905261
-0.27843076859654936	0.7343885770944559
-0.27107308380067113	0.7371361192526651
-0.2636882919223069	0.7398099484132267
-0.25627713143449	0.7424097971954532
-0.24884034344709258	0.7449354056166332
-0.24137867163271734	0.7473865211180288
-0.23389286215232705	0.7497628985901326
-0.22638366358063158	0.7520643003971776
-0.2188518268312305	0.7542904964009012
-0.21129810508152222	0.756441263983558
-0.20372325369738623	0.7585163880701822
-0.19612803015765004	0.7605156611500942
-0.18851319397833755	0.762438883297652
-0.18087950663672037	0.7642858621922438
-0.17322773149517257	0.766056413137519
-0.16555863372483123	0.7677503590798587
-0.15787298022908183	0.7693675306260804
-0.15017153956687057	0.7709077660603768
-0.14245508187584513	0.7723709113604882
-0.134724378795345	0.7737568202131037
-0.12698020338923388	0.7750653540284933
-0.11922333006860099	0.7762963819543657
-0.11145453451431371	0.7774497808889539
-0.10367459359945276	0.7785254354933262
-0.09588428531162779	0.779523238202918
-0.08808438867517494	0.7804430892382901
-0.0802756836732573	0.7812848966151055
-0.07245895116986921	0.7820485761533278
-0.06463497283174638	0.7827340514856399
-0.05680453105020199	0.7833412540650796
-0.04896840886289022	0.783870123171895
-0.041127389875499035	0.784320605919616
-0.03328225818339301	0.7846926572603434
-0.02543379829320377	0.7849862399892533
-0.01758279504437997	0.7852013247483172
-0.009730033530703317	0.7853378900292384
-0.0018762990217826233	0.785395922175603
0.005977623115476671	0.7853754153842443
0.013830947495406452	0.7852763717058244
0.021682888792111745	0.7850988010446289
0.02953266181800684	0.7848427211575757
0.03737948160233131	0.7845081576524402
0.0452225634696443	0.784095143985294
0.05306112311829499	0.7836037214571597
0.06089437669885268	0.7830339392098806
0.06872154089248494	0.7823858542212068
0.0765418329892957	0.7816595312990968
0.0843544709665929	0.7808550430752376
0.09215867356708789	0.7799724699977812
0.09995366037702481	0.7790119003233001
0.10773865190421847	0.777973430107961
0.1155128696560043	0.7768571631979201
0.12327553621708426	0.7756632112189383
0.13102587532727178	0.7743916935652184
0.13876311195911512	0.7730427373874661
0.1464864723953974	0.7716164775801755
0.15419518430651108	0.7701130567681383
0.16188847682769109	0.768532625292183
0.16956558063609423	0.7668753411941402
0.17722572802773795	0.7651413702010388
0.1848681529942672	0.7633308857085328
0.1924920912995526	0.761444068763563
0.20009678055611763	0.7594811080462514
0.20768146030137447	0.7574421998510338
0.21524537207366776	0.7553275480670311
0.22278775948812424	0.7531373641576592
0.23030786831228844	0.7508718671394837
0.23780494654154272	0.7485312835603191
0.24527824447431357	0.7461158474765723
0.2527270147870355	0.7436258004298388
0.2601505126088832	0.7410613914227485
0.26754799559626147	0.7384228768940652
0.2749187240070366	0.7357105206930424
0.2822619607745086	0.7329245940530408
0.28957697158112067	0.7300653755644022
0.2968630249318886	0.7271331511465928
0.3041193922275477	0.7241282140196112
0.311345347837416	0.7210508646746658
0.3185401691719548	0.7179014108441264
0.3257031367550251	0.7146801674707521
0.3328335342958376	0.7113874566761959
0.3399306487605815	0.7080236077287926
0.3469937704437246	0.7045889570106337
0.35402219303898314	0.7010838479839296
0.3610152137099553	0.6975086311566618
0.36797213316040217	0.6938636640475333
0.3748922557041747	0.690149311150218
0.3817748893347861	0.6863659438969103
0.38861934579460927	0.6825139406211823
0.3954249406437007	0.6785936865201523
0.4021909933282475	0.674605573615963
0.40891682724861944	0.6705500007165816
0.41560176982702945	0.6664273733759183
0.4222451525747905	0.6622381038532718
0.42884631115916433	0.6579826110721028
0.43540458546979244	0.653661320578144
0.44191931968470954	0.6492746644968432
0.44838986233592354	0.6448230814901529
0.4548155663745604	0.6403070167126647
0.46119578923557153	0.6357269217670927
0.46752989290198815	0.6310832546591142
0.47381724396872105	0.6263764797515712
0.48005721370590343	0.6216070677180316
0.48624917812176205	0.616775495495724
0.49239251802501377	0.6118822462378455
0.49848661908678915	0.606927809265243
0.5045308719020607	0.601912680017485
0.5105246720505824	0.596837360003318
0.5164674201573348	0.5917023567505134
0.5223585219524601	0.5865081837551169
0.5281973883306871	0.5812553604301007
0.5339834354102438	0.5759444120534193
0.5397160845912444	0.5705758697154845
0.5453947626135481	0.5651502702660561
0.5510189016140843	0.5596681562605585
0.5565879391836398	0.5541300759058235
0.5621013184230987	0.5485365830052714
0.5675584879991316	0.542888236903531
0.5729589021993283	0.5371856024305057
0.5783020209867697	0.5314292498448902
0.5835873100540289	0.5256197547771466
0.5888142408766035	0.5197576981719405
0.593982290765768	0.5138436662300465
0.5990909429208391	0.5078782503497318
0.6041396864808588	0.5018620470676125
0.6091280165756789	0.4957956579990029
0.6140554343764462	0.48967968977775567
0.6189214471454868	0.48351475399559557
0.623725568285579	0.4773014671409636
0.6284673173886123	0.47104045053736754
0.6331462202836277	0.46473233028125
0.6377618090842353	0.4583777371793795
0.6423136222354003	0.45197730668577185
0.6468012045596016	0.445531678838142
0.6512241073023464	0.439041498193903
0.6555818881770455	0.43250741376571183
0.6598741114092433	0.4259300789565658
0.6641003477801939	0.41931015149446405
0.6682601746697812	0.4126482933666374
0.6723531760987831	0.40594517075334646
0.6763789427704676	0.39920145396126683
0.6803370721115223	0.3924178173564577
0.6842271683123115	0.38559493929692673
0.6880488423664572	0.37873350206479356
0.6918017121097381	0.3718341917980647
0.6954854022583075	0.3648976984220168
0.6990995444462204	0.3579247155802071
0.7026437772622698	0.3509159405651084
0.7061177462861273	0.34387207424838273
0.7095211041237857	0.33679382101079136
0.7128535104422975	0.3296818886717589
0.7161146320038076	0.32253698841859385
0.7193041426988771	0.3153598347353675
0.7224217235790955	0.3081511453314653
0.7254670628889718	0.3009116410698224
0.7284398560971129	0.29364204589483134
0.7313398059266759	0.28634308675995107
0.7341666223850938	0.2790154935550139
0.7369200227930766	0.2716599990332334
0.7395997318128783	0.26427733873793147
0.7422054814758295	0.25686825092898674
0.7447370112091357	0.24943347650900533
0.7471940678619333	0.24197375894923287
0.7495764057306041	0.23448984421521027
0.7518837865833469	0.22698248069217372
0.7541159796839989	0.2194524191102194
0.7562727618151105	0.21190041246923044
0.7583539173002658	0.20432721596357767
0.7603592380256506	0.19673358690659998
0.7622885234608635	0.18912028465487637
0.7641415806789684	0.18148807053228702
0.7659182243757883	0.17383770775388332
0.7676182768884334	0.16616996134956918
0.7692415682130693	0.15848559808759458
0.7707879360219168	0.15078538639788144
0.772257225679483	0.14307009629518325
0.7736492902580266	0.13534049930208095
0.7749639905522502	0.12759736837183108
0.7762011950932198	0.11984147781107414
0.7773607801615122	0.11207360320240435
0.778442629799587	0.10429452132680868
0.7794466358233818	0.09650501008599145
0.780372697833131	0.0887058484245869
0.7812207232234052	0.08089781625226117
0.7819906271923723	0.07308169436572413
0.7826823327502768	0.06525826437065244
0.7832957707271393	0.05742830860352538
0.7838308797796734	0.04959261005339404
0.7842876063974198	0.041751952283585095
0.7846659049080973	0.03390711935334167
0.78496573748217	0.02605889573941735
0.7851870741366305	0.018208066257635457
0.7853298927379976	0.010355415984401144
0.7853941790045305	0.0025017301781971764
0.7853799265076556	-0.005352205798939145
0.7852871366726113	-0.013205606559955731
0.7851158187783034	-0.02105768677132165
0.7848659899563787	-0.02890766123155776
0.7845376751895111	-0.036754744949760346
0.7841309073089039	-0.044598153224097506
0.783645726991006	-0.05243710172027587
0.7830821827534449	-0.06027080654998034
0.7824403309501747	-0.06809848434925601
0.781720235765841	-0.07591935235684462
0.7809219692093621	-0.08373262849246343
0.7800456111067283	-0.09153753143501067
0.7790912490930199	-0.09933328070069473
0.7780589786036425	-0.10711909672108619
0.7769489028647851	-0.11489420092107114
0.7757611328830964	-0.12265781579670954
0.7744957874345851	-0.13040916499298208
0.7731529930527412	-0.13814747338142927
0.771732884015884	-0.14587196713766148
0.770235602333734	-0.15358187381873817
0.7686612977332115	-0.1612764224404181
0.7670101276434642	-0.16895484355425125
0.7652822571801259	-0.17661636932452354
0.7634778591288026	-0.1842602336050432
0.7615971139277957	-0.1918856720157527
0.7596402096500583	-0.19949192201916413
0.7576073419843873	-0.2070782229966164
0.7554987142158551	-0.21464381632433427
0.7533145372054816	-0.22218794544928827
0.7510550293691476	-0.22970985596485338
0.7487204166557538	-0.2372087956862462
0.746310932524626	-0.24468401472574378
0.7438268179221694	-0.2521347655676714
0.7412683212577741	-0.25956030314315454
0.7386356983789747	-0.26695988490462225
0.7359292125458651	-0.2743327709000653
0.733149134404773	-0.28167822384702895
0.7302957419611963	-0.28899550920633826
0.7273693205520011	-0.2962838952555557
0.7243701628168896	-0.3035426531621507
0.7212985686691364	-0.3107710570563802
0.7181548452655966	-0.31796838410387906
0.7149393069759902	-0.32513391457794094
0.7116522753514675	-0.3322669319314878
0.708294079092451	-0.3393667228687303
0.7048650540157684	-0.34643257741649064
0.7013655430210695	-0.3534637889952028
0.6977958960565381	-0.36045965448956696
0.6941564700838956	-0.36741947431886424
0.6904476290427064	-0.37434255250691206
0.6866697438139842	-0.3812281967516597
0.6828231921831035	-0.3880757184944213
0.6789083588020216	-0.39488443298872944
0.6749256351508149	-0.4016536593688073
0.6708754194985294	-0.4083827207176586
0.666758116863355	-0.4150709441347559
0.662574138972124	-0.421717660803331
0.6583239042191391	-0.42832220605725607
0.6540078376243336	-0.4348839194475099
0.6496263707907705	-0.4414021448082205
0.645179941861482	-0.4478762303222842
0.6406689954756548	-0.45430552858654516
0.6360939827241698	-0.4606893966765335
0.6314553611044889	-0.46702719621076083
0.6267535944749081	-0.4733182934145556
0.6219891530081731	-0.479562059183439
0.6171625131444599	-0.4857578691460378
0.6122741575437327	-0.49190510372651886
0.6073245750374778	-0.4980031482065468
0.6023142605798214	-0.5040513927867554
0.5972437151980333	-0.5100492326477272
0.5921134459424273	-0.5159960680104733
0.5869239658356534	-0.5218913041964136
0.5816757938213971	-0.5277343516868429
0.5763694547124874	-0.53352462618188
0.5710054791384126	-0.5392615486589014
0.5655844034922604	-0.54494454543044
0.5601067698770771	-0.5505730482015551
0.5545731260516608	-0.5561464941266587
0.548984025375782	-0.5616643258658036
0.5433400267548507	-0.567125991640414
0.5376416945840259	-0.5725309452884637
0.531889598691776	-0.5778786463190921
0.5260843142828961	-0.5831685599666531
0.5202264218809907	-0.588400157244189
0.5143165072704177	-0.5935729149963325
0.5083551614377129	-0.598686315951619
0.5023429805124925	-0.6037398487742137
0.4962805657078388	-0.6087330081150458
0.49016852326017957	-0.6136652946623425
0.48400746436866715	-0.6185362151915588
0.4777980051340566	-0.6233452826147006
0.47154076649709536	-0.6280920160290343
0.46523637417643415	-0.6327759407651731
0.4588854586060511	-0.6373965884345468
0.4524886548722101	-0.6419534969762396
0.44604660264995505	-0.6464462107031937
0.43955994613913935	-0.6508742803477809
0.4330293340000078	-0.6552372631067273
0.42645541928833347	-0.6595347226853917
0.4198388593901086	-0.6637662293413981
0.4131803159558087	-0.6679313599276073
0.4064804548342296	-0.672029697934431
0.3997399460058996	-0.6760608335314843
0.3929594635160846	-0.6800243636085664
0.3861396854073831	-0.6839198918159729
0.37928129365192287	-0.6877470286041291
0.37238497408316407	-0.6915053912625454
0.3654514163273162	-0.6951946039580884
0.358481313734378	-0.6988142977725622
0.3514753633087998	-0.7023641107396021
0.3444342656397853	-0.7058436878808697
0.337358724831235	-0.7092526812415502
0.3302494484313329	-0.7125907499251483
0.323107147361794	-0.7158575601275778
0.3159325358467753	-0.71905278517054
0.30872633134144745	-0.7221761055341943
0.301489254460256	-0.7252272088891066
0.29422202890485927	-0.7282057901274838
0.28692538139175633	-0.7311115513936844
0.2796000415796172	-0.7339442021140035
0.27224674199632004	-0.7367034590257291
0.2648662179656941	-0.7393890462054697
0.25745920753399404	-0.7420006950967449
0.25002645139608787	-0.7445381445368427
0.2425686928213968	-0.7470011407829333
0.2350866775795648	-0.7493894375374439
0.22758115386587843	-0.7517027959726904
0.22005287222645645	-0.7539409847547562
0.21250258548318932	-0.7561037800666286
0.2049310486584574	-0.758190965630579
0.19733901889963493	-0.76020233272979
0.1897272554033725	-0.7621376802292276
0.18209651933967388	-0.7639968145957551
0.17444757377578793	-0.7657795499174851
0.1667811835998982	-0.7674857079223704
0.15909811544463098	-0.7691151179960329
0.15139913761040064	-0.7706676171988232
0.14368501998857616	-0.772143050282114
0.13595653398448923	-0.7735412697038273
0.12821445244029991	-0.7748621356431858
0.12045954955771297	-0.7761055160146961
0.11269260082055149	-0.7772712864813576
0.10491438291721815	-0.7783593304670948
0.09712567366302281	-0.7793695391684158
0.0893272519223976	-0.7803018115652925
0.08151989753101926	-0.7811560544312621
0.07370439121782224	-0.7819321823427496
0.06588151452692217	-0.782630117687611
0.05805204973947048	-0.7832497906728931
0.050216779795422786	-0.7837911393318139
0.04237648821524133	-0.7842541095299587
0.03453195902155268	-0.7846386549706933
0.026683976660739097	-0.7849447371997942
0.01883332592449462	-0.7851723256092936
0.010980791871353476	-0.7853213974405402
0.0031271597481744313	-0.7853919377864751
-0.004726785088373473	-0.7853839395931222
-0.012580257250350118	-0.7852974036602948
-0.02043247139708664	-0.7851323386415134
-0.028282642313710454	-0.7848887610431428
-0.03612998498967029	-0.7845666952227395
-0.043973714697240776	-0.7841661733866174
-0.05181304706998548	-0.7836872355866263
-0.05964719818120058	-0.783129929716147
-0.06747538462230339	-0.7824943115053024
-0.07529682358117397	-0.7817804445153834
-0.08311073292043218	-0.7809884001324946
-0.09091633125565847	-0.7801182575604139
-0.09871283803352253	-0.7791701038126736
-0.10649947360984229	-0.7781440337038583
-0.1142754593275517	-0.7770401498401237
-0.1220400175945569	-0.7758585626089365
-0.1297923719615023	-0.7745993901680351
-0.13753174719941152	-0.7732627584336143
-0.1452573693772116	-0.7718488010677332
-0.15296846593911861	-0.770357659464951
-0.16066426578190773	-0.7687894827381846
-0.16834399933200375	-0.7671444277038003
-0.17600689862245275	-0.7654226588659304
-0.18365219736971145	-0.7636243484000241
-0.1912791310502775	-0.7617496761356289
-0.19888693697713455	-0.7597988295384102
-0.20647485437603383	-0.7577720036914009
-0.21404212446155865	-0.7556694012754965
-0.2215879905130025	-0.7534912325491879
-0.2291116979500537	-0.7512377153275308
-0.23661249440823437	-0.7489090749603707
-0.24408962981415067	-0.7465055443098033
-0.2515423564604929	-0.7440273637268909
-0.2589699290808083	-0.741474781027626
-0.2663716049240205	-0.7388480514681529
-0.2737466438287186	-0.7361474377192367
-0.2810943082971539	-0.7333732098400032
-0.28841386356900406	-0.730525645250928
-0.2957045776948413	-0.7276050287060971
-0.3029657216093288	-0.7246116522647311
-0.31019656920412586	-0.7215458152619796
-0.3173963974004989	-0.7184078242789881
-0.3245644862216292	-0.7151979931122393
-0.3317001188646043	-0.7119166427421768
-0.33880258177211137	-0.7085641013011008
-0.34587116470377444	-0.7051407040403634
-0.35290516080719225	-0.7016467932968373
-0.3599038666886159	-0.6980827184586851
-0.3668665824832896	-0.6944488359304208
-0.3737926119254361	-0.690745509097269
-0.38068126241788286	-0.6869731082888266
-0.38753184510132244	-0.6831320107420303
-0.39434367492319156	-0.6792226005634362
-0.4011160707061894	-0.6752452686908011
-0.40784835521637763	-0.6712004128540002
-0.4145398552309168	-0.6670884375352457
-0.4211899016053816	-0.6629097539286429
-0.42779782934067745	-0.6586647798990694
-0.4343629776495338	-0.6543539399403929
-0.44088469002259556	-0.6499776651330141
-0.44736231429405543	-0.6455363931007698
-0.4537952027068878	-0.6410305679671598
-0.46018271197761185	-0.6364606403109426
-0.46652420336062034	-0.6318270671210782
-0.4728190427120638	-0.6271303117510207
-0.47906660055324957	-0.6223708438723958
-0.4852662521336008	-0.6175491394280244
-0.49141737749312586	-0.6126656805843327
-0.4975193615244159	-0.6077209556831346
-0.5035715940341493	-0.6027154591928026
-0.5095734698041231	-0.5976496916588105
-0.5155243886517585	-0.5925241596536934
-0.5214237554901311	-0.5873393757263792
-0.5272709803874729	-0.5820958583509405
-0.5330654786261669	-0.5767941318747447
-0.5388066707612182	-0.5714347264660217
-0.5444939826781974	-0.5660181780608462
-0.5501268456506532	-0.5605450283095438
-0.5557046963969795	-0.5550158245225316
-0.5612269771367537	-0.549431119615577
-0.566693135646501	-0.5437914720545195
-0.5721026253149263	-0.5380974457994147
-0.5774549051975706	-0.5323496102481428
-0.582749440070907	-0.5265485401794684
-0.5879857004858573	-0.5206948156955671
-0.5931631628207473	-0.514789022164005
-0.5982813093336553	-0.5088317501592171
-0.6033396282141952	-0.5028235954034392
-0.6083376136346967	-0.4967651587071372
-0.6132747658007803	-0.49065704590893516
-0.6181505910013444	-0.4844998678150217
-0.6229646016579321	-0.47829424013807526
-0.6277163163734903	-0.4720407834356911
-0.6324052599805047	-0.4657401230483317
-0.6370309635885253	-0.4593928890367806
-0.6415929646310435	-0.4529997161191531
-0.6460908069117578	-0.4465612436074122
-0.6505240406501881	-0.4400781153434437
-0.6548922225266548	-0.4335509796346715
-0.6591949157266107	-0.4269804891892269
-0.6634316899843211	-0.42036730105067943
-0.6676021216258917	-0.41371207653233055
-0.6717057936116316	-0.40701548115108976
-0.6757422955777647	-0.4002781845609099
-0.679711223877456	-0.39350086048583915
-0.6836121816211835	-0.38668418665263615
-0.687444778716424	-0.37982884472300366
-0.6912086319066623	-0.3729355202254206
-0.6949033648097138	-0.366004902486596
-0.6985286079553692	-0.3590376845625246
-0.7020839988223351	-0.3520345631691928
-0.7055691818744853	-0.3449962386129077
-0.7089838085964217	-0.3379234147202547
-0.7123275375283159	-0.3308167987677329
-0.7156000343000614	-0.323677101411014
-0.7188009716647084	-0.31650503661388407
-0.7219300295311881	-0.30930132157684476
-0.7249868949963201	-0.3020666766654006
-0.7279712623761072	-0.29480182533800864
-0.7308828332362969	-0.28750749407375165
-0.7337213164222299	-0.280184412299676
-0.7364864280879531	-0.2728333123178566
-0.7391778917246038	-0.2654549292321671
-0.7417954381880624	-0.2580500008747635
-0.7443388057258625	-0.25061926773231463
-0.7468077400033702	-0.2431634728719412
-0.7492019941292155	-0.23568336186691619
-0.7515213286799811	-0.22817968272210526
-0.7537655117241436	-0.2206531857991739
-0.7559343188452703	-0.21310462374153702
-0.7580275331644553	-0.20553475139911387
-0.7600449453620113	-0.19794432575282922
-0.7619863536983997	-0.19033410583892235
-0.7638515640344052	-0.18270485267304146
-0.7656403898505475	-0.1750573291741495
-0.7673526522657366	-0.1673923000882194
-0.7689881800551577	-0.15971053191177226
-0.7705468096673941	-0.1520127928152283
-0.7720283852407845	-0.14429985256607702
-0.7734327586190055	-0.13657248245191994
-0.7747597893658897	-0.12883145520332773
-0.7760093447794684	-0.12107754491657433
-0.7771812999052415	-0.11331152697622554
-0.7782755375486727	-0.10553417797760785
-0.7792919482869102	-0.09774627564913448
-0.7802304304797266	-0.08994859877455254
-0.7810908902796848	-0.08214192711505006
-0.781873241641522	-0.07432704133128745
-0.782577406330754	-0.0665047229053307
-0.7832033139314986	-0.058675754062503846
-0.7837509018535171	-0.050840917693167044
-0.7842201153384741	-0.04300099727442682
-0.7846109074654116	-0.035156776791795984
-0.784923239155443	-0.0273090406607804
-0.7851570791756592	-0.01945857364845758
-0.7853124041422533	-0.011606160794985346
-0.785389198522858	-0.00375258733510538
-0.7853874546380992	0.004101361380380951
-0.785307172662364	0.011954899963147034
-0.785148360623783	0.019807243065879183
-0.7849110344034278	0.027657605460812123
-0.7845952177337225	0.03550520211824412
-0.7842009421960711	0.043349248285054647
-0.7837282472176985	0.05118895956315953
-0.7831771800677091	0.05902355198796542
-0.7825477958523583	0.06685224210675865
-0.781840157509543	0.07467424705705261
-0.7810543358025085	0.0824887846448664
-0.7801904093127698	0.09029507342295894
-0.7792484644322565	0.0980923327689534
-0.7782285953546717	0.10587978296341295
-0.7771309040660729	0.11365664526781176
-0.7759555003346743	0.12142214200239598
-0.77470250169987	0.12917549662396474
-0.7733720334604788	0.136915933803517
-0.7719642286622158	0.14464267950378648
-0.7704792280843885	0.152354961056638
-0.7689171802258161	0.16005200724034868
-0.7672782412899837	0.16773304835671016
-0.7655625751694185	0.17539731630801306
-0.7637703534293033	0.18304404467384908
-0.7619017552903179	0.1906724687877553
-0.7599569676107201	0.19828182581367318
-0.7579361848676562	0.20587135482224542
-0.7558396091377171	0.21344029686689428
-0.7536674500767283	0.22098789505972277
-0.7514199248987856	0.22851339464720258
-0.7490972583545351	0.23601604308564225
-0.7466996827086939	0.24349509011645534
-0.74422743771683	0.2509497878411674
-0.7416807706013817	0.25837939079621947
-0.7390599360269385	0.2657831560275073
-0.7363651960747736	0.27316034316467896
-0.7335968202166376	0.2805102144951644
-0.7307550852878076	0.2878320350379606
-0.72784027545941	0.295125072617111
-0.7248526822099984	0.30238859793493517
-0.7217926042964068	0.30962188464495805
-0.7186603477238778	0.3168242094245325
-0.715456225715458	0.3239948520471838
-0.7121805586806782	0.33113309545462516
-0.7088336741835116	0.33823822582846574
-0.7054159069096205	0.34530953266158515
-0.7019275986328821	0.3523463088291979
-0.6983690981812185	0.3593478506595474
-0.6947407614017093	0.3663134580042865
-0.6910429511250085	0.3732424343084854
-0.6872760371290624	0.38013408668028775
-0.6834403961021316	0.3869877259601994
-0.6795364116051222	0.39380266679000375
-0.6755644740332302	0.40057822768129814
-0.6715249805769048	0.407313731083636
-0.6674183351821225	0.4140085034522949
-0.6632449485100028	0.42066187531561333
-0.6590052378957344	0.4272731813419506
-0.6546996273068456	0.4338417604062135
-0.6503285473008066	0.44036695565597045
-0.6458924349819777	0.4468481145771308
-0.6413917339578917	0.4532845890592067
-0.6368268942949005	0.45967573546011375
-0.6321983724731687	0.4660209146705344
-0.6275066313410181	0.4723194921778397
-0.6227521400686548	0.47857083812952433
-0.6179353741012429	0.48477432739620374
-0.6130568151113654	0.49092933963412083
-0.6081169509508549	0.49703525934718196
-0.6031162756020134	0.5030914759485009
-0.5980552891282053	0.5090973838214686
-0.5929344976238627	0.5150523823802996
-0.5877544131638684	0.5209558761301013
-0.5825155537523514	0.5268072747264185
-0.5772184432708872	0.5326059930342677
-0.5718636114261096	0.5383514511866503
-0.5664515936967409	0.5440430746425389
-0.5609829312800431	0.5496802942443321
-0.5554581710377031	0.5552625462747641
-0.5498778654411378	0.5607892725132879
-0.5442425725162595	0.5662599202918822
-0.5385528557876635	0.5716739425503291
-0.5328092842222812	0.5770307978909143
-0.527012432172482	0.5823299506325688
-0.5211628793186431	0.5875708708644314
-0.5152612106111712	0.5927530344988501
-0.5093080162120223	0.5978759233237774
-0.5033038914356751	0.6029390250545996
-0.4972494366896006	0.6079418333853657
-0.4911452574142326	0.612883848039408
-0.48499196402240724	0.6177645748193829
-0.47879017183833944	0.6225835256566771
-0.47254050103607825	0.6273402186602235
-0.4662435765774958	0.6320341781646857
-0.45990002814978964	0.6366649347780255
-0.4535104901025195	0.6412320254284385
-0.4470756013841609	0.6457349934106682
-0.4405960054782268	0.6501733884316669
-0.434072350338907	0.6545467666556317
-0.42750528832627915	0.6588546907483849
-0.42089547614107176	0.6630967299211069
-0.41424357475899537	0.6672724599734156
-0.4075502493646449	0.6713814633357854
-0.40081616928498087	0.6754233291113051
-0.3940420079224031	0.6793976531167631
-0.387228442687398	0.6833040379230737
-0.38037615493081456	0.6871420928950095
-0.37348582987571716	0.6909114342302721
-0.3665581565488693	0.6946116849978695
-0.35959382771183074	0.6982424751758082
-0.35259353979168145	0.701803441688096
-0.34555799281138	0.7052942284410494
-0.3384878903197601	0.7087144863589024
-0.33138393932118315	0.7120638734187119
-0.3242468502048239	0.7153420546845651
-0.31707733667365023	0.7185487023410658
-0.30987611567303947	0.7216834957261209
-0.3026439073190905	0.7247461213630043
-0.2953814348266109	0.7277362729917051
-0.2880894244368015	0.7306536515995504
-0.2807686053446196	0.733497965451113
-0.27341970962587764	0.736268930117376
-0.26604347216402335	0.7389662685041825
-0.2586406305766522	0.7415897108799424
-0.25121192514175783	0.7441389949026034
-0.24375809872369186	0.7466138656458877
-0.23627989669888455	0.7490140756247838
-0.22877806688130534	0.751339384820294
-0.22125335944768837	0.7535895607034354
-0.2137065268625012	0.7557643782584966
-0.20613832380271727	0.757863620005533
-0.19854950708233443	0.7598870760221199
-0.19094083557670072	0.7618345439643416
-0.18331307014662482	0.7637058290870271
-0.17566697356229735	0.7655007442632227
-0.16800331042700098	0.7672191100029075
-0.16032284710066283	0.7688607544709395
-0.15262635162321925	0.7704255135042389
-0.14491459363779882	0.7719132306282076
-0.13718834431377774	0.7733237570723721
-0.12944837626964853	0.7746569517852637
-0.12169546349576564	0.775912681448522
-0.11393038127694434	0.7770908204902275
-0.10615390611493977	0.778191251097457
-0.09836681565078224	0.7792138632280677
-0.09056988858703309	0.7801585546216983
-0.08276390460989988	0.7810252308099965
-0.07494964431127539	0.7818138051260659
-0.06712788911067759	0.7825241987131322
-0.059299421177108444	0.7831563405324283
-0.051465023350837615	0.7837101673702994
-0.04362547906511907	0.7841856238445231
-0.03578157226784846	0.7845826624098481
-0.027934087343167553	0.7849012433627489
-0.02008380903303344	0.7851413348453956
-0.012231522358729693	0.7853029128488399
-0.004378012542384365	0.7853859612154164
0.003475935071566869	0.7853904716403575
0.01132953509490755	0.7853164436726243
0.019182002174179986	0.7851638847149521
0.027032551069219955	0.7849328100231096
0.03488039673168006	0.784623242704373
0.04272475438353528	0.7842352137152165
0.050564839595553204	0.783768761858216
0.05839986836575159	0.7832239337781678
0.06622905719777838	0.7826007839574263
0.07405162317927612	0.7818993747104542
0.08186678406016541	0.7811197761775918
0.08967375833087216	0.7802620663180424
0.09747176530047091	0.7793263309020777
0.10526002517476722	0.7783126635024591
0.11303775913426384	0.7772211654850818
0.12080418941204206	0.7760519459988386
0.12855853937155168	0.7748051219647029
0.13630003358425452	0.7734808180640396
0.14402789790718193	0.7720791667261352
0.15174135956034146	0.7706003081149553
0.15943964720399703	0.7690443901151284
0.16712199101579542	0.7674115683171587
0.17478762276776277	0.7657020060018643
0.1824357759031079	0.7639158741240529
0.190065685612892	0.7620533512954235
0.19767658891250237	0.7601146237667069
0.20526772471795143	0.7580998854090404
0.21283833392198453	0.7560093376945808
0.22038765946999017	0.7538431896763574
0.22791494643570587	0.7516016579673666
0.23541944209670382	0.7492849667189123
0.242900396009677	0.7468933475981875
0.2503570600854642	0.7444270397651123
0.25778868866387306	0.7418862898484144
0.2651945385882387	0.7392713519209682
0.2725738692797416	0.7365824874743868
0.279925942811458	0.7338199653928756
0.2872500239821667	0.7309840619263388
0.29454538038985006	0.7280750606627612
0.3018112825049468	0.725093252499845
0.3090470037433043	0.7220389356159203
0.31625182053882445	0.7189124154401314
0.323425012415833	0.7157140046218903
0.33056586206111993	0.7124440229996133
0.3376736553956726	0.7091027975687371
0.344747681646077	0.7056906624490223
0.3517872334156081	0.7022079588511351
0.35879160675495136	0.6986550350425346
0.3657601012326112	0.6950322463126405
0.37269202000494683	0.6913399549373067
0.37958666988585765	0.6875785301425938
0.386443361416101	0.683748348067847
0.3932614089322379	0.6798497917280817
0.40004013063519944	0.6758832509756826
0.4067788486584607	0.6718491224614214
0.4134768891358398	0.6677478095947851
0.420133582268867	0.6635797225036447
0.4267482623937775	0.6593452779932351
0.43332026804807106	0.6550448995044789
0.4398489420366587	0.650679017071641
0.4463336314975823	0.6462480672793268
0.4527736879672996	0.6417524932188229
0.4591684674455303	0.6371927444437889
0.46551733045965565	0.632569276925303
0.4718196421286659	0.627882553006263
0.47807477222664274	0.6231330413551576
0.4842820952457935	0.6183212169191908
0.4904409904589857	0.613447560876799
0.49655084198183136	0.6085125605895241
0.5026110388342698	0.6035167095532823
0.5086209750016673	0.5984605073490132
0.5145800494954116	0.5933444595927265
0.5204876664130238	0.5881690778849307
0.526343234997732	0.5829348797594867
0.5321461696975572	0.577642388631845
0.5378958902238685	0.5722921337467054
0.5435918216094013	0.5668846501251006
0.549233394265765	0.5614204785108855
0.554820044040395	0.5559001653166681
0.5603512122729705	0.5503242625691668
0.5658263458512746	0.5446933278540125
0.5712448972665157	0.5390079242599805
0.576606324668065	0.5332686203226952
0.5819100919176514	0.5274759899677667
0.5871556686429693	0.5216306124534031
0.5923425302907186	0.5157330723124841
0.5974701581790542	0.5097839592941119
0.602538039549463	0.5037838683046278
0.607545667618031	0.49773339934813077
0.6124925416261218	0.4916331574664775
0.6173781668904605	0.4854837526787683
0.6222020548525894	0.4792857999203608
0.6269637231277331	0.4730399189813647
0.631662695553032	0.4667467344446692
0.6362985022351602	0.4604068756234823
0.6408706795973103	0.45402097649840645
0.6453787704255594	0.4475896756540281
0.6498223239145788	0.44111361621507567
0.6542008957127238	0.4345934457820951
0.658514047966463	0.42802981636669635
0.6627613493641654	0.42142338432635124
0.6669423751792307	0.41477481029875846
0.6710567073125616	0.4080847591357804
0.675103934334374	0.401353899836957
0.6790836515253362	0.3945829054826128
0.6829954609170485	0.38777245316653597
0.6868389713318294	0.38092322392828626
0.690613798421841	0.3740359026850787
0.69431956470752	0.3671111781632982
0.6979558996153259	0.3601497428296263
0.7015224395147983	0.3531522928217953
0.7050188277549193	0.34611952787897465
0.7084447146997791	0.3390521512717968
0.7117997577635364	0.33195086973203686
0.7150836214446831	0.3248163933819259
0.7182959773595857	0.31764943566315756
0.7214365042753302	0.3104507132655298
0.7245048881418424	0.3032209460552836
0.727500822123293	0.2959608570031139
0.7304240066287788	0.28867117211187965
0.7332741493422875	0.2813526203439901
0.7360509652519207	0.27400593354852854
0.7387541766784029	0.2666318463880483
0.7413835133028444	0.2592310962651204
0.743938712193772	0.2518044232485939
0.746419517833428	0.24435256999957614
0.7488256821433145	0.23687628169718625
0.7511569645090058	0.22937630596402286
0.7534131318042084	0.22185339279140937
0.7555939584140732	0.2143082944643926
0.7576992262577552	0.20674176548652168
0.7597287248102262	0.19915456250438374
0.761682251123321	0.1915474442319582
0.7635596098460364	0.18392117137473188
0.7653606132440649	0.17627650655363516
0.7670850812185673	0.1686142142287797
0.7687328413241833	0.16093506062301274
0.7703037287862756	0.1532398136452956
0.7717975865174069	0.14552924281391197
0.7732142651330487	0.13780411917952362
0.7745536229665206	0.130065215248051
0.775815526083155	0.12231330490344226
0.7769998482936916	0.11454916333027057
0.7781064711668967	0.10677356693622318
0.7791352840414052	0.09898729327445846
0.7800861840367864	0.0911911209658582
0.780959076063834	0.08338582962115093
0.781753872834072	0.0755721997629709
0.782470494868486	0.06775101274779256
0.7831088705054698	0.05992305068779568
0.7836689359079916	0.05208909637266711
0.7841506350699778	0.04424993319130871
0.7845539198219137	0.036406345053506
0.7848787498356604	0.028559116311535064
0.7851250926284866	0.020709031681734942
0.785292923566319	0.012856876166021332
0.7853822258662031	0.0050034349734065404
0.7853929905979837	-0.0028505065585360755
0.7853252166851965	-0.010704163042198251
0.7851789109051763	-0.018556749118476316
0.7849540878883791	-0.02640747953530644
0.7846507701169194	-0.03425556922618919
0.7842689879223212	-0.04210023338869693
0.7838087794824864	-0.049940687562946416
0.783270190817875	-0.057776147710059504
0.7826532757869047	-0.06560583029054683
0.7819580960805649	-0.07342895234267642
0.7811847212162464	-0.08124473156076234
0.7803332285307912	-0.0890523863733973
0.7794037031727589	-0.09685113602160221
0.7783962380939099	-0.10464020063691537
0.7773109340399129	-0.11241880131936609
0.7761478995402692	-0.12018616021536413
0.7749072508974587	-0.12794150059549822
0.7735891121753127	-0.13568404693218888
0.7721936151866045	-0.14341302497725603
0.7707208994798702	-0.15112766183933593
0.769171112325453	-0.15882718606117252
0.7675444087007776	-0.16651082769675582
0.7658409512748496	-0.17417781838833074
0.7640609103919932	-0.18182739144321317
0.7622044640548128	-0.18945878191047358
0.7602717979063953	-0.19707122665742474
0.7582631052117452	-0.20466396444593432
0.7561785868384571	-0.21223623600855468
0.7540184512366321	-0.2197872841244358
0.7517829144180301	-0.22731635369505993
0.74947219993447	-0.23482269181974424
0.7470865388554742	-0.24230554787093284
0.7446261697451636	-0.24976417356925226
0.7420913386383975	-0.25719782305835354
0.7394822990161752	-0.2646057529794785
0.7367993117802847	-0.2719872225458096
0.7340426452272134	-0.2793414936165413
0.7312125750213191	-0.28666783077069646
0.7283093841672654	-0.2939655013806611
0.725333362981717	-0.30123377568545934
0.7222848090643124	-0.3084719268637176
0.7191640272679043	-0.31567923110634605
0.7159713296680698	-0.32285496768893157
0.7127070355319097	-0.3299984190437918
0.7093714712861171	-0.3371088708317454
0.7059649704843367	-0.34418561201353903
0.7024878737738095	-0.3512279349209529
0.6989405288613108	-0.3582351353275612
0.6953232904783732	-0.3652065125191674
0.6916365203458225	-0.3721413693638583
0.687880587137599	-0.3790390123817295
0.6840558664438938	-0.38589875181422734
0.6801627407335888	-0.39271990169312504
0.6762015993160109	-0.3995017799091189
0.6721728383020007	-0.40624370828003886
0.6680768605643018	-0.4129450126186673
0.6639140756972768	-0.4196050228001512
0.6596848999759406	-0.4262230728290271
0.6553897563143429	-0.43279850090580374
0.6510290742232703	-0.439330649493154
0.6466032897672976	-0.4458188653816625
0.6421128455211826	-0.4522624997551474
0.6375581905256078	-0.45866090825554096
0.632939780242277	-0.46501345104732505
0.6282580765083693	-0.4713194928815155
0.623513547490359	-0.4775784031591804
0.618706667637191	-0.4837895559945124
0.6138379176328471	-0.48995233027740037
0.60890778434827	-0.4960661097355529
0.6039167607926794	-0.502130282996119
0.598865346064271	-0.5081442436468269
0.5937540453003107	-0.5141073902966201
0.5885833696266121	-0.5200191266358073
0.5833538361064361	-0.5258788614956776
0.578065967688777	-0.5316860089076284
0.5727202931560673	-0.5374399881617604
0.5673173470713082	-0.5431402238649405
0.5618576697246047	-0.5487861459983495
0.556341807079142	-0.5543771899744789
0.5507703107165871	-0.5599127966935914
0.5451437377819363	-0.5653924125996249
0.53946265092779	-0.5708154897355591
0.5337276182581028	-0.576181485798197
0.5279392132713613	-0.5814898641924044
0.5220980148032406	-0.586740094084766
0.5162046069687186	-0.5919316504566685
0.510259579103671	-0.5970640141567982
0.5042635257059269	-0.6021366719530648
0.4982170463758304	-0.607149116583915
0.4921207457562758	-0.6121008468090627
0.48597523347224375	-0.6169913674596128
0.4797811240698447	-0.621820189487573
0.4735390369548527	-0.6265868300147678
0.4672495963307809	-0.6312908123811143
0.46091343113644934	-0.6359316661922965
0.4545311749830974	-0.6405089273668009
0.44810346609102075	-0.6450221381823249
0.4416309472257556	-0.6494708473215459
0.43511426563379	-0.6538546099172601
0.4285540729778564	-0.6581729875968589
0.42195102527175327	-0.662425548526173
0.4153057828147453	-0.6666118674526553
0.4086190101255441	-0.6707315257478996
0.40189137587584495	-0.6747841114495103
0.3951235528234667	-0.6787692193022943
0.38831621774507336	-0.6826864507987878
0.3814700513685037	-0.6865354142191035
0.3745857383046854	-0.6903157246701096
0.36766396697919157	-0.6940270041239093
0.36070542956338547	-0.6976688814556504
0.3537108219052099	-0.7012409924806349
0.3466808434596018	-0.7047429799907367
0.3396161972185476	-0.7081744937901233
0.332517589640784	-0.7115351907302745
0.32538573058115217	-0.7148247347442971
0.3182213332196186	-0.7180427968805295
0.3110251139899441	-0.721189055335442
0.30379779250805855	-0.7242631954858092
0.29654009150008626	-0.7272649099201784
0.28925273673007984	-0.7301938984696078
0.2819364569274423	-0.7330498682376836
0.2745919837140608	-0.7358325336298075
0.2672200515311326	-0.7385416163817606
0.25982139756573247	-0.7411768455875254
0.2523967616770956	-0.7437379577263757
0.24494688632261832	-0.7462246966892339
0.2374725164836318	-0.7486368138042746
0.22997439959089	-0.7509740678617968
0.22245328544983384	-0.7532362251383424
0.21490992616560847	-0.7554230594200693
0.20734507606786023	-0.7575343520253707
0.1997594916352895	-0.7595698918267466
0.19215393142002227	-0.7615294752719124
0.1845291559717408	-0.7634129064041567
0.17688592776163592	-0.7652199968819361
0.1692250111061593	-0.7669505659977083
0.1615471720905925	-0.7686044406960041
0.1538531784924388	-0.770181455590732
0.14614379970464506	-0.7716814529817168
0.13841980665866965	-0.7731042828704685
0.13068197174737511	-0.7744498029751852
0.12293106874780849	-0.7757178787449767
0.1151678727438093	-0.7769083833733232
0.10739316004850864	-0.778021197810754
0.09960770812669574	-0.7790562107767525
0.09181229551707909	-0.7800133187708845
0.08400770175441795	-0.7808924260831486
0.07619470729158893	-0.7816934448035456
0.06837409342152753	-0.7824162948308714
0.06054664219909943	-0.7830609038807257
0.05271313636290956	-0.7836272074927403
0.04487435925700807	-0.7841151490370262
0.037031094752577466	-0.7845246797198355
0.029184127169530734	-0.7848557585884411
0.02133424119808708	-0.7851083525352324
0.013482221820300695	-0.7852824363010248
0.005628854231570217	-0.7853779924775869
-0.0022250762378955113	-0.7853950115093808
-0.01007878420159028	-0.7853334916945174
-0.01793148429526385	-0.7851934391849269
-0.025782391255450742	-0.7849748679857437
-0.03363071999799735	-0.7846777999539054
-0.041475685696569654	-0.7843022647959677
-0.049316503861135265	-0.7838483000651334
-0.05715239041641311	-0.7833159511574973
-0.06498256178027335	-0.7827052713075068
-0.0728062349421103	-0.7820163215826376
-0.08062262754112332	-0.7812491708772882
-0.08843095794456753	-0.7804038959058899
-0.09623044532590949	-0.7794805811952354
-0.10402030974291063	-0.7784793190760264
-0.11179977221562079	-0.7774002096736404
-0.11956805480427556	-0.7762433608981185
-0.12732438068709098	-0.7750088884333738
-0.13506797423793823	-0.7736969157256247
-0.1427980611039207	-0.772307573971048
-0.15051386828278943	-0.7708410021026618
-0.15821462420025764	-0.7692973467764308
-0.16589955878715096	-0.7676767623566012
-0.17356790355641605	-0.765979410900264
-0.18121889167996225	-0.7642054621411516
-0.1888517580653584	-0.7623550934726601
-0.19646573943232257	-0.7604284899301154
-0.2040600743890631	-0.7584258441722664
-0.2116340035084169	-0.7563473564620189
-0.2191867694037796	-0.7541932346464129
-0.22671761680485691	-0.7519636941358345
-0.2342257926331845	-0.7496589578824769
-0.24171054607743758	-0.7472792563580444
-0.24917112866850508	-0.7448248275307074
-0.2566067943543503	-0.7422959168413019
-0.264016799574597	-0.7396927771787906
-0.27140040333489956	-0.7370156688549699
-0.2787568672810348	-0.7342648595784415
-0.2860854557727399	-0.73144062442784
-0.2933854359572689	-0.7285432458243286
-0.30065607784269055	-0.7255730135033517
-0.30789665437087504	-0.722530224485666
-0.3151064414901996	-0.7194151830476392
-0.32228471822796556	-0.7162282006908174
-0.32943076676247707	-0.7129695961107818
-0.3365438724948371	-0.7096396951652745
-0.3436233241203999	-0.7062388308416151
-0.3506684136999038	-0.7027673432234014
-0.3576784367302579	-0.699225579456504
-0.3646526922150058	-0.6956138937143458
-0.3715904827344072	-0.691932647162493
-0.37849111451519285	-0.6881822079225327
-0.3853538974999352	-0.6843629510352633
-0.3921781454160547	-0.6804752584231911
-0.3989631758444467	-0.6765195188523373
-0.4057083102877224	-0.6724961278933627
-0.41241287423805856	-0.6684054878820103
-0.41907619724464706	-0.6642480078788724
-0.42569761298074127	-0.6600241036284841
-0.432276459310282	-0.6557341975177525
-0.43881207835412317	-0.6513787185337112
-0.4453038165558032	-0.646958102220631
-0.451751024746913	-0.6424727906364587
-0.458153058212006	-0.6379232323086149
-0.46450927675307074	-0.6333098821891412
-0.47081904475355	-0.6286332016092051
-0.4770817312419018	-0.6238936582329673
-0.4832967099546973	-0.6190917260108151
-0.489463359399241	-0.6142278851319715
-0.49558106291573173	-0.6093026219764678
-0.5016492087389127	-0.6043164290665178
-0.5076671900592594	-0.5992698050172566
-0.5136344050836547	-0.5941632544868835
-0.5195502570955699	-0.5889972881261951
-0.5254141545147306	-0.5837724225275254
-0.5312255109562846	-0.5784891801730774
-0.5369837452894304	-0.5731480893826839
-0.5426882816955302	-0.5677496842609758
-0.5483385497257012	-0.5622945046439629
-0.5539339843578458	-0.5567830960450638
-0.5594740260531648	-0.5512160096005444
-0.5649581208121053	-0.5455938020144102
-0.5703857202297624	-0.5399170355027336
-0.5757562815507145	-0.5341862777374381
-0.5810692677233086	-0.5284021017895204
-0.5863241474533524	-0.5225650860717586
-0.5915203952572525	-0.516675814280859
-0.5966574915145589	-0.510734875339093
