2.356194490192345	-0.0
2.3560766814495797	-0.023561552204805238
2.3557232670020603	-0.047120748274024564
2.355134282190937	-0.07067523230768363
2.3543097859141993	-0.09422264887700778
2.3532498606207892	-0.11776064325996284
2.3519546123023516	-0.1412868616767254
2.35042417048264	-0.16479895152505902
2.34865868820456	-0.18829456161557212
2.3466583420148686	-0.2117713424068352
2.3444233319465178	-0.23522694624033322
2.3419538814986516	-0.25865902757522896
2.339250237614258	-0.28206524322291565
2.336312670655471	-0.30544325258133365
2.3331414743765393	-0.32879071786902875
2.3297369658944485	-0.3521053043589282
2.326099485657209	-0.37538468061181196
2.3222293974098136	-0.39862651870945404
2.318127088157862	-0.4218284944874128
2.31379296812886	-0.44498828776744537
2.3092274707312	-0.46810358258952356
2.304431052510817	-0.4911720674434278
2.2994041931055356	-0.5141914354998964
2.2941473951971076	-0.5371593848413064
2.2886611844609424	-0.5600736186918638
2.2829461095135426	-0.5829318456472783
2.2770027418576406	-0.605731779903903
2.2708316758250486	-0.6284711414873121
2.2644335285172272	-0.6511476564802968
2.257808939743576	-0.6737590572502548
2.250958571957452	-0.6963030826759513
2.243883110189924	-0.7187774783736313
2.236583261981274	-0.741179996922453
2.229059757310239	-0.7635083980892303
2.2213133485210164	-0.7857604490524537
2.2133448102480298	-0.8079339246255701
2.2051549393384664	-0.8300266074794997
2.1967445547725926	-0.8520362883643682
2.1881144975818554	-0.873960766330428
2.1792656307647826	-0.8957978489481527
2.1701988392006824	-0.9175453525274788
2.1609150295611546	-0.9392011023361706
2.1514151302194273	-0.9607629328172934
2.1417000911575186	-0.982228687805768
2.1317708838712375	-1.003596220743983
2.12162850127304	-1.024863394896451
2.1112739575927324	-1.0460280835634794
2.1007082882760546	-1.0670881702938386
2.0899325498811336	-1.0880415490964055
2.0789478199728295	-1.108886124650761
2.0677551970149786	-1.1296198125167205
2.0563558002605498	-1.1502405393427748
2.044750769639719	-1.1707462430734252
2.032941265645878	-1.191134873155387
2.020928469219584	-1.2114043907426424
2.0087135816304693	-1.231552768900324
1.9962978243571146	-1.2515779928074058
1.9836824389649	-1.2714780599581852
1.9708686869818517	-1.2912509803625303
1.9578578497724908	-1.310894776744878
1.944651228409695	-1.33040748474196
1.9312501435445955	-1.349787153099237
1.9176559352745115	-1.3690318438660227
1.9038699630089413	-1.388139632589278
1.8898936053336235	-1.4071086085060538
1.8757282598726777	-1.4259368747345653
1.8613753431488473	-1.44462254846388
1.846836290441842	-1.4631637611421968
1.8321125556448181	-1.4815586586636984
1.8172056111189852	-1.4998054015539612
1.802116947546373	-1.517902165153903
1.7868480737807657	-1.535847139802243
1.771400516696815	-1.5536385310164715
1.7557758210373573	-1.571274559672293
1.739975549258937	-1.588753462181538
1.7240012813755659	-1.606073490668522
1.70785461480072	-1.6232329131448289
1.6915371641876018	-1.640230013682511
1.675050561267674	-1.6570630925856789
1.6583964546874903	-1.6737304665604693
1.6415765098438304	-1.6902304688833745
1.6245924087171624	-1.7065614495679118
1.6074458497034445	-1.7227217755296225
1.5901385474442906	-1.7387098307493767
1.572672232655503	-1.7545240164349758
1.5550486519540057	-1.7701627511810303
1.5372695676831825	-1.7856244711270972
1.5193367577366446	-1.8009076301140667
1.501252015380443	-1.8160106998387764
1.4830171490737423	-1.8309321700068393
1.464633982287978	-1.845670548483673
1.4461043533245088	-1.8602243614437126
1.4274301151307904	-1.8745921535177892
1.40861313511508	-1.8887724879386687
1.3896552949596985	-1.9027639466847266
1.370558490432863	-1.9165651306217473
1.3513246311991127	-1.930174659642838
1.3319556406283426	-1.9435911728064381
1.3124534556034693	-1.956813328472411
1.2928200263267424	-1.9698398044362098
1.2730573161247298	-1.982669298061092
1.2531673012519822	-1.9953005264083874
1.233151970693412	-2.007732226365787
1.2130133259653957	-2.019963154773654
1.192753380915624	-2.031992088549341
1.1723741615217185	-2.0438178248094943
1.1518777056886358	-2.055439180990342
1.1312660630448794	-2.066854994965951
1.1105412947375375	-2.078064125164437
1.0897054732261688	-2.0890654506821216
1.068760682075563	-2.0998578713956193
1.047709015747381	-2.110440308071853
1.0265525793907113	-2.1208117024759745
1.0052934886315605	-2.130971017477185
0.9839338693612889	-2.1409172371524514
0.9624758575240229	-2.150649366888094
0.9409215989030644	-2.1601664334792505
0.9192732489063153	-2.169467485227191
0.8975329723507337	-2.1785515920344922
0.875702943245858	-2.187417845498044
0.8537853445764089	-2.196065358999888
0.831782368083987	-2.2044932677958804
0.8096962140479064	-2.2127007291021648
0.7875290910651656	-2.22068692217945
0.7652832158295901	-2.2284510484150832
0.7429608129101659	-2.2359923314029118
0.7205641145285825	-2.243310017020921
0.6980953603360143	-2.2504033735066464
0.6755567971891567	-2.257271691530351
0.6529506789255427	-2.263914284265956
0.630279266138159	-2.2703304874597237
0.607544825949393	-2.2765196594966812
0.5847496317843182	-2.282481181464782
0.5618959631433537	-2.288214457216798
0.5389861053743203	-2.2937189134299314
0.5160223494439038	-2.2989939996631477
0.493006991708559	-2.30403918841222
0.4699423336848816	-2.3088539751624766
0.44683068181945357	-2.313437878439256
0.42367434725820075	-2.31779043985605
0.4004756456152823	-2.321911224160344
0.377236896741532	-2.325799819277141
0.35396042449247006	-2.3294558363501707
0.3306485564959244	-2.3328789097807725
0.3073036239192697	-2.336068697264455
0.2839279612363081	-2.3390248798251285
0.2605239059938287	-2.3417471618470005
0.23709379857785243	-2.3442352711041377
0.21363998197959588	-2.3464889587876865
0.1901648015611741	-2.3485079995307583
0.16667060482106633	-2.35029219143096
0.1431597411593682	-2.351841356070589
0.11963456164285349	-2.353155338534472
0.09609741876987017	-2.354234007425458
0.07255066623508971	-2.355077254877557
0.04899665869414496	-2.3556849965667257
0.025437751528161738	-2.3560571717193017
0.0018763006082227083	-2.3561937431180806
-0.021685337940213045	-2.3560946971060357
-0.04524480797292531	-2.355760043587686
-0.06879975356254521	-2.3551898160281044
-0.09234781923414126	-2.3543840714495716
-0.11588665020076964	-2.3533428904258744
-0.13941389259895035	-2.3520663770742467
-0.16292719372404954	-2.35055465904496
-0.18642420226554748	-2.348807887508559
-0.20990256854217243	-2.3468262371407396
-0.23335994473686184	-2.344609906104888
-0.2567939851315425	-2.3421591160322617
-0.2802023463417049	-2.339474111999824
-0.30358268755073414	-2.3365551625057424
-0.3269326707439931	-2.3334025594425327
-0.35024996094262073	-2.3300166180678747
-0.373532226437028	-2.326397676973084
-0.39677713902006745	-2.3225460980492536
-0.41998237421985135	-2.3184622664510677
-0.4431456115321974	-2.3141465905582814
-0.46626453465267703	-2.3095995019348887
-0.4893368317082439	-2.3048214552859623
-0.5123601954884193	-2.2998129284121855
-0.5353323236760107	-2.2945744221620723
-0.5582509190773444	-2.289106460381881
-0.5811136898519773	-2.283409589863234
-0.6039183497418847	-2.277484380288436
-0.6266626183000812	-2.271331424173507
-0.6493442211186657	-2.2649513368089296
-0.6719608900562558	-2.2583447561981247
-0.6945103634648063	-2.251512342993648
-0.7169903864157671	-2.2444547804311257
-0.7393987109255766	-2.237172774260933
-0.7617330961804567	-2.2296670526776188
-0.7839913087604937	-2.2219383662470866
-0.8061711228629792	-2.2139874878315386
-0.8282703205249857	-2.205815212512191
-0.8502866918451618	-2.1974223575097653
-0.8722180352047243	-2.1888097621027676
-0.8940621574876108	-2.1799782875435625
-0.9158168742997991	-2.170928816972245
-0.9374800101877354	-2.161662255328331
-0.959049398855883	-2.1521795292602643
-0.9805228833833513	-2.1424815870327483
-1.0018983164395807	-2.132569398431924
-1.023173560499078	-2.122443954668392
-1.044346488055167	-2.112106268278091
-1.065414981832737	-2.101557373021044
-1.0863769349999661	-2.090798323777988
-1.1072302513790069	-2.0798301964448793
-1.1279728456555989	-2.0686540878253123
-1.1486026435875984	-2.0572711155208356
-1.169117582212405	-2.045682417819194
-1.1895156100532527	-2.0338891535804997
-1.2097946873243535	-2.02189250212135
-1.2299527861348818	-2.009693663096892
-1.2499878906917532	-1.9972938563808647
-1.2698979975012092	-1.9846943219436042
-1.2896811155691592	-1.9718963197280561
-1.3093352666002829	-1.9589011295237773
-1.3288584851958565	-1.9457100508389573
-1.3482488190502888	-1.932324402770473
-1.367504329146352	-1.9187455238719775
-1.3866230899490848	-1.9049747720200432
-1.4056031895983372	-1.8910135242783812
-1.424442730099962	-1.876863176760131
-1.443139827515609	-1.8625251444882513
-1.4616926121511173	-1.848000861254022
-1.4800992287434827	-1.8332917794736634
-1.4983578366463863	-1.8183993700430952
-1.5164666100142512	-1.8033251221908515
-1.5344237379848342	-1.788070543329153
-1.5522274248603007	-1.7726371589031762
-1.5698758902867989	-1.7570265122385018
-1.587367369432495	-1.7412401643867867
-1.6047001131640495	-1.725279693969662
-1.6218723882215325	-1.7091466970208693
-1.6388824773917487	-1.6928427868266585
-1.655728679679958	-1.6763695937644618
-1.6724093104799675	-1.6597287651398596
-1.6889227017425996	-1.6429219650218454
-1.7052672021424884	-1.6259508740764257
-1.7214411772432128	-1.6088171893985548
-1.7374430096607438	-1.591522624342419
-1.753271099225173	-1.5740689083501131
-1.7689238631407336	-1.556457786778693
-1.7843997361440787	-1.5386910207256381
-1.7996971706608038	-1.5207703868527498
-1.8148146369602058	-1.5026976772084795
-1.829750623308252	-1.4844746990487332
-1.8445036361187546	-1.46610327465614
-1.859072200102727	-1.4475852411578292
-1.8734548584159108	-1.4289224503417195
-1.8876501728044595	-1.4101167684713412
-1.9016567237487643	-1.3911700760992094
-1.9154731106054035	-1.372084267878771
-1.9290979517472038	-1.3528612523749457
-1.9425298847014063	-1.3335029518732626
-1.9557675662859084	-1.3140113021876407
-1.968809672743582	-1.2943882524668067
-1.9816548998746508	-1.2746357649993787
-1.994301963167105	-1.254755815017645
-2.006749597925156	-1.2347503905000345
-2.018996559395701	-1.214621491972329
-2.0310416228927965	-1.1943711323076085
-2.0428835839201325	-1.1740013365249624
-2.054521258291474	-1.1535141415869958
-2.065953482249081	-1.1329115961961291
-2.077179112580086	-1.1121957605897317
-2.088197026730809	-1.091368706334102
-2.099006122919018	-1.0704325161173107
-2.1096053202441007	-1.0493892835409309
-2.119993558795158	-1.028241112910685
-2.1301697997569904	-1.0069901190260149
-2.140133025513983	-0.9856384269685958
-2.149882239751863	-0.9641881718898425
-2.15941646755733	-0.9426414987973886
-2.168734755515549	-0.921000562340586
-2.177836171805489	-0.8992675265950482
-2.186719806293106	-0.877444564846238
-2.1953847706223546	-0.8555338593721437
-2.203830198304022	-0.8335376012250555
-2.212055244802378	-0.8114579900124562
-2.220059087619627	-0.7892972336770685
-2.227840926378157	-0.7670575482760594
-2.235399982900577	-0.7447411577594353
-2.2427355012875343	-0.7223502937476499
-2.2498467479933026	-0.6998871953084472
-2.256733011899138	-0.67735410873295
-2.2633936043843876	-0.6547532873110394
-2.2698278593953543	-0.6320869911060247
-2.276035133511898	-0.6093574867286368
-2.28201480601178	-0.5865670471103711
-2.287766278932734	-0.5637179512761998
-2.29328897713226	-0.5408124841166632
-2.2985823483451404	-0.5178529361593914
-2.303645863238666	-0.49484160334004546
-2.308479015465565	-0.4717807867727331
-2.313081321714644	-0.44867279251989284
-2.3174523217591134	-0.42551993136169225
-2.3215915785026104	-0.4023245185649543
-2.32549867802291	-0.3790888736516302
-2.3291732296133167	-0.3558153201668463
-2.3326148658217334	-0.3325061854465584
-2.335823242487407	-0.3091638003848135
-2.3387980387753444	-0.28579049920066474
-2.341538957208397	-0.2623886192047538
-2.344045723697004	-0.23896050056557996
-2.3463180875666065	-0.2155084860754815
-2.348355821582711	-0.19203492091636748
-2.3501587219736133	-0.16854215242518827
-2.351726608450778	-0.14503252985921786
-2.3530593242268627	-0.12150840416112262
-2.3541567360314017	-0.09797212772386688
-2.355018734124128	-0.07442605415548191
-2.3556452323059505	-0.05087253804370501
-2.356036167927574	-0.027313934720515277
-2.3561915018957613	-0.0037526000266150336
-2.356111218677246	0.01980910992415967
-2.3557953263002815	0.04336883898045054
-2.355243856353844	0.06692423118898395
-2.354456863984468	0.09047293103016636
-2.3534344278907335	0.11401258365364172
-2.3521766503153994	0.1375408351137619
-2.3506836570351743	0.16105533260498658
-2.348955597348142	0.1845537246971642
-2.346992644058832	0.20803366157066527
-2.344794993460936	0.23149279525137012
-2.342362865317684	0.25492877984546086
-2.3396965028398617	0.278339271774006
-2.3367961726614968	0.3017219300073234
-2.333662164813189	0.3250744162990741
-2.330294792693112	0.3483943954200883
-2.326694393035672	0.37167953539188825
-2.3228613258778337	0.39492750771988194
-2.3187959745231184	0.4181359876262078
-2.3144987455032746	0.4413026542822175
-2.3099700685376234	0.46442519104054997
-2.305210396490087	0.4875012856667971
-2.3002202053239036	0.5105286305707273
-2.2949999940540318	0.5335049230370394
-2.289550284697248	0.5564278654556349
-2.2838716222199467	0.5792951655513732
-2.2779645744836436	0.6021045366132995
-2.2718297321881895	0.6248536977233178
-2.2654677088127015	0.6475403739842724
-2.258879140554216	0.6701622967474438
-2.252064686264068	0.692717203839408
-2.245025027382008	0.7152028397882508
-2.237760867868058	0.7376169560491141
-2.230272934132115	0.7599573112290523
-2.222561974961314	0.7822216713111622
-2.2146287614451454	0.8044078098779903
-2.20647408689835	0.826513508334169
-2.198098766781587	0.8485365561282734
-2.189503638619889	0.8704747509738755
-2.180689561918909	0.8923258990697742
-2.1716574180789725	0.9140878153193674
-2.162408110306937	0.9357583235491661
-2.1529425635258708	0.9573352567264068
-2.1432617242825653	0.9788164571757506
-2.1333665606528767	1.0001997767950555
-2.1232580621449224	1.021483077270178
-2.1129372396001305	1.0426642302888045
-2.1024051250921527	1.0637411177532878
-2.0916627718236636	1.0847116319924441
-2.0807112540210397	1.1055736759723234
-2.0695516668269334	1.1263251635059148
-2.058185126190765	1.1469640194617565
-2.0466127687571265	1.1674881799714516
-2.034835751752117	1.187895592636053
-2.0228552528676236	1.2081842167313006
-2.01067247014355	1.2283520234116927
-1.9982886218480165	1.248396995913367
-1.9857049463555336	1.2683171297557765
-1.972922702023164	1.2881104329421376
-1.9599431670646885	1.3077749261586271
-1.9467676394227873	1.3273086429723089
-1.9333974366392446	1.346709630027781
-1.9198338957231973	1.365975947242504
-1.9060783730174329	1.3851056680008138
-1.892132244062761	1.4040968793465725
-1.8779969034604556	1.4229476821744729
-1.8636737647327941	1.4416561914199437
-1.849164260181717	1.4602205362476475
-1.834469840745587	1.4786388602385725
-1.8195919758541008	1.4969093215756704
-1.8045321532813525	1.5150300932280287
-1.7892918789970473	1.5329993631335856
-1.7738726770159128	1.5508153343803264
-1.7582760892453002	1.568476225385969
-1.7425036753309884	1.5859802700761323
-1.7265570125012237	1.6033257180609353
-1.7104376954090028	1.620510834810031
-1.6941473359726018	1.637533901826066
-1.6776875632143875	1.6543932168165263
-1.661060023097919	1.671087093863963
-1.6442663783633538	1.6876138635945797
-1.62730830836117	1.7039718733451772
-1.6101875088842348	1.7201594873284123
-1.5929056919982305	1.7361750867963757
-1.5754645858704432	1.752017070202467
-1.5578659345969503	1.7676838533615489
-1.5401114980282165	1.7831738696083583
-1.5222030515931015	1.7984855699541802
-1.5041423861213246	1.8136174232417408
-1.4859313076643843	1.828567916298319
-1.46757163731495	1.8433355540870688
-1.4490652110247548	1.8579188598565188
-1.4304138794210106	1.8723163752882412
-1.4116195076213303	1.8865266606426947
-1.3926839750472317	1.9005482949031853
-1.3736091752361965	1.9143798759179695
-1.354397015652308	1.928020020540473
-1.335049417495513	1.9414673647676017
-1.3155683155095073	1.9547205638761365
-1.2959556577882543	1.967778292557212
-1.2762134055811802	1.9806392450488428
-1.2563435330970572	1.9933021352664948
-1.2363480273065741	2.0057656969316993
-1.216228887743647	2.0180286836986774
-1.195988126305466	2.03008986927897
-1.175627767051308	2.0419480475640706
-1.1551498460001295	2.0536020327460336
-1.1345564109269746	2.06505065943605
-1.1138495211581874	2.0762927827809934
-1.0930312473654895	2.087327278577896
-1.0721036713589092	2.0981530433863758
-1.051068885878612	2.108768994638971
-1.0299289943856142	2.1191740707494042
-1.0086861108514478	2.1293672312187355
-0.9873423595467667	2.139347456739411
-0.9658998748289137	2.1491137492971966
-0.9443608009284916	2.158665132270974
-0.9227272917349415	2.168000650530406
-0.9010015105811546	2.177119370531446
-0.8791856300271399	2.1860203804096945
-0.8572818316427766	2.1947027900715783
-0.8352923057896481	2.203165731283368
-0.8132192514020133	2.2114083577579953
-0.7910648757669207	2.21942984523968
-0.76883139430347	2.2272293915863597
-0.7465210303412777	2.2348062168498997
-0.7241360148981519	2.2421595633540865
-0.7016785864569811	2.2492886957703977
-0.6791509907418948	2.256192901191533
-0.6565554804936915	2.2628714892027038
-0.6338943152445666	2.269323791950674
-0.6111697610921587	2.2755491642105468
-0.5883840904729501	2.2815469834502826
-0.5655395819350126	2.287316649892956
-0.5426385199101611	2.2928575865767313
-0.5196831944855177	2.298169239412557
-0.49667590117449373	2.303251077239576
-0.47361894068724547	2.308102591878241
-0.4505146187006117	2.3127232981811305
-0.42736524562753536	2.317112734081465
-0.4041731363860349	2.321270460639311
-0.38094061016770164	2.32519606208548
-0.357669990205803	2.328889145863097
-0.33436360354294115	2.332349342666862
-0.3110237807983583	2.335576306479979
-0.2876528559348834	2.338569714608754
-0.26425316602552484	2.3413292677148703
-0.2408270510197719	2.3438546898453163
-0.21737685350960764	2.3461457284599834
-0.19390491849523914	2.3482021544569194
-0.17041359315060597	2.3500237621952387
-0.14690522658867067	2.3516103695156847
-0.1233821696264971	2.3529618177588483
-0.09984677455017904	2.3540779717810305
-0.07630139487961131	2.35495871996776
-0.05274838513313991	2.3556039742449513
-0.029190100592109955	2.3560136700877155
-0.00562889706534787	2.356187766526809
0.017932869346430014	2.3561262461527326
0.04149284248621936	2.3558291151174733
0.06504866637633523	2.3552964031338868
0.08859798545402052	2.354528163472727
0.11213844480699392	2.3535244729573206
0.1356676904089329	2.352285431955882
0.15918336935488495	2.3508111643714793
0.18268313009655804	2.349101817629642
0.20616462267745483	2.3471575626636203
0.22962549896788712	2.3449785938972902
0.2530634128997787	2.342565129225713
0.27647602070126365	2.339917409993344
0.29986098113107446	2.3370357009699005
0.32321595571265543	2.333920290323883
0.3465386089680129	2.33057148959376
0.3698266086512528	2.3269896336568148
0.3930776259818153	2.323175080695655
0.41628933587734535	2.3191282121623984
0.4394594171861922	2.3148494327405262
0.4625855529195333	2.310339170304415
0.48566543048307326	2.305597875876549
0.5086967419082827	2.3006260235824207
0.5316771840832138	2.2954241106031166
0.5546044589828016	2.289992657125598
0.5774762738986579	2.2843322062906886
0.6002903416683528	2.2784433241387543
0.6230443809041234	2.2723265995531015
0.6457361162210032	2.265982644201093
0.6683632784643727	2.2594120924729775
0.6909236049368653	2.252615601418451
0.7134148396246281	2.245593850680957
0.7358347334229407	2.238347542429717
0.7581810443611066	2.2308774012895163
0.7804515378266497	2.2231841742682454
0.8026439867887843	2.2152686306821954
0.8247561720211098	2.2071315620791276
0.8467858823235258	2.1987737821591224
0.868730914743362	2.190196126693207
0.8905890747956657	2.1813994534397785
0.9123581766826431	2.1723846420588337
0.9340360435122481	2.1631525940239973
0.9556205075158645	2.1537042325323794
0.9771094102650754	2.144040502412256
0.9985006028875127	2.1341623700285877
1.0197919462817444	2.124070823186378
1.0409813113311737	2.1137668710319013
1.0620665791169495	2.103251543951789
1.083045641129866	2.0925258934699857
1.1039163994812065	2.0815909921426
1.1246767671125242	2.0704479334506543
1.1453246680043583	2.059097831690731
1.1658580373838277	2.047541821863547
1.1862748219311021	2.0357810595604566
1.2065729799847424	2.023816720847889
1.2267504817458583	2.0116500021497448
1.2468053094810885	1.9992821201277549
1.2667354577243715	1.9867143115598154
1.286538933477493	1.9739478332163083
1.3062137564093772	1.9609839617344318
1.3257579590541286	1.94782399349053
1.3451695870077707	1.9344692444704588
1.3644466991236812	1.920921050137994
1.3835873677067145	1.9071807653012778
1.4025896787059644	1.8932497639773425
1.4214517319061633	1.8791294392547135
1.4401716411177101	1.8648212031540947
1.458747534365286	1.850326486487172
1.4771775540750414	1.8356467387135365
1.4954598572603675	1.820783427795729
1.5135926157061819	1.805738040052455
1.531574016151747	1.7905120800099539
1.5494022604720044	1.7751070702515401
1.5670755658573803	1.7595245512653508
1.5845921649920611	1.7437660812903022
1.6019503062307316	1.7278332361602577
1.6191482537737332	1.7117276091464535
1.6361842878406445	1.6954508107981685
1.6530567048422526	1.6790044687816756
1.6697638175509195	1.6623902277174707
1.6863039552692962	1.6456097490158144
1.7026754639973947	1.6286647107105932
1.718876706597985	1.6115568072915172
1.7349060629603092	1.5942877495346703
1.7507619301620865	1.5768592643314399
1.7664427226298105	1.5592730945158213
1.781946872297304	1.5415309986901398
1.7972728287625173	1.5236347510491952
1.8124190594425764	1.5055861412028375
1.8273840497270368	1.4873869739970085
1.8421663031293385	1.469039069333267
1.8567643414364603	1.4505442619867868
1.871176704856737	1.431904401422891
1.8854019521658367	1.4131213516121026
1.899438660850883	1.39419699084375
1.9132854272527058	1.3751332115381387
1.9269408667062011	1.3559319200573154
1.9404036136788048	1.336595036514426
1.953672321907039	1.3171244945817089
1.9667456645311365	1.2975222412971354
1.97962233422773	1.2777902368696974
1.9923010433405817	1.257930454483392
2.0047805240093437	1.2379448800999122
2.017059528296349	1.2178355122600395
2.029136828311403	1.1976043618838004
2.041011216334567	1.1772534520693732
2.0526815049369347	1.1567848178907802
2.0641465270993717	1.1362005061943805
2.075405136329214	1.115502575394194
2.0864562067749226	1.0946930952660503
2.097298633338661	1.0737741467406212
2.1079313317868094	1.0527478216953252
2.118353238858382	1.0316162227451482
2.128563312371357	1.0103814630323742
2.1385605313268927	0.9890456660152767
2.148343896011423	0.9676109652557815
2.157912428096631	0.9460795042061024
2.1672651707372865	0.9244534359943959
2.1764011886669152	0.9027349232094671
2.185319568291339	0.8809261376844941
2.194019417780028	0.8590292602798533
2.2024998671552813	0.8370464806650417
2.2107600683792294	0.8149799970997001
2.218799195438635	0.7928320162137943
2.226616444427489	0.7706047527869603
2.2342110336274073	0.7483004295270159
2.2415822035858	0.7259212768476986
2.2487292171918125	0.7034695326456308
2.2556513597500403	0.6809474420765211
2.2623479390519967	0.6583572573306582
2.2688182854453314	0.6357012374076914
2.275061751900797	0.612981647890733
2.281077714076952	0.5902007607197999
2.2868655703825906	0.5673608539646292
2.2924247420369053	0.5444642115968611
2.297754673127365	0.52151312326165
2.3028548306653	0.4985098840487075
2.307724704639208	0.4754567942627837
2.3123638080657503	0.4523561591936443
2.316771677038449	0.42921028888554974
2.32094787077408	0.4060214979062428
2.32489197165675	0.3827921051154932
2.328603585279659	0.35952443343322243
2.3320823404845363	0.336220809607213
2.335327889398761	0.31288356398042605
2.3383399074701456	0.28951503025797437
2.341118093499393	0.2661175452737607
2.3436621696702153	0.24269344875678348
2.3459718815771167	0.21924508309717242
2.34804699825083	0.1957747931119573
2.349887312181418	0.17228492581057614
2.3514926393390203	0.14877783016018212
2.3528628191922594	0.1252558568507553
2.353997714724292	0.101721358060025
2.35489721244651	0.07817668721825205
2.355561222409891	0.05462419877290638
2.355989678213993	0.03106624795320343
2.3561825370135914	0.007505190534591529
2.356139779522967	-0.016056617396817435
2.355861410017834	-0.039616819679867195
2.3553474563349104	-0.06317306031396495
2.354597969869136	-0.08672298369467328
2.3536130255685332	-0.11026423484928104
2.352392721926712	-0.13379445967229253
2.350937180973018	-0.15731130516082759
2.349246548260335	-0.18081241964994102
2.3473209928505243	-0.20429545304776803
2.345160707297523	-0.22775805707053384
2.3427659076280865	-0.2511978854773903
2.340136833320185	-0.27461259430503204
2.3372737472790597	-0.2979998421020842
2.3341769358109277	-0.32135729016325854
2.3308467085943554	-0.34468260276321344
2.3272833986492896	-0.3679734473901286
2.3234873623037555	-0.39122749497894627
2.319458979158224	-0.4144424201442878
2.315198652047652	-0.43761590141298445
2.310706807001202	-0.4607456214562145
2.305983893199634	-0.4838292673212543
2.3010303829303926	-0.5068645306627537
2.295846771540378	-0.5298491079735707
2.2904335773864077	-0.5527807008151296
2.284791341783387	-0.5756570160472582
2.278920628950175	-0.5984757660574924
2.272822025953162	-0.6212346689898492
2.2664961426475654	-0.6439314489730028
2.259943611616445	-0.6665638363478648
2.2531650881074428	-0.6891295678945601
2.2461612499672614	-0.7116263870587386
2.238932797573878	-0.7340520441772314
2.2314804537665083	-0.7564042967030142
2.2238049637733224	-0.7786809094294637
2.215907095136924	-0.8008796547138668
2.2077876376375953	-0.822998312700196
2.199447403214319	-0.8450346715410868
2.1908872258835888	-0.8669865276190147
2.1821079616560035	-0.8888516857666672
2.1731104884506687	-0.9106279594864521
2.163895706007409	-0.9323131711691406
2.1544645357967895	-0.9539051523116371
2.1448179209279705	-0.9754017437338228
2.1349568260544025	-0.9968007957944635
2.1248822372773533	-1.018100168606191
2.1145951620473054	-1.0392977322494719
2.1040966290632084	-1.0603913669856084
2.093387688169614	-1.0813789634687008
2.082469410251687	-1.1022584229565926
2.071342887128119	-1.1230276575207363
2.0600092314419527	-1.143684590254979
2.0484695765493104	-1.164227155483264
2.0367250764060647	-1.1846532989661884
2.0247769054524447	-1.2049609781064219
2.012626258495588	-1.2251481621529756
2.0002743505900646	-1.2452128324042677
1.987722416916372	-1.2651529824099932
1.9749717126574176	-1.2849666181717683
1.9620235128730006	-1.3046517583425297
1.9488791123723115	-1.3242064344246613
1.9355398255844458	-1.3436286909668524
1.9220069864269647	-1.3629165857596355
1.9082819481725095	-1.3820681900296006
1.8943660833134663	-1.4010815886322825
1.880260783424724	-1.4199548802436668
1.8659674590245192	-1.4386861775503172
1.8514875394333798	-1.4572736074381134
1.8368224726311981	-1.4757153111795565
1.8219737251124335	-1.4940094446196404
1.806942781739464	-1.512154178360266
1.7917311455941	-1.5301476979431814
1.7763403378272822	-1.54798820403142
1.7607718975069604	-1.565673912589241
1.7450273814641915	-1.5832030550605287
1.729108364137462	-1.60057387854564
1.7130164374152377	-1.6177846459767042
1.696753210476781	-1.63483363629132
1.6803203096312314	-1.6517191446046653
1.6637193781549822	-1.6684394823799762
1.646952076127346	-1.6849929775974108
1.6300200802645524	-1.701377974921242
1.6129250837520779	-1.7175928358653911
1.595668796075328	-1.7336359389572764
1.5782529428486884	-1.749505679899959
1.560679265642972	-1.7652004717325671
1.542949521811253	-1.7807187449889972
1.5250654843131384	-1.7960589478548572
1.5070289415374776	-1.811219546322641
1.4888416971235163	-1.8261990243451374
1.4705055697805387	-1.8409958839870277
1.4520223931060015	-1.855608645574676
1.4333940154021698	-1.8700358478441017
1.414622299491286	-1.884276048087103
1.3957091225293026	-1.898327822295519
1.3766563758181534	-1.9121897653036404
1.3574659646166305	-1.9258604909287187
1.3381398079498652	-1.9393386321095814
1.318679838417418	-1.9526228410433428
1.2990880020000235	-1.9657117893201819
1.2793662578650005	-1.978604168056175
1.259516578170326	-1.9912986880241943
1.239540947867426	-2.0037940797828218
1.2194413645026887	-2.016089093803293
1.1992198380176988	-2.028182500594453
1.1788783905482538	-2.0400730908256994
1.1584190562221492	-2.051759675447919
1.1378438809557685	-2.0632410858123875
1.1171549222494923	-2.0745161737876363
1.0963542489819487	-2.0855838118742653
1.075443941203134	-2.0964428933176866
1.0544260899263995	-2.1070923322188064
1.033302796919356	-2.1175310636426095
1.012076174493705	-2.1277580437246506
0.9907483452939988	-2.1377722497754448
0.9693214420853821	-2.1475726803827335
0.9477976075403258	-2.1571583555116205
0.9261789940243425	-2.166528316602583
0.904467763380768	-2.17568162666732
0.8826660867145777	-2.1846173703824516
0.8607761441752689	-2.1933346541810534
0.8388001247388516	-2.2018326063420104
0.8167402259889601	-2.210110377077187
0.7945986538970823	-2.2181671386164092
0.7723776226019822	-2.2260020852902347
0.7500793541882637	-2.233614433610528
0.7277060784641903	-2.2410034223488
0.7052600327386944	-2.2481683126123317
0.6827434615976353	-2.2551083879180713
0.6601586166793694	-2.261822954264269
0.6375077564495679	-2.268311340199886
0.6147931459753723	-2.274572896891737
0.5920170566989048	-2.28060699818937
0.5691817662101175	-2.2864130406876826
0.5462895580190217	-2.2919904437872654
0.5233427213273637	-2.2973386497524553
0.5003435507996946	-2.302457123767111
0.477294346333893	-2.307345353988099
0.4541974128312019	-2.3120028515964695
0.43105505996572846	-2.3164291508463424
0.40786960195346766	-2.320623809111482
0.38464335732089977	-2.3245864069295576
0.3613786486731389	-2.3283165480440884
0.3380778024616545	-2.3318138594440727
0.31474314875165443	-2.3350779914012847
0.2913770209890685	-2.3381086175052475
0.2679817557671928	-2.3409054346958778
0.24455969259305782	-2.3434681632937866
0.22111317365346672	-2.345796547028249
0.19764454358076652	-2.347890353062833
0.17415614921841144	-2.3497493720186795
0.15065033938626837	-2.3513734179954415
0.127129464645724	-2.352762328589876
0.10359587706465802	-2.3539159649120798
0.08005192998221729	-2.3548342115993828
0.05649997777348386	-2.355516976827881
0.032942375614060423	-2.3559641923216206
0.009381479244523294	-2.356175813359425
-0.01418035526512042	-2.356151818779367
-0.03774077175105035	-2.355892210980884
-0.06129741419125992	-2.3553970159245403
-0.08484792694113136	-2.3546662831294283
-0.10838995496901087	-2.3537000856682186
-0.13192114409172231	-2.3524985201598523
-0.15543914120995644	-2.351061706759879
-0.17894159454360173	-2.349389789148441
-0.20242615386691018	-2.347482934515907
-0.22589047074352192	-2.34534133354615
-0.24933219876129656	-2.342965200397484
-0.2727489937669754	-2.3403547726812417
-0.2961385141005676	-2.3375103114380207
-0.31949842082952684	-2.3344321011115747
-0.34282637798265514	-2.331120449520371
-0.3661200527836707	-2.3275756878268097
-0.38937711588450696	-2.3237981705041055
-0.41259524159823463	-2.3197882753008425
-0.4357721081316348	-2.3155464032031996
-0.45890539781735584	-2.3110729783948534
-0.4819927973457232	-2.306368448214554
-0.5050319979960113	-2.301433283111401
-0.5280206958673582	-2.2962679765977914
-0.5509565921091343	-2.2908730452000725
-0.5738373931508325	-2.285249028406887
-0.5966608109314037	-2.2793964886152307
-0.6194245631281015	-2.273316011074203
-0.6421263733846759	-2.2670082038264896
-0.6647639715390075	-2.260473697647564
-0.6873350938501611	-2.2537131459825925
-0.7098374832247032	-2.2467272248811123
-0.7322688894424519	-2.23951663292941
-0.7546270693814786	-2.232082091180673
-0.7769097872424249	-2.224424343082878
-0.7991148147720616	-2.216544154404459
-0.8212399314861558	-2.2084423131577102
-0.8432829248914618	-2.20011962952001
-0.8652415907070121	-2.191576935752784
-0.8871137330845239	-2.1828150861182913
-0.9088971648279862	-2.173834956794193
-0.9305897076123776	-2.1646374457859388
-0.9521891922014967	-2.155223472836964
-0.9736934586648875	-2.145593979336718
-0.995100356593813	-2.1357499282265304
-1.016407745316334	-2.1256923039033024
-1.0376134941113233	-2.1154221121210903
-1.0587154824215768	-2.104940379890512
-1.0797116000658478	-2.0942481553760555
-1.1005997474498688	-2.0833465077912625
-1.1213778357763085	-2.072236527291807
-1.1420437872536486	-2.0609193248664797
-1.1625955353039672	-2.049396032226091
-1.1830310247695748	-2.0376678016903083
-1.2033482121185681	-2.0257358060724036
-1.223545065649133	-2.013601238562001
-1.2436195656927505	-2.001265312605737
-1.2635697048161447	-1.9887292617859287
-1.2833934880220323	-1.9759943396972082
-1.3030889329486013	-1.9630618198211789
-1.3226540700677867	-1.9499329953990425
-1.3420869428821662	-1.9366091793023095
-1.3613856081206632	-1.9230917039014797
-1.3805481359328355	-1.909381920932828
-1.399572610081861	-1.8954812013632345
-1.4184571281361915	-1.881390935253062
-1.4371998016597487	-1.8671125316171875
-1.4557987564008024	-1.8526474182840729
-1.4742521324793776	-1.8379970417529978
-1.4925580845732476	-1.8231628670494038
-1.510714782102448	-1.8081463775784077
-1.5287204094123692	-1.7929490749764316
-1.5465731659552757	-1.77757247896108
-1.564271266470393	-1.7620181271791377
-1.5818129411624184	-1.7462875750528213
-1.599196435878501	-1.7303823956242341
-1.6164200122836545	-1.7143041793980651
-1.6334819480345921	-1.6980545341825386
-1.6503805369519597	-1.6816350849286312
-1.6671140891909386	-1.665047473567595
-1.6836809314102612	-1.648293358846731
-1.700079406939503	-1.6313744161635586
-1.7163078759447787	-1.614292337398244
-1.7323647155927118	-1.5970488307444284
-1.748248320212721	-1.5796456205384053
-1.763957101457572	-1.5620844470867012
-1.779489488462242	-1.544367066492015
-1.794843928000966	-1.5264952504776512
-1.8100188846425855	-1.5084707862103177
-1.8250128409040902	-1.4902954761214118
-1.839824297402341	-1.4719711377268054
-1.8544517730040333	-1.4534996034450651
-1.8688938049737964	-1.4348827204142258
-1.8831489491204711	-1.4161223503070735
-1.8972157799415141	-1.3972203691449951
-1.911092890765576	-1.378178667110342
-1.9247788938931307	-1.3589991483574593
-1.9382724207352733	-1.3396837308222367
-1.9515721219505642	-1.3202343460303312
-1.9646766675799645	-1.3006529389040145
-1.977584747179832	-1.2809414675676807
-1.9902950699529633	-1.2611019031520383
-2.0028063648776753	-1.2411362295969917
-2.015117380834895	-1.2210464434532693
-2.027226886733294	-1.2008345536827298
-2.039133671632368	-1.1805025814575174
-2.0508365448635506	-1.1600525599579086
-2.062334336149272	-1.139486534169011
-2.073625895719987	-1.1188065606762618
-2.0847100944291412	-1.098014707459788
-2.0955858238661076	-1.077113053687574
-2.1062519964670052	-1.0561036895075784
-2.116707545623456	-1.034988715838723
-2.126951425789265	-1.0137702441607641
-2.136982612584948	-0.9924503963031986
-2.146800102900184	-0.9710313042330421
-2.156402914994125	-0.9495151098416522
-2.1657900885935644	-0.9279039647305343
-2.1749606849889602	-0.9062000299962018
-2.1839137871283216	-0.884405476014026
-2.1926484997088904	-0.8625224822212549
-2.20116394926669	-0.840553236899028
-2.2094592842638594	-0.8184999369535699
-2.217533675173811	-0.7963647876965014
-2.225386314564187	-0.7741500026242903
-2.2330164171775873	-0.7518578031969438
-2.240423220010111	-0.7294904186158236
-2.247605982387647	-0.7070500856007486
-2.2545639860399436	-0.6845390481663158
-2.261296535172431	-0.6619595573975217
-2.267802956535811	-0.639313871224611
-2.2740825994933656	-0.6166042541973416
-2.2801348360860336	-0.5938329772584876
-2.285959061095199	-0.5710023175167671
-2.2915546921032157	-0.5481145580191243
-2.2969211695516423	-0.5251719875224485
-2.3020579567972095	-0.5021769002646582
-2.306964540165473	-0.4791315957353167
-2.3116404290021824	-0.4560383784456849
-2.316085155722354	-0.432899557698231
-2.3202982758570165	-0.4097174473557598
-2.324279368097669	-0.3864943656099832
-2.328028034338405	-0.363232634749723
-2.3315438997157245	-0.3399345809286766
-2.3348266126460184	-0.3166025339328235
-2.3378758448607306	-0.29323882694740344
-2.3406912914391795	-0.26984579632365757
-2.3432726708390543	-0.24642578134515017
-2.3456197249245663	-0.22298112399386233
-2.347732218992262	-0.19951416871599212
-2.349609941794496	-0.17602726218751155
-2.3512527055605514	-0.15252275307950114
-2.3526603460154223	-0.12900299182328046
-2.353832722396235	-0.10547033037538796
-2.354769717466329	-0.08192712198234119
-2.3554712375269777	-0.058375720945372744
-2.35593721242676	-0.03481848238495604
-2.356167595568574	-0.01125776200531614
-2.3561623639142977	0.012304084141142852
-2.3559215179870923	0.035864699889441104
-2.355445081871349	0.05942172919763755
-2.3547331032102834	0.08297281638243638
-2.3537856532011676	0.10651560635473237
-2.352602826588213	0.13004774485516393
-2.3511847416530958	0.1535668786894786
-2.3495315402031274	0.17707065596389626
-2.347643387557075	0.20055672632027596
-2.345520472528629	0.22402274117115784
-2.343163007407526	0.24746635393459923
-2.3405712279383097	0.2708852202688768
-2.3377453932967693	0.2942769983068602
-2.334685786064015	0.31763934889023887
-2.3313927121982183	0.34096993580343526
-2.327866501004023	0.36426642600718795
-2.32410750509961	0.3875264898718942
-2.320116100381436	0.41074780141055095
-2.3158926859866473	0.43392803851135947
-2.3114376842531654	0.45706488316991406
-2.3067515406774484	0.48015602172104604
-2.301834723869951	0.5031991450701305
-2.2966877255082556	0.5261919489240392
-2.2913110602879097	0.5491321340215473
-2.2857052658709534	0.5720174063632659
-2.2798709028321604	0.5948454774410196
-2.2738085546029687	0.6176140644667363
-2.2675188274131513	0.6403208906006829
-2.2610023502301853	0.6629636851791683
-2.254259774696357	0.6855401839416078
-2.2472917750636054	0.7080481292569267
-2.2400990481260816	0.7304852703493661
-2.23268231315049	0.7528493635235022
-2.2250423118041454	0.7751381723886583
-2.217179808080816	0.7973494680825219
-2.2090955882243204	0.8194810294940369
-2.200790460649913	0.8415306434854932
-2.1922652558634232	0.8634961051138819
-2.18352082637823	0.8853752178513331
-2.174558046629995	0.9071657938048054
-2.1653778128892203	0.9288656539348741
-2.155981043171633	0.9504726282735975
-2.146368677146374	0.9719845561415514
-2.1365416760420346	0.9933992863638755
-2.126501022550535	1.0147146774853972
-2.116247720728862	1.0359285979847555
-2.105782795898646	1.0570389264875937
-2.0951072945436557	1.0780435519786422
-2.084222284205128	1.0989403740128594
-2.0731288533750254	1.1197273029254562
-2.0618281113871872	1.1404022600408632
-2.0503211883063948	1.1609631778805982
-2.038609234815367	1.1814080003700111
-2.0266934220996906	1.2017346830438944
-2.0145749417307144	1.221941193250908
-2.0022550055463677	1.2420255103568847
-1.9897348455300086	1.26198562594684
-1.977015713687203	1.2818195440258517
-1.9640988819205367	1.3015252812186404
-1.9509856419024199	1.3211008669679112
-1.9376773049459333	1.3405443437313924
-1.9241752018736753	1.35985376717762
-1.9104806828847016	1.3790272063803413
-1.8965951174195061	1.3980627440116031
-1.8825198940230543	1.416958476533519
-1.8682564202059644	1.435712514388573
-1.8538061223037288	1.4543229821886112
-1.8391704453340962	1.4727880189023626
-1.8243508528525647	1.4911057780415458
-1.8093488268060403	1.5092744278455028
-1.7941658673846157	1.5272921514644058
-1.7788034928715883	1.5451571471408987
-1.7632632394916055	1.5628676283903038
-1.7475466612570543	1.5804218241792554
-1.7316553298126618	1.597817979102803
-1.715590834278329	1.6150543535599506
-1.6993547810902228	1.6321292239276168
-1.682948793840129	1.649040882732996
-1.6663745131131096	1.6657876388242925
-1.6496335963234137	1.6823678175398638
-1.6327277175487784	1.6987797608756467
-1.6156585673629906	1.7150218276509874
-1.5984278526668436	1.731092393672743
-1.581037296517446	1.7469898518977063
-1.5634886379559294	1.7627126125932941
-1.5457836318335136	1.7782591034965505
-1.5279240486360668	1.7936277699713323
-1.5099116743070253	1.8088170751637986
-1.4917483100688018	1.8238255001560972
-1.4734357722426978	1.8386515441182238
-1.4549758920672218	1.8532937244581487
-1.4363705155150184	1.8677505769700313
-1.4176215031082349	1.8820206559806705
-1.3987307297324876	1.896102534494057
-1.3797000844493688	1.9099948043340769
-1.3605314703075584	1.9236960762853152
-1.3412268041524829	1.9372049802320046
-1.3217880164346805	1.9505201652950008
-1.302217051016721	1.9636402999668952
-1.2825158649788373	1.9765640722451545
-1.2626864284232153	1.9892901897633206
-1.242730724276986	2.0018173799202468
-1.2226507480939348	2.014144390007356
-1.2024485078549425	2.026269987333915
-1.1821260237672093	2.0381929593502894
-1.161685328062194	2.049912113769221
-1.1411284647924438	2.0614262786850284
-1.1204574896271515	2.0727343026908165
-1.0996744696466079	2.0838350549936084
-1.078781483135492	2.0947274255274246
-1.0577806193750443	2.105410325064288
-1.0366739784341399	2.115882685323148
-1.0154636709592804	2.126143459076707
-0.9941518179635495	2.1361916202561355
-0.9727405506144716	2.1460261640536955
-0.9512320100209507	2.1556461070231974
-0.9296283470191183	2.1650504871783625
-0.9079317219572717	2.174238364089013
-0.8861443044798327	2.1832088189751153
-0.8642682733104046	2.1919609547986516
-0.8423058160338589	2.200493896353339
-0.8202591288776329	2.2088067903521282
-0.79813041649207	2.2168988055125474
-0.7759218917299565	2.2247691326398273
-0.7536357754252734	2.23241698470781
-0.7312742961710755	2.2398415969376635
-0.7088396900966537	2.2470422268743513
-0.686334200643916	2.254018154460882
-0.6637600783430652	2.2607686821103066
-0.6411195805875035	2.26729313477549
-0.6184149714081517	2.2735908600165993
-0.5956485212470033	2.2796612280663595
-0.5728225067301022	2.2855036318930244
-0.5499392104398745	2.291117487261081
-0.5270009206868921	2.2965022327896683
-0.5040099312810029	2.3016573300087226
-0.48096854130198846	2.3065822634128184
-0.45787905486965774	2.311276540512717
-0.43474378091339644	2.3157396918846227
-0.41156503294133323	2.3199712712171165
-0.3883451288089456	2.323970855355791
-0.3650863904872969	2.327738044345566
-0.341791143830833	2.3312724614706823
-0.31846171834481934	2.334573753292371
-0.2951004469523467	2.3376415896842033
-0.2717096657610993	2.3404756638650945
-0.24829171382969967	2.3430756924299896
-0.22484893293382616	2.3454414153781977
-0.20138366733203275	2.3475725961393965
-0.17789826353132535	2.349469021597285
-0.15439507005251285	2.351130502110898
-0.13087643719535721	2.352556871533569
-0.10734471680354539	2.353747987229544
-0.08380226202950265	2.3547037300882465
-0.06025142709910033	2.3554240045361867
-0.03669456707618908	2.35590873854652
-0.013134037627153096	2.356157883646249
0.010427805214700606	2.3561714149210724
0.03398860528472265	2.355949331017873
0.057546006522539966	2.3554916541448563
0.08109765320765987	2.3547984300693283
0.10464119019504016	2.353869728113119
0.12817426315060584	2.3527056411456497
0.15169451878665963	2.351306285574648
0.17519960509725477	2.3496718013345035
0.19868717159333515	2.347802351872279
0.22215486953782834	2.3456981241313626
0.24560035218049622	2.343359328532775
0.26902127499261647	2.3407861989541274
0.29241529590141274	2.3379789927062333
0.3157800755243017	2.3349379905073775
0.3391132774027915	2.3316634964552456
0.3624125682361262	2.328155837996516
0.38567561811465506	2.3244153658941085
0.4089001007527636	2.320442454192119
0.43208369372154576	2.3162375001784055
0.4552240786810243	2.311800924344866
0.47831894161199107	2.3071331703453852
0.5013659730473863	2.302234704951476
0.5243628683032884	2.297106018005593
0.5473073277093237	2.2917476223721587
0.5701970568386759	2.2861600538862707
0.5930297667375071	2.2803438713001207
0.6158031741538543	2.274299656227121
0.6385150017659535	2.2680280130837422
0.6611629784099705	2.261529569029072
0.6837448393071176	2.2548049739020994
0.7062583262901115	2.247854900156737
0.728701188029031	2.2406800427945623
0.7510711802563927	2.233281119295337
0.7733660659916192	2.2256588695452435
0.7955836157647161	2.2178140557629047
0.8177216078392247	2.209747462423161
0.839777828434374	2.201459896178627
0.8617500719465001	2.192952185779016
0.8836361411695501	2.1842251819882836
0.9054338475148406	2.1752797574995353
0.9271410112299129	2.1661168068477608
0.9487554616164734	2.156737246320394
0.970275037247499	2.147142013865671
0.9916975861833598	2.1373320689988398
1.0130209661870178	2.1273083927062113
1.034243044938231	2.1170719873470674
1.0553617002468243	2.1066238765534053
1.0763748202648542	2.0959651051276036
1.0972803036978336	2.085096738937921
1.1180760600148405	2.07401986481192
1.138760009657573	2.0627355904277813
1.159330084248303	2.051245044203541
1.1797842267967136	2.039549375184245
1.2001203919055983	2.0276497529270476
1.220336545975382	2.015547367384264
1.2404306674075194	2.0032434287843555
1.260400746806601	1.990739167510934
1.2802447871813325	1.9780358339797053
1.2999608041442132	1.9651346985134366
1.319546826109976	1.952037051214923
1.339000894492747	1.9387442018379804
1.3583210639018988	1.9252574796564685
1.377505402336591	1.911578233331367
1.396551991378967	1.897707830775909
1.4154589263859976	1.8836476590187887
1.4342243166799282	1.8693991240654726
1.4528462857373805	1.8549636507575724
1.4713229713769571	1.840342682630397
1.489652525945494	1.8255376817685722
1.5078331165028096	1.810550128659847
1.5258629250050015	1.7953815220470397
1.5437401484862348	1.7800333787781795
1.5614629992390716	1.764507233654792
1.579029704993196	1.74880463927846
1.5964385090926716	1.7329271658955352
1.6136876706716055	1.7168764012401163
1.630775464828204	1.7006539503753018
1.647700182797295	1.6842614355326566
1.664460132121185	1.6677004959500044
1.6810536368189115	1.6509727877075002
1.6974790375538236	1.6340799835620374
1.713734691799547	1.6170237727799412
1.7298189740041954	1.5998058609680854
1.7457302757529543	1.5824279699033
1.761467005928908	1.5648918373602094
1.777027590872156	1.5471992169374522
1.7924104745371627	1.5293518778823358
1.807614118648389	1.5113516049138838
1.822637002854093	1.4932001980443923
1.8374776248783655	1.4748994723994324
1.8521345006713816	1.456451258036305
1.8666061645577683	1.4378573997610824
1.8808911693831991	1.419119756944094
1.894988086659096	1.4002402033340076
1.9088955067054805	1.381220626870447
1.9226120387919308	1.3620629294952193
1.9361363112766778	1.3427690269620842
1.9494669717437365	1.323340848645227
1.9626026871381712	1.303780337346285
1.975542143899389	1.284089449100089
1.9882840480924964	1.2642701529790537
2.000827125537692	1.2443244308962753
2.013170121937685	1.2242542774073413
2.025311803003122	1.204061699510871
2.0372509545760087	1.1837487164478386
2.0489863827511456	1.1633173594996078
2.060516913995488	1.1427696717848588
2.071841395265523	1.1221077080552362
2.08295869412256	1.1013335344898947
2.093867698845978	1.080449228488879
2.1045673185443947	1.0594568784653857
2.115056483264758	1.0383585836369238
2.1253341440993374	1.0171564538153903
2.1353992732906093	0.9958526091961105
2.145250864334049	0.9744491801457779
2.154887932078757	0.9529483069894726
2.164309512825991	0.9313521397965895
2.1735146644255274	0.9096628381658508
2.182502466369879	0.8878825710093416
2.1912720198863367	0.8660135163356389
2.1998224480268624	0.8440578610319703
2.208152895755762	0.8220178006455856
2.216262530035209	0.7998955391641449
2.224150539908533	0.7776932887953613
2.231816136581316	0.7554132697457817
2.239258553500284	0.7330577099987284
2.2464770464299435	0.7106288450915588
2.2534708935270173	0.6881289178920685
2.260239395412625	0.6655601783742281
2.2667818752422195	0.6429248833931778
2.273097678773266	0.620225296459565
2.2791861744306785	0.5974636875131512
2.2850467533699628	0.5746423326958746
2.290678829538109	0.5517635141241957
2.2960818397321945	0.5288295196609055
2.301255243655702	0.5058426426863392
2.30619852397255	0.48280518186903826
2.3109111863588265	0.4597194409358868
2.315392759552221	0.4365877284417359
2.319642795399146	0.41341235753857086
2.323660868899562	0.390195645744153
2.327446578249465	0.3669399147103268
2.3309995448810747	0.34364748999081174
2.3343194135006904	0.3203207008086696
2.3374058521242156	0.29696187982337535
2.340258552110359	0.2735733628975746
2.3428772281915022	0.2501574888634528
2.345261618502216	0.2267165992889127
2.3474114846054577	0.2032530382433777
2.3493266115164095	0.17976915206338706
2.3510068077239747	0.15626728911800133
2.3524519052099335	0.13274979957392613
2.353661759465741	0.109219035160518
2.354636249506981	0.08567734893460519
2.35537527788546	0.062127095045204826
2.355878770698957	0.038570628498063995
2.3561466775986095	0.015010304920219623
2.3561789717939514	-0.008551519675608226
2.3559756500555897	-0.032112489126594757
2.355536732715529	-0.05567024735542895
2.3548622636651375	-0.07922243860591931
2.353952310350758	-0.10276670767856756
2.3528069637669637	-0.12630070016609077
2.3514263384474594	-0.14982206268883924
2.349810572453625	-0.17332844313017853
2.347959827360714	-0.19681749087164047
2.3458742882416943	-0.22028685702802925
2.343554163648739	-0.24373419468228705
2.3409996855923736	-0.2671571591201919
2.3382111095182765	-0.2905534080648066
2.33518871428173	-0.3139206019107461
2.3319328021197387	-0.33725640395809825
2.3284436986208075	-0.36055848064609236
2.3247217526923762	-0.38382450178649463
2.320767336525938	-0.4070521407965667
2.3165808455598134	-0.4302390749317681
2.312162698439611	-0.45338298551800776
2.307513336976359	-0.47648155818351756
2.3026332261023326	-0.4995324830902675
2.2975228538245487	-0.5225334551649923
2.2921827311759797	-0.5454821743296395
2.2866133921644383	-0.5683763457314207
2.280815393719186	-0.5912136799722743
2.274789315635236	-0.613991893337803
2.268535760515371	-0.636708708025664
2.2620553537098966	-0.6593618523733074
2.2553487432540904	-0.6819490610851798
2.2484165998034102	-0.7044680754592327
2.2412596165664227	-0.7269166436127985
2.233878509235491	-0.7492925207077568
2.2262740159151924	-0.7715934691750607
2.218446897048526	-0.7938172589384356
2.210397935340854	-0.8159616676374287
2.20212793568164	-0.8380244808496239
2.193637725063957	-0.8600034923120894
2.1849281525017963	-0.8818965041419832
2.176000088945151	-0.903701327056378
2.166854427192937	-0.9254157805911527
2.157492081803713	-0.9470376933190381
2.1479139890042096	-0.9685649030667947
2.138121106595729	-0.9899952571313754
2.128114413858351	-1.0113266124952363
2.11789491145301	-1.032556836040617
2.1074636213214286	-1.0536838047628585
2.0968215865839324	-1.0747054059826835
2.0859698714351196	-1.0956195375575022
2.0749095610374675	-1.1164241080915747
2.0636417614127973	-1.1371170371451884
2.0521675993316815	-1.157696255442682
2.0404882222007665	-1.178159705079375
2.0286047979480326	-1.1985053397273566
2.0165185149060023	-1.2187311248401165
2.0042305816929056	-1.2388350378560018
1.9917422270918306	-1.2588150684004538
1.9790546999278216	-1.2786692184870814
1.9661692689430288	-1.2983955027174112
1.9530872226698108	-1.317991948479462
1.939809869301893	-1.3374565961449876
1.926338536563548	-1.3567874992654423
1.9126745715768232	-1.3759827247666228
1.898819340726831	-1.395040353141975
1.8847742295251078	-1.4139584786445463
1.870540642471077	-1.4327352094775412
1.856120002911573	-1.4513686679835371
1.8415137528985415	-1.469856990832201
1.82672335304481	-1.4881983292066587
1.8117502823780383	-1.5063908489883568
1.796596038192813	-1.5244327309404806
1.7812621359009322	-1.5423221708898605
1.7657501088798362	-1.560057379907422
1.7500615083193083	-1.577636584487033
1.734197903066331	-1.595058026722885
1.718160879468202	-1.6123199644852813
1.7019520412139244	-1.6294206715948216
1.6855730091738144	-1.6463584379950487
1.6690254212374263	-1.6631315699234368
1.6523109321497613	-1.679738390080774
1.6354312133458087	-1.6961772377988746
1.61838795278337	-1.7124464692066772
1.6011828547743083	-1.7285444573945907
1.583817639814084	-1.7444695925772133
1.5662940444097218	-1.760220282254298
1.548613820906156	-1.7757949513700055
1.5307787373110133	-1.7911920424703947
1.5127905771177808	-1.8064100158591945
1.4946511391274913	-1.821447349751745
1.4763622372688274	-1.8363025404271882
1.4579257004167314	-1.8509741023788384
1.4393433722095341	-1.8654605684627188
1.4206171108645582	-1.8797604900443035
1.4017487889923426	-1.8938724371433429
1.382740293409348	-1.9077949985768894
1.3635935249492923	-1.9215267821004025
1.3443103982730622	-1.9350664145469747
1.3248928416772667	-1.9484125419646376
1.30534279690137	-1.9615638297517803
1.2856622189335691	-1.9745189627905768
1.2658530758152597	-1.987276645578519
1.2459173484442359	-1.999835602357966
1.2258570303766323	-2.012194577243699
1.205674127627535	-2.024352334348531
1.1853706584704	-2.0363076579068826
1.16494865323522	-2.0480593523963635
1.144410154105511	-2.0596062426573103
1.1237572149140562	-2.0709471740103287
1.1029919009375748	-2.0820810123717277
1.0821162886901565	-2.0930066443669513
1.0611324657156298	-2.1037229774419046
1.0400425303788055	-2.11422893997221
1.0188485916556427	-2.12452348137037
0.997552768922352	-2.1346055721908233
0.9761571917434564	-2.1444742042328913
0.9546639996588557	-2.1541283906415885
0.9330753419698322	-2.163567166006326
0.9113933775241757	-2.172789586457428
0.8896202745002587	-2.1817947297605356
0.8677582101902396	-2.1905816954088233
0.8458093707823269	-2.199149604713051
0.8237759511421825	-2.2074976008894227
0.8016601545933977	-2.215624849145282
0.7794641926971975	-2.223530536762576
0.7571902850312868	-2.231213873179127
0.734840658967855	-2.238674090067702
0.7124175494508954	-2.2459104414128235
0.6899231987726699	-2.25292220358539
0.6673598563495015	-2.2597086754150273
0.6447297784968254	-2.266269178260208
0.6220352282035807	-2.272603056076112
0.5992784749058685	-2.27870967548024
0.5764617942600668	-2.284588425815737
0.5535874679152224	-2.29023871921247
0.5306577832849078	-2.295659990645808
0.507675033318478	-2.300851697993125
0.4846415162717775	-2.3058133220880124
0.4615595354773164	-2.310544366772196
0.43843139911393514	-2.3150443589451504
0.41525941997600896	-2.3193128486114056
0.3920459152421253	-2.3233494089255555
0.36879320624342543	-2.32715363623493
0.3455036182314279	-2.33072515011997
0.3221794801455259	-2.334063593432262
0.29882312438008723	-2.3371686323302576
0.27543688655123727	-2.3400399563126535
0.25202310526325383	-2.342677278249446
0.2285841218747668	-2.345080334410637
0.2051222802645826	-2.3472488844926143
0.18163992659729827	-2.349182711642177
0.15813940908872867	-2.3508816224782207
0.13462307777102422	-2.3523454471110785
0.11109328425773239	-2.3535740391595064
0.08755238150859221	-2.3545672757653233
0.06400272359426123	-2.355325057605697
0.04044666546090208	-2.3558473089030745
0.01688656269471065	-2.3561339774327608
-0.006675228713686534	-2.3561850345281425
-0.030236352604770835	-2.3560004750835524
-0.053794452885791544	-2.355580317554781
-0.07734717376635222	-2.354924603957231
-0.10089215999399204	-2.3540333998617164
-0.12442705708970896	-2.352906794387903
-0.1479495115834058	-2.3515449001954
-0.17145717124923932	-2.349947853472492
-0.19494768534082005	-2.3481158139225204
-0.21841870482633094	-2.346048964747913
-0.24186788262336997	-2.3437475126318645
-0.2652928738337026	-2.34121168771767
-0.28869133597772845	-2.3384417435857063
-0.3120609292287319	-2.3354379572280792
-0.33539931664686234	-2.3322006290209214
-0.35870416441282665	-2.3287300826943556
-0.3819731420612729	-2.3250266653001215
-0.40520392271381467	-2.3210907471768745
-0.42839418331176216	-2.316922721913144
-0.45154160484836825	-2.312523006307986
-0.47464387260077295	-2.3078920403292926
-0.4976986763614529	-2.3030302870698036
-0.5207037106692481	-2.2979382327007922
-0.5436566750398867	-2.2926163864234548
-0.5665552741960751	-2.28706528041798
-0.5893972182969677	-2.281285469790346
-0.6121802231671892	-2.275277532516799
-0.6349020105252506	-2.2690420693860567
-0.6575603082113388	-2.2625797039392386
-0.6801528504145707	-2.2558910824075036
-0.7026773778995535	-2.2489768736474307
-0.7251316382323127	-2.241837769074133
-0.7475133860055152	-2.2344744825921223
-0.7698203830630509	-2.2268877505239058
-0.792050398723791	-2.219078331536372
-0.8142012100046987	-2.2110470065649097
-0.8362706018431045	-2.2027945787353245
-0.8582563673182197	-2.19432187328352
-0.8801563078718068	-2.185629737472986
-0.9019682335280717	-2.1767190405100547
-0.9236899631126251	-2.167590673456998
-0.9453193244705987	-2.1582455491429178
-0.9668541546838966	-2.148684602072452
-0.9882923002874312	-2.1389087883323454
-1.0096316174845112	-2.1289190854958235
-1.0308699723611998	-2.1187164925248454
-1.0520052410997114	-2.108302029670204
-1.0730353101907737	-2.097676738369512
-1.0939580766450174	-2.0868416811430373
-1.1147714482032216	-2.075797941487479
-1.1354733435455786	-2.064546623767598
-1.1560616924998057	-2.0530888531057903
-1.1765344362481642	-2.0414257752695733
-1.1968895275333402	-2.029558556557012
-1.2171249308631673	-2.017488383680088
-1.2372386227141756	-2.005216463646031
-1.2572285917339412	-1.9927440236366172
-1.2770928389422238	-1.9800723108854523
-1.296829377930846	-1.9672025925532577
-1.3164362350623695	-1.9541361556011336
-1.3359114496674096	-1.940874306661893
-1.355253074240739	-1.927418371909376
-1.374459174636018	-1.9137696969258449
-1.3935278302592122	-1.8999296465674238
-1.4124571342606502	-1.8858996048276153
-1.4312451937257054	-1.8716809746989018
-1.4498901298640918	-1.8572751780324452
-1.468390078197723	-1.8426836553959145
-1.4867431887471951	-1.8279078659294032
-1.504947626216738	-1.8129492871995534
-1.5230015701777782	-1.7978094150517696
-1.540903215250964	-1.7824897634606502
-1.5586507712867097	-1.7669918643785854
-1.5762424635441918	-1.7513172675825763
-1.5936765328688538	-1.7354675405192321
-1.6109512358682911	-1.7194442681480517
-1.6280648450865904	-1.7032490527829274
-1.6450156491771033	-1.6868835139318887
-1.6618019530735373	-1.6703492881351913
-1.6784220781594943	-1.6536480288016333
-1.6948743624363158	-1.6367814060432309
-1.711157160689287	-1.6197511065082006
-1.7272688446521431	-1.6025588332123142
-1.7432078031699259	-1.5852063053685614
-1.758972442360057	-1.5676952582152757
-1.7745611857717576	-1.5500274428425769
-1.789972474543677	-1.5322046260172788
