0.39269908169872414	0.0
0.39078566453689867	-0.03817991991612343
0.38506309771549946	-0.07600654895717646
0.3755843547454634	-0.11312824035356214
0.362437449644787	-0.14919677030367784
0.34574500068472785	-0.18386937385986868
0.32566357487281333	-0.21681113575515695
0.30238277353369647	-0.24769779919544666
0.27612401503372397	-0.2762190122788139
0.24713897107793367	-0.30208198275863685
0.2157076184819966	-0.325015461028472
0.18213587887223928	-0.34477392281860925
0.14675283391827476	-0.36114178185791374
0.10990752250065654	-0.3739374332658569
0.07196534726510338	-0.38301691461179826
0.03330413957829688	-0.38827697603230354
-0.005690047941357328	-0.38965737433467723
-0.04462733528863857	-0.3871422472992852
-0.08311849740121437	-0.38076047993198453
-0.12077943127503547	-0.37058503889080546
-0.15723550517937546	-0.35673131821390086
-0.19212569491781564	-0.3393546019779233
-0.2251064255749601	-0.3186468013768764
-0.2558550551931909	-0.29483266008985576
-0.2840729575929313	-0.26816563981941083
-0.3094881831570731	-0.23892369683404177
-0.33185769695973966	-0.20740514161530818
-0.35096921148013477	-0.1739247403501396
-0.36664264502976757	-0.1388101731980593
-0.3787312461197466	-0.10239891468343047
-0.3871224279664537	-0.06503555085241841
-0.3917383562902303	-0.027069500170103893
-0.39253632800047444	0.011146936021893263
-0.38950896908585164	0.04926029966454669
-0.3826842680675651	0.08691760593042974
-0.3721254478997657	0.12376801302138526
-0.35793066546328806	0.15946466420441485
-0.34023251505888275	0.1936668184330887
-0.31919730177667033	0.22604235831076758
-0.2950240433967292	0.2562707265400662
-0.2679431564686571	0.2840462966774797
-0.23821478406123328	0.3090821341009887
-0.20612672964845935	0.33111405250244097
-0.1719919735607451	0.3499048244227438
-0.1361457647639106	0.3652483660806066
-0.09894230034462378	0.37697369146472326
-0.060751026470965946	0.38494842196291446
-0.021952615952040885	0.38908164782775656
0.01706530309458537	0.3893259667262265
0.05591257739320442	0.3856785705122897
0.09420101719704332	0.378181310121478
0.13154883941750004	0.36691973437148334
0.16758496407134	0.35202116476896467
0.20195307237129295	0.3336519284184185
0.2343153497550237	0.3120139188967926
0.2643558561506515	0.2873406861833701
0.29178348699169776	0.25989326916527844
0.3163345099837072	0.22995597780847127
0.337774682553392	0.19783230870948534
0.35590097172560425	0.16384114087120813
0.3705429107276336	0.12831331256208128
0.38156363423802053	0.09158862974387853
0.38886063667640935	0.054013306327879845
0.39236629550359653	0.015937790430575076
0.3920481947625244	-0.02228510792205006
0.3879092739191865	-0.06030190113892165
0.37998781453474006	-0.09776005150320409
0.3683572636185457	-0.13430967799590698
0.3531258789355587	-0.16960547147001814
0.3344361693245421	-0.20330892761719802
0.3124640934121191	-0.2350909764654326
0.2874179740314556	-0.264635047010752
0.25953708400996867	-0.29164055856434884
0.2290898623185858	-0.3158267798518116
0.19637172803960634	-0.3369369469316802
0.16170247293224976	-0.3547424862058285
0.12542323079844064	-0.3690471538789644
0.08789304215645687	-0.3796908824613585
0.04948505430616893	-0.38655312152893634
0.010582417850669594	-0.3895554755717552
-0.02842604080818211	-0.3886634759518098
-0.06715027733969237	-0.3838873741403527
-0.10520351563625265	-0.37528190489341995
-0.14220665831837637	-0.3629450347465071
-0.17779252258555409	-0.3470157763589261
-0.2116098135901616	-0.32767120622045737
-0.24332676382964555	-0.3051228665378928
-0.27263438689774017	-0.2796127580000891
-0.2992493154296634	-0.2514091369642334
-0.3229162142905868	-0.22080231895924785
-0.34340977922151295	-0.18810066268308534
-0.36053634682720387	-0.15362686866320965
-0.37413515295415484	-0.11771467899752219
-0.3840792826267083	-0.08070601381228519
-0.3902763557166119	-0.04294853067363686
-0.3926689887614357	-0.004793548951088703
-0.3912350655068296	0.033405754953179094
-0.38598783777079987	0.07129600135312877
-0.37697586523620386	0.10852524387497023
-0.3642827889958058	0.14474472434836572
-0.3480269203665307	0.17961087049436655
-0.32836061489693247	0.21278763799190584
-0.30546939276814955	0.24394926483645663
-0.27957076192964114	0.27278346346189963
-0.2509127000757696	0.29899502766501856
-0.21977175639663743	0.32230978054372694
-0.1864507439670242	0.3424787407106905
-0.15127600825449933	0.3592823416518054
-0.11459427563666313	0.3725345079030598
-0.07676910667388737	0.3820863757522885
-0.03817700048620543	0.387829448248726
0.0007967829758578412	0.3896979954760552
0.03976259860900561	0.3876705502531391
0.07833089302648567	0.3817704034375694
0.1161166792965195	0.3720650666998858
0.15274390636646284	0.3586647376112494
0.18784962681876938	0.341719865303996
0.22108787942726205	0.32141796846020954
0.2521332205108113	0.2979798959046734
0.2806838586081967	0.27165574047751767
0.3064643686063148	0.24272061816757945
0.3292279822417126	0.21147050783340507
0.3487584701729959	0.17821831510069655
0.36487164526185195	0.14329028127225482
0.37741652642744683	0.1070228089702063
0.3862762070558932	0.06975972542005254
0.39136847151145737	0.03184995603388477
0.39264619826267017	-0.006354461183162598
0.3900975792748248	-0.044500123141870164
0.3837461736342961	-0.08223389628212814
0.3736508000183991	-0.1192045739204817
0.3599052588501997	-0.15506468986964736
0.3426378620444696	-0.18947260734492888
0.3220107373812139	-0.22209497596067732
0.2982188668523341	-0.2526096131544892
0.27148881475031605	-0.2807088218637245
0.24207710247958925	-0.30610310674356456
0.21026819340160313	-0.3285252004690524
0.17637206238577874	-0.34773426413473985
0.14072134057465516	-0.3635200861739181
0.10366804515099512	-0.37570707708959633
0.06557992515673589	-0.38415784636139116
0.02683647587871688	-0.38877615551713957
-0.012175305946692031	-0.38950906799700896
-0.05106533772068492	-0.38634816038825043
-0.08944493802434213	-0.3793297170421101
-0.12693128112910695	-0.3685338954318312
-0.16315171711070836	-0.354082916250741
-0.19774786437925515	-0.33613839338678375
-0.23037939578806513	-0.3148979684857048
-0.26072745807639613	-0.2905914482832203
-0.2884976854447092	-0.2634766577213853
-0.3134227896206732	-0.23383521773047033
-0.3352647289908033	-0.20196843514435842
-0.3538164766495449	-0.1681934568103561
-0.36890342035287454	-0.13283979485533032
-0.380384435620611	-0.09624627998934443
-0.3881526763507434	-0.05875844925137044
-0.39213612547088506	-0.02072632780061641
-0.3922979419108667	0.017497475437481518
-0.38863663038338875	0.05555946873782155
-0.38118604816330237	0.09310690466342948
-0.37001524945070285	0.12978946959613583
-0.3552281542440752	0.16526116627692627
-0.3369630161953176	0.19918250188614534
-0.31539165386684614	0.23122306481144786
-0.290718403233028	0.2610645341758508
-0.263178747031676	0.2884041198719106
-0.2330375792586459	0.3129583805339296
-0.20058707092489006	0.3344673165934784
-0.1661441159399502	0.3526985898596399
-0.13004735295296208	0.3674516846627839
-0.09265377900739344	0.37856180285890445
-0.05433499238118118	0.38590327930574014
-0.015473123146245405	0.38939231763589727
0.023543471145998276	0.38898887811236565
0.06232465247622773	0.3846975977161216
0.1004829906892226	0.37656768299339166
0.13763818907490608	0.3646917826236166
0.17342134721394595	0.3492039123907057
0.20747897155304723	0.3302765635781152
0.23947665992956899	0.3081171710744878
0.2691024057679448	0.2829641456758619
0.2960694890647414	0.2550826843138759
0.32011894263072	0.22476056251236037
0.3410216015672135	0.1923040874853397
0.35857976012778797	0.15803435158305187
0.3726284718838239	0.12228387875124318
0.38303653587803665	0.08539370601612926
0.3897072130870498	0.04771089221198313
0.3925787143204333	0.009586401102037031
0.3916244933074572	-0.02862673119904281
0.3868533680806247	-0.06657506173726524
0.37830948096000416	-0.10390637195091944
0.36607209369044086	-0.14027140056260623
0.35025520084748296	-0.17532580467954104
0.3310069327545327	-0.20873245417855124
0.3085087100117727	-0.24016413203933723
0.28297410634666526	-0.2693066718112934
0.25464737564951406	-0.2958625155373983
0.2238016032391856	-0.3195546247084532
0.1907364507078234	-0.3401306273841442
0.15577547776235676	-0.3573670411429649
0.11926304247923042	-0.37107337868406526
0.0815608020255437	-0.3810959248428451
0.04304385751066139	-0.38732097349820466
0.00409660732590276	-0.38967733164096485
-0.03489160881753158	-0.38813793495437626
-0.07353097966497249	-0.3827204716595074
-0.11143570314943306	-0.3734869741892416
-0.1482283745028208	-0.36054240519288
-0.18354418418800905	-0.34403232860340327
-0.21703484022350145	-0.3241398115497796
-0.24837214649796496	-0.30108174351095535
-0.2772511889256925	-0.27510478187760934
-0.3033931028734868	-0.24648113676566893
-0.3265474162788263	-0.21550439339636637
-0.34649398155276007	-0.18248554030601086
-0.36304452434002843	-0.1477493300278643
-0.3760438475583329	-0.11163105030953009
-0.3853707344019344	-0.0744737330863599
-0.3909385941756049	-0.03662577964735206
-0.39269589033140484	0.0015610626382101308
-0.3906263816479629	0.039733471162529406
-0.38474919609889896	0.07753818950442233
-0.3751187437470784	0.11462367444146884
-0.3618244612106052	0.15064188303870948
-0.3449903671393365	0.18525032131185654
-0.3247743969482339	0.21811445115287809
-0.30136747690876087	0.24891051692137134
-0.2749922935639596	0.2773288094520036
-0.24590171501836014	0.3030773361287833
-0.21437682633820293	0.3258858148494157
-0.18072455204847698	0.34550986151392743
-0.14527485403541743	0.36173519982762437
-0.1083775120829521	0.37438169328924686
-0.07039851537756805	0.38330698611316794
-0.03171611486031851	0.38840954506539377
0.007283393635510705	0.3896309184962428
0.04621006883893006	0.3869570708012565
0.08467480779576202	0.3804187065600879
0.12229381015094765	0.3700905633077509
0.1586929204573122	0.35608971874857237
0.19351175390066214	0.3385730204060247
0.22640752453851715	0.3177337970133693
0.257058513303336	0.2937980466205371
0.2851671338626246	0.2670203136265618
0.3104625760286484	0.2376794651367009
0.33270302688996484	0.20607455764373134
0.3516774875573947	0.17252095115915073
0.367207217121795	0.13734678378057555
0.3791468443135098	0.10088986996701715
0.3873851911151984	0.06349503513011025
0.39184585133953187	0.025511851688424115
0.39248756145288327	-0.012707299095482199
0.38930439152043544	-0.0508089467549323
0.3823257721018968	-0.08844016051404842
0.3716163594176257	-0.12525022359335047
0.35727572738322666	-0.1608924848995288
0.33943786243771995	-0.19502650353849127
0.3182704266755284	-0.22732057355571822
0.2939737477265763	-0.2574546783304983
0.2667794910094287	-0.28512387847109794
0.2369489720323567	-0.31004208703766156
0.20477107360189642	-0.3319461353879941
0.1705597449547579	-0.3505999864031512
0.1346510763212662	-0.3657989140290964
0.09739996214893862	-0.3773734434044449
0.05917638764037721	-0.3851928378822345
0.020361394572491708	-0.389167930062629
-0.0186571983721486	-0.3892531236468853
-0.057489230156885354	-0.38544743943265714
-0.09574668625868003	-0.37779453794332685
-0.13304813774555074	-0.36638171722118523
-0.1690230297029171	-0.351337950501772
-0.20331572784590515	-0.3328310880901695
-0.235589247320951	-0.3110643949241341
-0.265528606830732	-0.28627262579670987
-0.292843772480293	-0.25871785185853535
-0.31727217720243905	-0.22868524484812197
-0.33858082144991736	-0.1964790014968892
-0.3565679775018169	-0.16241855322160417
-0.37106453209423823	-0.12683515996107356
-0.38193500949403164	-0.09006893655959608
-0.38907831940615745	-0.05246630996984676
-0.39242827148800097	-0.014377859702204687
-0.39195389134659836	0.02384354441707339
-0.3876595626045863	0.061844421624111814
-0.379585007021776	0.09927230823717027
-0.36780510095715224	0.13577747055393488
-0.352429512910989	0.17101483102973655
-0.3336021347512049	0.20464621613481573
-0.3115002696840259	0.23634300316064696
-0.28633353411907553	0.265789202773484
-0.2583424291293291	0.2926849668763945
-0.22779654074379665	0.3167504607352753
-0.19499233698227403	0.3377299884737787
-0.1602505430490409	0.35539621655958054
-0.12391309367035792	0.36955430548830964
-0.08633968195137898	0.38004573976387207
-0.04790394571764371	0.38675164365059334
