2.485620954919274261e-01 0.000000000000000000e+00
2.604275780456414835e-01 5.751951295592126236e-03
2.722094536335679105e-01 1.177109350385025822e-02
2.838711506644432392e-01 1.805519259425801201e-02
2.953746934703013194e-01 2.460121017856841535e-02
3.066809501734673038e-01 3.140515865526943839e-02
3.177496326865575926e-01 3.846210120958400147e-02
3.285392967124800001e-01 4.576615181346996991e-02
3.390073417444332549e-01 5.331047522562010893e-02
3.491100110659076106e-01 6.108728699146218077e-02
3.588006559252737149e-01 6.908662706926926855e-02
3.680325639155667128e-01 7.729776810800326192e-02
3.767616605171690836e-01 8.571065027194248176e-02
3.849439287805405119e-01 9.431412334090291671e-02
3.925354042752381423e-01 1.030959433065633535e-01
3.994921750899164681e-01 1.120427723724656682e-01
4.057703818323272205e-01 1.211401789540145491e-01
4.113262176293193684e-01 1.303726376784776764e-01
4.161159281268395627e-01 1.397235293849856952e-01
4.200958114899314699e-01 1.491751411245320624e-01
4.232222184027362166e-01 1.587086661599733939e-01
4.254515520684923890e-01 1.683042039660289646e-01
4.267402682095355337e-01 1.779407602292811530e-01
4.270448750672989902e-01 1.875962468481752188e-01
4.263219334023131135e-01 1.972474819330194695e-01
4.245280564942057744e-01 2.068701898059849831e-01
4.216199101417021367e-01 2.164390010011058019e-01
4.175542126626245465e-01 2.259274522642790162e-01
4.122888740878705160e-01 2.353080075588223907e-01
4.058002187613094502e-01 2.445528703503829504e-01
3.980534510798583447e-01 2.536342179784000228e-01
3.890081735791899309e-01 2.625234714695323657e-01
3.786252339087907148e-01 2.711912842052304762e-01
3.668667248319610330e-01 2.796075419217365354e-01
3.536959842258149966e-01 2.877413627100843807e-01
3.390775950812804362e-01 2.955610970160995610e-01
3.229773855030994012e-01 3.030343276403992259e-01
3.053624287098272161e-01 3.101278697383923477e-01
2.862010430338333689e-01 3.168077708202793885e-01
2.654627919213010667e-01 3.230393107510527440e-01
2.431184839322273195e-01 3.287870017504962439e-01
2.191401727404229949e-01 3.340145883931855408e-01
1.935011571335127356e-01 3.386850476084879991e-01
1.661759810129349868e-01 3.427605886805625834e-01
1.371404333939420517e-01 3.462026532483598595e-01
1.063715484056000360e-01 3.489719153056223266e-01
7.384760529078873703e-02 3.510282812008839182e-01
3.954812840620212239e-02 3.523308896374704458e-01
3.453887222347371520e-03 3.528381116734992662e-01
-3.445310367645427335e-02 3.525075507218795035e-01
-7.418958459206684286e-02 3.512960425503117712e-01
-1.157710507125419841e-01 3.491596552812887277e-01
-1.591971869737749956e-01 3.460619439922779095e-01
-2.043980950104969108e-01 3.419778305524863726e-01
-2.512881694437695268e-01 3.368577358975172187e-01
-2.997600612128659137e-01 3.306562425192087207e-01
-3.496828664043857282e-01 3.233339724430442375e-01
-4.009021262522551865e-01 3.148575872281522692e-01
-4.532398271377272581e-01 3.051997879673063463e-01
-5.064944005893818879e-01 2.943393152869249740e-01
-5.604407232831238872e-01 2.822609493470722430e-01
-6.148301170421870410e-01 2.689555098414567746e-01
-6.693903488371297783e-01 2.544198559974326090e-01
-7.238256307858385030e-01 2.386568865759988445e-01
-7.778166201535253732e-01 2.216755398717995540e-01
-8.310204193527296335e-01 2.034907937131240629e-01
-8.830705759433168378e-01 1.841236654619067548e-01
-9.335770826324791827e-01 1.636012120137270431e-01
-9.821263772747353960e-01 1.419565297978095386e-01
-1.028275407916896755e+00 1.192284443967521895e-01
-1.071683028495280521e+00 9.547460600269588871e-02
-1.112163504820763871e+00 7.076928916482454202e-02
-1.149557556996847030e+00 4.518753674939576109e-02
-1.183728196552427780e+00 1.880472566336387208e-02
-1.214560726441801908e+00 -8.303433145620266534e-03
-1.241962741044664087e+00 -3.606089468920923441e-02
-1.265864126166106995e+00 -6.439127993835908059e-02
-1.286217059036620869e+00 -9.321787582332942412e-02
-1.302996008312094833e+00 -1.224636352336832129e-01
-1.316197734073816239e+00 -1.520511770182870481e-01
-1.325841287828470216e+00 -1.819027859853110940e-01
-1.331968012508140786e+00 -2.119404129022282868e-01
-1.334641542470309750e+00 -2.420856744958157503e-01
-1.333947803497856688e+00 -2.722598534521539770e-01
-1.329995012799060516e+00 -3.023838984166267729e-01
-1.322913679007597265e+00 -3.323784239939215346e-01
-1.312865160962621403e+00 -3.621734268209963470e-01
-1.300030214522178706e+00 -3.917212961152013451e-01
-1.284551564401574364e+00 -4.209608543773609712e-01
-1.266551459894082798e+00 -4.498313242588291572e-01
-1.246132694402194652e+00 -4.782732159991954779e-01
-1.223378605437617672e+00 -5.062283274262853183e-01
-1.198353074621276049e+00 -5.336397439561595402e-01
-1.171100527683310411e+00 -5.604518385931144264e-01
-1.141645934463078715e+00 -5.866102719296821810e-01
-1.109994808909154695e+00 -6.120619921466301516e-01
-1.076133209079329189e+00 -6.367552350129620509e-01
-1.040027737140609032e+00 -6.606395238859166241e-01
-1.001625539369219497e+00 -6.836656697109676495e-01
-9.608543061506005234e-01 -7.057857710218257141e-01
-9.176222719794094873e-01 -7.269532139404361049e-01
-8.718182154595202071e-01 -7.471226721769804735e-01
-8.233114593040236073e-01 -7.662501070298755046e-01
-7.720947255594744485e-01 -7.842910323422169760e-01
-7.183392549198477361e-01 -8.011775939078236153e-01
-6.616751933038160782e-01 -8.168241242288148962e-01
-6.017423209543113494e-01 -8.311440517240026304e-01
-5.382308830351554274e-01 -8.440502789194552768e-01
-4.708815896310604154e-01 -8.554551824484970535e-01
-3.994856157476288083e-01 -8.652706130517090477e-01
-3.238846013113532152e-01 -8.734078955769281061e-01
-2.439706511696163038e-01 -8.797778289792473894e-01
-1.596863350906909673e-01 -8.842906863210168167e-01
-7.102468776374062931e-02 -8.868562147718421773e-01
2.197079120118145684e-02 -8.873836356085855748e-01
1.192061372731319235e-01 -8.857816442153653158e-01
2.205369210002763314e-01 -8.819584100835564655e-01
3.257682480098915145e-01 -8.758215768117896260e-01
4.346547590083646440e-01 -8.672782621059519359e-01
5.469006297811874751e-01 -8.562350577791875139e-01
6.621595711929674222e-01 -8.425980297518956830e-01
7.796325515260511541e-01 -8.262884437028309437e-01
8.975311691296874450e-01 -8.073004858867059985e-01
1.014094797972120432e+00 -7.856681251152243251e-01
1.127704804646767256e+00 -7.614505477639378350e-01
1.236884548162090258e+00 -7.347321577716182661e-01
1.340299379941596536e+00 -7.056225766402570709e-01
1.436756643823837942e+00 -6.742566434350655280e-01
1.525205676062411086e+00 -6.407944147844749638e-01
1.604737805325957556e+00 -6.054211648801360868e-01
1.674586352698163916e+00 -5.683473854769199862e-01
1.734214551680924865e+00 -5.298165306287899723e-01
1.784036458836789629e+00 -4.900838812242833686e-01
1.824851289173803126e+00 -4.493335927523383622e-01
1.857401505288891697e+00 -4.077388383323445886e-01
1.882377569108528048e+00 -3.654676249523365894e-01
1.900417941888732809e+00 -3.226827934689934785e-01
1.912109084215073640e+00 -2.795420186076390534e-01
1.917985456002666123e+00 -2.361978089622416288e-01
1.918529516496172205e+00 -1.927975069954136200e-01
1.914273901857899363e+00 -1.494766475040200659e-01
1.906148972561347410e+00 -1.063142448603348056e-01
1.894761859801679327e+00 -6.337226662770711894e-02
1.880583653810666833e+00 -2.071088714624438193e-02
1.863992723415735187e+00 2.161282168460503667e-02
1.845274716039961183e+00 6.354489040605171279e-02
1.824622557702074710e+00 1.050344519999654169e-01
1.802136453016457862e+00 1.460337418888748295e-01
1.777823885193144937e+00 1.864980979359676938e-01
1.751682738243607318e+00 2.263866344116817753e-01
1.724045825135034127e+00 2.656666423599073901e-01
1.695055106475525708e+00 3.043081170160611970e-01
1.664791875271928401e+00 3.422814227215336680e-01
1.633311580225874193e+00 3.795574145058274174e-01
1.600643825733779835e+00 4.161074380865562583e-01
1.566792371886846613e+00 4.519033298694458134e-01
1.531735134471060800e+00 4.869174169483335146e-01
1.495424184967193648e+00 5.211225171051682148e-01
1.457785750550801396e+00 5.544919388100105762e-01
1.418725097257375278e+00 5.869995971317906180e-01
1.378217669053507510e+00 6.186191327031970166e-01
1.336248074654114548e+00 6.493176510727451944e-01
1.292770799224890910e+00 6.790590375036612558e-01
1.247721761781751093e+00 7.078048985290444906e-01
1.201018315190829577e+00 7.355145619518685951e-01
1.152559246168480378e+00 7.621450768449816726e-01
1.102224775281277713e+00 7.876512135511053447e-01
1.049876556946014006e+00 8.119854636828360839e-01
9.953576794297025465e-01 8.350980401226442140e-01
9.384926648495758306e-01 8.569368770228741328e-01
8.790874691730862223e-01 8.774476298057447554e-01
8.169294822179048454e-01 8.965736751633489598e-01
7.517875276519235817e-01 9.142561110576539196e-01
6.834118629932530720e-01 9.304337567205006598e-01
6.115341796102241601e-01 9.450431526536046123e-01
5.359192459368697925e-01 9.580155818943112411e-01
4.564617419059746606e-01 9.692513124171070471e-01
3.727382213773888786e-01 9.786406649211294440e-01
2.843784310958176742e-01 9.860750713122119482e-01
1.911193224390294598e-01 9.914461344585230318e-01
9.280505141785573564e-02 9.946456281905637908e-01
-1.061302132380855835e-02 9.955654973011697217e-01
-1.190763305090052765e-01 9.940978575455097221e-01
-2.324191062277135011e-01 9.901349956410867570e-01
-3.503683739368483319e-01 9.835693692677371924e-01
-4.725439544602625941e-01 9.742936070676313509e-01
-5.984911494050823011e-01 9.621987381417355101e-01
-7.275525211371496326e-01 9.471806389306897112e-01
-8.577729704103944641e-01 9.292189793625069694e-01
-9.870972535070835496e-01 9.083358711931894813e-01
-1.113626560458730097e+00 8.845837251687475034e-01
-1.235618515046093879e+00 8.580452510251987963e-01
-1.351487174799181235e+00 8.288334574885684036e-01
-1.459803030997248952e+00 7.970916522748875410e-01
-1.559293008668788394e+00 7.629934420901984815e-01
-1.648840466591550147e+00 7.267427326305480051e-01
-1.727485197292527141e+00 6.885737285819910625e-01
-1.794435475080998987e+00 6.487509894604802652e-01
-1.850003586040223746e+00 6.075545609692861726e-01
-1.895180069872539841e+00 5.652233992277324592e-01
-1.930762750423417717e+00 5.219747382593177276e-01
-1.957580955928856614e+00 4.780130719144676243e-01
-1.976495519015384783e+00 4.335301538705353952e-01
-1.988398776700059267e+00 3.887049976318014410e-01
-1.994222715077007768e+00 3.436946634845774451e-01
-1.994830602292521293e+00 2.986150809514537818e-01
-1.990953984106291097e+00 2.535678225058757285e-01
-1.983216444091483899e+00 2.086461668029372107e-01
-1.972133603811637048e+00 1.639350986646899710e-01
-1.958113122820655416e+00 1.195113090801435546e-01
-1.941485760072128253e+00 7.544495037523984982e-02
-1.922612649760442549e+00 3.178811029983630299e-02
-1.901812506810634407e+00 -1.142205372728184037e-02
-1.879344595769876003e+00 -5.414967389767420120e-02
-1.855409069302905278e+00 -9.636001901330731867e-02
-1.830146968192023937e+00 -1.380194944865545947e-01
-1.803640221337099003e+00 -1.790956423401964814e-01
-1.775911645755563040e+00 -2.195571412074204809e-01
-1.746924946582411931e+00 -2.593738063318210552e-01
-1.716586720271773947e+00 -2.985166162439377158e-01
-1.684971657675267576e+00 -3.369603072660042331e-01
-1.652224973291658960e+00 -3.746804812149157060e-01
-1.618391013598852624e+00 -4.116512870400123036e-01
-1.583492518208622357e+00 -4.478466044638408916e-01
-1.547530619866612778e+00 -4.832400439821547544e-01
-1.510484844452339992e+00 -5.178049468639143171e-01
-1.472313110979189599e+00 -5.515143851512864792e-01
-1.432951731594418465e+00 -5.843411616596442260e-01
-1.392315411579153617e+00 -6.162578099775681828e-01
-1.350297249348393125e+00 -6.472365944668451165e-01
-1.306768736451005442e+00 -6.772495102624683794e-01
-1.261579757569729843e+00 -7.062682832726382420e-01
-1.214684365873028860e+00 -7.342573661595620527e-01
-1.166075972442850217e+00 -7.611738943632101462e-01
-1.115611486747035253e+00 -7.869766614360614865e-01
-1.063136251672712085e+00 -8.116203030221847969e-01
-1.008484219906415458e+00 -8.350552879753183610e-01
-9.514779539340747494e-01 -8.572279183588755735e-01
-8.919286260410218548e-01 -8.780803294459406105e-01
-8.296360183119884102e-01 -8.975504897192706499e-01
-7.643885226311072367e-01 -9.155722008712944282e-01
-6.959631406819106747e-01 -9.320750978041133505e-01
-6.241254839473322491e-01 -9.469846486295004917e-01
-5.486297737097053373e-01 -9.602221546689019283e-01
-4.692188410507637242e-01 -9.717047504534355173e-01
-3.856241268516418796e-01 -9.813454037238913408e-01
-2.975656817928744591e-01 -9.890529154307315940e-01
-2.047539285911298690e-01 -9.947315738557621634e-01
-1.069815000508362729e-01 -9.982640545149787936e-01
-4.107106849452164983e-03 -9.995287622353101753e-01
1.039202030220603284e-01 -9.984102591393045900e-01
2.170232713201323271e-01 -9.947931919756026753e-01
3.349718272062517932e-01 -9.885647041329246321e-01
4.573120117980794541e-01 -9.796187323650510370e-01
5.833262455256632562e-01 -9.678642278473080784e-01
7.120054822148339513e-01 -9.532308536990939940e-01
8.421585634573104384e-01 -9.356443979436650515e-01
9.722463483193561906e-01 -9.150411596275114245e-01
1.100037637136156432e+00 -8.915119270679144892e-01
1.223502888479931938e+00 -8.651751541371228704e-01
1.340865918211499475e+00 -8.361675913528849868e-01
1.450603899480273240e+00 -8.046442858784494945e-01
1.551447362724264423e+00 -7.707785815225653980e-01
1.642380195670080756e+00 -7.347621187394813846e-01
1.722639643332926074e+00 -6.968048346289468231e-01
1.791716308016603199e+00 -6.571349629362107647e-01
1.849354149313508833e+00 -6.159990340520227203e-01
1.895622456579146409e+00 -5.736657071665348662e-01
1.931804698982814150e+00 -5.304240259302768212e-01
1.959192869398585835e+00 -4.864674548603935555e-01
1.978810858367349601e+00 -4.419635715446291191e-01
1.991562888802260067e+00 -3.970722968150049992e-01
1.998233515988739217e+00 -3.519458947478196764e-01
1.999487627584475513e+00 -3.067289726636494573e-01
1.995874142014807839e+00 -2.615583077089589370e-01
1.988171978056681333e+00 -2.165373280129501143e-01
1.977105433203434570e+00 -1.717314379728387130e-01
1.963153305931198744e+00 -1.272035967419911651e-01
1.946711877471597685e+00 -8.301271487539067795e-02
1.928094911811749412e+00 -3.921365432964402098e-02
1.907533655694261920e+00 4.142771537028627250e-03
1.885176838617236728e+00 4.700979796478674255e-02
1.861153706545177089e+00 8.934615378205740255e-02
1.835671988961970813e+00 1.311209291860235548e-01
1.808879937473763189e+00 1.723064159609641044e-01
1.780892576702038932e+00 2.128754513544204030e-01
1.751792473785070303e+00 2.528014185829956517e-01
1.721629738377919105e+00 2.920582468323555392e-01
1.690422022652434020e+00 3.306204112572275200e-01
1.658154521297253492e+00 3.684629329814011478e-01
1.624779971517803512e+00 4.055613790977284916e-01
1.590218653036298280e+00 4.418918626681231920e-01
1.554379051541727064e+00 4.774325277950297597e-01
1.517278192237116574e+00 5.121623115033241413e-01
1.478946387321238287e+00 5.460511725457375398e-01
1.439389910658217087e+00 5.790674946797002010e-01
1.398593034428189164e+00 6.111786552442701748e-01
1.356518029127301350e+00 6.423510251601324272e-01
1.313105163567713563e+00 6.725499689295990624e-01
1.268272704877596357e+00 7.017398446366097664e-01
1.221916918501132265e+00 7.298840039467310303e-01
1.173912068198515346e+00 7.569447921071565943e-01
1.124110416045950966e+00 7.828835479467074476e-01
1.072342222435657355e+00 8.076606038758319395e-01
1.018415746075862938e+00 8.312352858866054461e-01
9.621172439908084462e-01 8.535659135527303709e-01
9.032109715207459200e-01 8.746098000295370323e-01
8.414797765293487997e-01 8.943232158418726874e-01
7.771543071053357288e-01 9.126482165062778096e-01
7.098956937093895414e-01 9.294979018215507871e-01
6.392105707045905305e-01 9.447806179389220960e-01
5.646758450001514440e-01 9.584032604809294975e-01
4.859386960514164855e-01 9.702712745414197038e-01
4.027165758598624801e-01 9.802886546855470451e-01
3.147972089730975420e-01 9.883579449497742475e-01
2.220385924848627124e-01 9.943802388418717664e-01
1.243689960350302659e-01 9.982551793409186747e-01
2.178696180960535550e-02 9.998809588973015527e-01
-8.563869545927584037e-02 9.991543194327152655e-01
-1.977688884933444802e-01 9.959705523401632954e-01
-3.143942574682037083e-01 9.902234984839559662e-01
-4.352351700133125778e-01 9.818055481997134404e-01
-5.599417212120101350e-01 9.706076412943626108e-01
-6.880772502110235056e-01 9.565198531374096147e-01
-8.183910999849092205e-01 9.394709152375003702e-01
-9.487065788891854146e-01 9.194677403940874072e-01
-1.076952302849313980e+00 8.965534463118846054e-01
-1.201227917550028446e+00 8.708027698797152771e-01
-1.319804098435333861e+00 8.423220671705120566e-01
-1.431122550708503693e+00 8.112493134413182316e-01
-1.533796009332097254e+00 7.777541031332818600e-01
-1.626608239027921288e+00 7.420376498716688696e-01
-1.708514034277079707e+00 7.043327864658442961e-01
-1.778702285878235090e+00 6.649080999124755698e-01
-1.837487126760441791e+00 6.240596163175780031e-01
-1.885751663709681614e+00 5.820095785816419287e-01
-1.924328346612124374e+00 5.389622637487349044e-01
-1.954026658570185093e+00 4.951158995013980602e-01
-1.975633115902546644e+00 4.506626641606226169e-01
-1.989911268144141987e+00 4.057886866858739783e-01
-1.997601698046168384e+00 3.606740466750666951e-01
-1.999460548487267841e+00 3.154894048580524357e-01
-1.996529275762809696e+00 2.703450072234402368e-01
-1.989595150776003019e+00 2.253138621742661329e-01
-1.979268907423848756e+00 1.804669064545345591e-01
-1.966045906936347176e+00 1.358719180675162785e-01
-1.950306137876503865e+00 9.159351627577159982e-02
-1.932314216140321506e+00 4.769316160112386377e-02
-1.912219384956810098e+00 4.229155824685603728e-03
-1.890094521773767022e+00 -3.874448944313259313e-02
-1.866289400050301417e+00 -8.119202378341619508e-02
-1.841036262800746393e+00 -1.230850486058785442e-01
-1.814479845220811738e+00 -1.643950354504474243e-01
-1.786730389658678808e+00 -2.050941373057751649e-01
-1.757863645615015846e+00 -2.451551886092145083e-01
-1.727920869742961330e+00 -2.845517052468424235e-01
-1.696908825848140845e+00 -3.232578845534365697e-01
-1.664799784888649992e+00 -3.612486053124983609e-01
-1.631531524975072145e+00 -3.984994277562307063e-01
-1.597020146235136329e+00 -4.349878976111862250e-01
-1.561275481847028468e+00 -4.706940626256201354e-01
-1.524342160166067606e+00 -5.055893288979806943e-01
-1.486241228566436812e+00 -5.396435543424251691e-01
-1.446971051434971178e+00 -5.728258910586169206e-01
-1.406507310171183578e+00 -6.051047853317075287e-01
-1.364803003187238017e+00 -6.364479776323541671e-01
-1.321788445907975840e+00 -6.668225026167021730e-01
-1.277371270770890410e+00 -6.961946891264028103e-01
-1.231436427226152208e+00 -7.245301601885956178e-01
-1.183846181736582626e+00 -7.517938330159255056e-01
-1.134440117777681722e+00 -7.779499190065263248e-01
-1.083035135837600249e+00 -8.029619237440362989e-01
-1.029425453417166514e+00 -8.267926469975838133e-01
-9.733826050298597377e-01 -8.494041827218008489e-01
-9.148415364730123622e-01 -8.707506142249616943e-01
-8.539060869874143256e-01 -8.907601269191243176e-01
-7.901877608300009737e-01 -9.093614978909997371e-01
-7.233122997937884158e-01 -9.264801317639158595e-01
-6.529422870258867473e-01 -9.420375300847392275e-01
-5.787771470274631902e-01 -9.559512913238847887e-01
-5.005531456537808399e-01 -9.681351108753071255e-01
-4.180433901141573649e-01 -9.784987810565087818e-01
-3.310578289720087497e-01 -9.869481911085326020e-01
-2.394432521448033313e-01 -9.933853271959678377e-01
-1.430832909041101220e-01 -9.977082724069458175e-01
-4.189841787554766939e-02 -9.998112067531431668e-01
6.415405296116966083e-02 -9.995844071697791433e-01
1.750799662722491989e-01 -9.969142475156177463e-01
2.908483253698476156e-01 -9.916831985729661625e-01
4.113912922120118720e-01 -9.837698280476764312e-01
5.368430499494750707e-01 -9.730315832980016566e-01
6.660384043165665791e-01 -9.593747915102533996e-01
7.968229786942611081e-01 -9.427811527190235186e-01
9.271940824409506954e-01 -9.232611862044937112e-01
1.055303095453754558e+00 -9.008541109303390693e-01
1.179455468168443488e+00 -8.756278455437407349e-01
1.298110721559515568e+00 -8.476790083753714677e-01
1.409882447140121675e+00 -8.171329174394109662e-01
1.513538306962137536e+00 -7.841435904335295470e-01
1.608000033616095115e+00 -7.488937447389060198e-01
1.692343430231246337e+00 -7.115947974202079251e-01
1.765798370475505585e+00 -6.724868652256131840e-01
1.827748798555500320e+00 -6.318387645867870051e-01
1.878027782573551407e+00 -5.899394535148095864e-01
1.918072378014520796e+00 -5.470282343163900274e-01
1.948893573201842644e+00 -5.033151769205552739e-01
1.971396598913415454e+00 -4.589962507819471682e-01
1.986491863715053707e+00 -4.142518667461733695e-01
1.995095041387053181e+00 -3.692462172606691961e-01
1.998088401195479591e+00 -3.241150811325838044e-01
1.996242189585497151e+00 -2.789699779392597612e-01
1.990225910128570419e+00 -2.339114520805350983e-01
1.980611080916058864e+00 -1.890295298149491376e-01
1.967867188848565041e+00 -1.444050336433174153e-01
1.952364848074656045e+00 -1.001153220416897555e-01
1.934508091010986863e+00 -5.620668844129943914e-02
1.914651157800368875e+00 -1.271817102164555201e-02
1.893076450746838058e+00 3.031219639330462803e-02
1.869994534315644774e+00 7.284738433514074962e-02
1.845544135133264874e+00 1.148513676909847098e-01
1.819792141987387257e+00 1.562891257035150805e-01
1.792733605826927201e+00 1.971266419709428452e-01
1.764291739762013034e+00 2.373309044470353624e-01
1.734395578682870420e+00 2.768708976546685463e-01
1.703311351080939451e+00 3.157225518617285398e-01
1.671130538525767317e+00 3.538614308639905781e-01
1.637889258389511271e+00 3.912625339066782004e-01
1.603602852720435790e+00 4.279006559429081591e-01
1.568265888242905914e+00 4.637503876336992459e-01
1.531852156357379480e+00 4.987861153479794529e-01
1.494314673140425320e+00 5.329820211625685422e-01
1.455585679344702399e+00 5.663120828621972525e-01
1.415576640398980013e+00 5.987500739394888694e-01
1.374178246408118031e+00 6.302695635949775443e-01
1.331270214405455121e+00 6.608436529929645475e-01
1.286842871363040874e+00 6.904403483370805672e-01
1.240839101053799354e+00 7.190239882701303653e-01
1.193158826829465724e+00 7.465560682554608363e-01
1.143686592046021300e+00 7.729947042363053411e-01
1.092291560063665345e+00 7.982946326358000277e-01
1.038827514246843053e+00 8.224072103569683989e-01
9.831328579642174548e-01 8.452804147827358561e-01
9.250306145886991738e-01 8.668588437759158216e-01
8.643284274974143422e-01 8.870837156792231726e-01
8.008185600717384611e-01 9.058928693152616951e-01
7.342778956972607629e-01 9.232207639865352977e-01
6.644679377638220696e-01 9.389984794754377972e-01
5.911348096654752693e-01 9.531537160442624668e-01
5.140092548005258388e-01 9.656107944351930428e-01
4.328066365714895447e-01 9.762906558703126070e-01
3.472413598772070009e-01 9.851088916505534865e-01
2.571141221849606029e-01 9.919511474629558734e-01
1.621220715873411267e-01 9.966989666521937075e-01
6.204822913196370027e-02 9.992380368009869951e-01
-4.319192747972027541e-02 9.994550929218494195e-01
-1.535504638924806153e-01 9.972379174570900062e-01
-2.688469890972486342e-01 9.924753402788122347e-01
-3.887686554311793330e-01 9.850572386889133725e-01
-5.128807905593349981e-01 9.748779222507856224e-01
-6.403909616861988008e-01 9.618548080180261417e-01
-7.699303794713315829e-01 9.459212136304832041e-01
-8.999831906796903480e-01 9.270468446678605812e-01
-1.028922402205180386e+00 9.052406463548785531e-01
-1.155009881070731215e+00 8.805508035612613638e-01
-1.276396354428220636e+00 8.530647408017514310e-01
-1.391121409558548239e+00 8.229091222360943592e-01
-1.497236008100321314e+00 7.902495519112087141e-01
-1.593488816292724319e+00 7.552993555985103580e-01
-1.679035382612709126e+00 7.183004438554190241e-01
-1.753406940625924726e+00 6.794975770397492232e-01
-1.816525497131598943e+00 6.391375495521744998e-01
-1.868703832162561085e+00 5.974691898362209930e-01
-1.910616222060675939e+00 5.547434647622617732e-01
-1.943088293440346837e+00 5.111907517115636956e-01
-1.967123641299016290e+00 4.669981175155108466e-01
-1.983678038158469104e+00 4.223377722982571414e-01
-1.993623967148128617e+00 3.773697385317789643e-01
-1.997750622005047383e+00 3.322418510359012589e-01
-1.996766034585173877e+00 2.870909691465107216e-01
-1.991381714860757768e+00 2.420434003767535647e-01
-1.982313131021593788e+00 1.971682964821105388e-01
-1.970163501633059200e+00 1.525220302804176642e-01
-1.955418087607617483e+00 1.081601858759495688e-01
-1.938444192204824557e+00 6.413755865944542611e-02
-1.919491161031320337e+00 2.050815530808312859e-02
-1.898690382040838287e+00 -2.267480621449512526e-02
-1.876055285534195871e+00 -6.535889665820801553e-02
-1.851492242331163718e+00 -1.074927716645439346e-01
-1.825332862086557206e+00 -1.490434099986847338e-01
-1.797896841499759368e+00 -1.899881955243749865e-01
-1.769282560107694691e+00 -2.303010804761152219e-01
-1.739562149059710183e+00 -2.699563593685254670e-01
-1.708781491117556950e+00 -3.089286689963689492e-01
-1.676960220655410172e+00 -3.471929884345289485e-01
-1.644091723659848459e+00 -3.847246390380312242e-01
-1.610143137729874718e+00 -4.214992844420218931e-01
-1.575055352076894843e+00 -4.574929305617893571e-01
-1.538743302900593024e+00 -4.926823296795778684e-01
-1.501145035685333529e+00 -5.270493221133808470e-01
-1.462274968052853064e+00 -5.605661329750774025e-01
-1.422137756984807266e+00 -5.932005168518833527e-01
-1.380716455175749591e+00 -6.249189606610068282e-01
-1.337972511033108214e+00 -6.556866836496678674e-01
-1.293845768677210017e+00 -6.854676373950792101e-01
-1.248254467941255941e+00 -7.142245058044651707e-01
-1.201095244371346071e+00 -7.419187051150435419e-01
-1.152243129226453444e+00 -7.685103838940424703e-01
-1.101551549478451353e+00 -7.939584230386845798e-01
-1.048852327812085594e+00 -8.182204357762025149e-01
-9.939556826250024457e-01 -8.412527676638233975e-01
-9.366502280277202441e-01 -8.630104965887839263e-01
-8.767029738436591391e-01 -8.834474327683161654e-01
-8.138593256091086747e-01 -9.025161187496614223e-01
-7.479275507613872831e-01 -9.201705211751484148e-01
-6.791560117371904237e-01 -9.363598675890233425e-01
-6.070611070819408317e-01 -9.509769786940008851e-01
-5.310890473039943105e-01 -9.639085434838762234e-01
-4.507891447859094791e-01 -9.750435199041860290e-01
-3.658138137844930693e-01 -9.842731348522016921e-01
-2.759185704307530185e-01 -9.914908841769350945e-01
-1.809620327299474307e-01 -9.965925326791342798e-01
-8.090592056153279865e-02 -9.994761141112860070e-01
2.418494432078136663e-02 -1.000041931177614751e+00
1.341426382890897884e-01 -9.981925555340828149e-01
2.486961358412313472e-01 -9.938328277883905493e-01
3.674713096008515034e-01 -9.868698574999758000e-01
4.899909303173383690e-01 -9.772130231800153499e-01
6.156746668658888977e-01 -9.647739722914220328e-01
7.438390862474392184e-01 -9.494666212488493962e-01
8.736773614760146023e-01 -9.312057954809672689e-01
1.003308670854719198e+00 -9.099167834641982422e-01
1.130276489462717970e+00 -8.856871331473202824e-01
1.252528191490070553e+00 -8.586594403009708554e-01
1.368288126686593387e+00 -8.289903685675871214e-01
1.476057620361789002e+00 -7.968506494614218116e-01
1.574614973384912853e+00 -7.624250823685251310e-01
1.663015462184910920e+00 -7.259125345467650758e-01
1.740591338750476780e+00 -6.875259411258058950e-01
1.806951830629999423e+00 -6.474923051071301838e-01
1.861983140931610547e+00 -6.060526973640157911e-01
1.905863367142257569e+00 -5.634635681151385356e-01
1.939746895461614162e+00 -5.200171407609361918e-01
1.965037451636667098e+00 -4.759126044469003669e-01
1.982802492546944517e+00 -4.313062008425889715e-01
1.993968105113002487e+00 -3.863480613151671350e-01
1.999319006296436996e+00 -3.411822069293813930e-01
1.999498543099875070e+00 -2.959465484475858332e-01
1.995008692566981434e+00 -2.507728863297155053e-01
1.986388294096531837e+00 -2.057764046567452931e-01
1.974500395252012153e+00 -1.610205003806855772e-01
1.959825894146747904e+00 -1.165626285641510052e-01
1.942748586878668915e+00 -7.245757907822901467e-02
1.923577023064848346e+00 -2.875669468273059706e-02
1.902544505841492040e+00 1.449212897383490503e-02
1.879809091863949844e+00 5.724444335423484881e-02
1.855458049802817033e+00 9.945932584547424737e-02
1.829638552551580144e+00 1.411030348021981295e-01
1.802510657405030692e+00 1.821484345978509611e-01
1.774185887041594967e+00 2.225690781671732232e-01
1.744746808909714231e+00 2.623389225960822135e-01
1.714247035227827398e+00 3.014323291216956524e-01
1.682711222984389909e+00 3.398240631323083960e-01
1.650135073937854191e+00 3.774892941674154456e-01
1.616485334616688752e+00 4.144035959176893269e-01
1.581699796319359308e+00 4.505429462250022388e-01
1.545687295114348547e+00 4.858837270824042931e-01
1.508373827459667194e+00 5.204055720714373390e-01
1.469779925454404612e+00 5.540837984009934214e-01
1.429913572927794529e+00 5.868865644412343263e-01
1.388761413645676290e+00 6.187807084911046696e-01
1.346288789089020499e+00 6.497317566116819210e-01
1.302439738453953444e+00 6.797039226261576417e-01
1.257136998651731785e+00 7.086601081198562468e-01
1.210282004308768311e+00 7.365619024402165760e-01
1.161754887766606403e+00 7.633695826968094345e-01
1.111414479081945572e+00 7.890421137613216063e-01
1.059098306026615255e+00 8.135371482675699539e-01
1.004622594087602350e+00 8.368110266114885398e-01
9.477822664670215724e-01 8.588187769511415048e-01
8.883509440821472092e-01 8.795141152067097456e-01
8.260809455653798095e-01 8.988494450605040154e-01
7.607302045190276196e-01 9.167769025909827674e-01
6.925377606351097448e-01 9.332539629670604242e-01
6.211400815831895628e-01 9.481813015639157793e-01
5.459631300521802233e-01 9.614449715514795658e-01
4.665361223386443879e-01 9.729333361933472091e-01
3.824915283467507088e-01 9.825370688467870428e-01
2.935650715883195705e-01 9.901491529627328703e-01
1.995957291827742397e-01 9.956648820857901816e-01
1.005257318571935454e-01 9.989818598542317130e-01
-3.599436053743780388e-03 1.000000000000000000e+00
-1.126310366077019204e-01 9.986215263487060456e-01
-2.263170782547467008e-01 9.947509728196303191e-01
-3.443023158372839898e-01 9.882951834257219792e-01
-4.661282505901254147e-01 9.791633122735985406e-01
-5.912331301404188943e-01 9.672668235635483169e-01
-7.189519485077197070e-01 9.525194915895256464e-01
-8.485164461039191863e-01 9.348374007391574425e-01
-9.783822670105942754e-01 9.141333964724523975e-01
-1.106016097216413030e+00 8.904611950572957069e-01
-1.229311411921731878e+00 8.639616564555664402e-01
-1.346438924681155447e+00 8.347894830693166623e-01
-1.455846573261533772e+00 8.031132184412848041e-01
-1.556259519642029243e+00 7.691152472548796748e-01
-1.646680150014054655e+00 7.329917953341981152e-01
-1.726388074781328719e+00 6.949529296440059012e-01
-1.794940128559827430e+00 6.552225582897582834e-01
-1.852170370177826264e+00 6.140384305175780044e-01
-1.898190082675863533e+00 5.716521367142785026e-01
-1.933865672915292322e+00 5.283511744139550714e-01
-1.960718644816976441e+00 4.843626755949680951e-01
-1.979849560607370718e+00 4.398434844468950278e-01
-1.992215876186382628e+00 3.949443328416314958e-01
-1.998632606917562837e+00 3.498099100647706905e-01
-1.999772327628095869e+00 3.045788628156297917e-01
-1.996165172608805438e+00 2.593837952072237663e-01
-1.988278087562207919e+00 2.143469805671806838e-01
-1.976975352182311241e+00 1.695410571536358491e-01
-1.962802629407112143e+00 1.250226096853599977e-01
-1.946158344204031332e+00 8.084690791319493197e-02
-1.927366173639072588e+00 3.706580259881400718e-02
-1.906675046876813440e+00 -6.272274485303547774e-03
-1.884259145180414929e+00 -4.912231055584700273e-02
-1.860217927292493023e+00 -9.144271215982911760e-02
-1.834667040293993079e+00 -1.331976005762366133e-01
-1.807781024200274311e+00 -1.743591898556729469e-01
-1.779677128690739796e+00 -2.149009841203462501e-01
-1.750443831236411452e+00 -2.547968838565440874e-01
-1.720140837099948028e+00 -2.940211859146098505e-01
-1.688799079335626896e+00 -3.325485835089661557e-01
-1.656420718789362034e+00 -3.703541662180917515e-01
-1.622979144098686044e+00 -4.074134199845441673e-01
-1.588418971692768578e+00 -4.437022271149375641e-01
-1.552656045792397688e+00 -4.791968662799644396e-01
-1.515599015293823237e+00 -5.138757325223736183e-01
-1.477253387751121805e+00 -5.477168038014408324e-01
-1.437632593657491187e+00 -5.806888915147337960e-01
-1.396727668409915912e+00 -6.127590905985420555e-01
-1.354508394491154011e+00 -6.438931640537497447e-01
-1.310923301469712143e+00 -6.740555429458544578e-01
-1.265899665999867807e+00 -7.032093264049512626e-01
-1.219343511821659121e+00 -7.313162816257396948e-01
-1.171139609760876388e+00 -7.583368438675295309e-01
-1.121151477729083634e+00 -7.842301164542266889e-01
-1.069221380723591963e+00 -8.089538707743492152e-01
-1.015170330827489087e+00 -8.324645462810119634e-01
-9.587980872096080187e-01 -8.547172504919405833e-01
-8.998831561245588251e-01 -8.756657589894590865e-01
-8.381827909126960963e-01 -8.952625154205010594e-01
-7.734329920001530301e-01 -9.134586314965994491e-01
-7.057431056801735103e-01 -9.302144764235807939e-01
-6.349981429756917928e-01 -9.454470452678453984e-01
-5.605933316432830660e-01 -9.590402104518240822e-01
-4.820287776283500580e-01 -9.708804157543216018e-01
-3.989097334864373789e-01 -9.808566887101058951e-01
-3.109465983832702118e-01 -9.888606406099010870e-01
-2.179549180947394360e-01 -9.947864665003914864e-01
-1.198553850068861948e-01 -9.985309451842216966e-01
-1.667383811592195245e-02 -9.999934392199945066e-01
9.145873697179426887e-02 -9.990758949222726670e-01
2.043062080396916280e-01 -9.956828423615774470e-01
3.215272962610826735e-01 -9.897213953643904105e-01
4.426755761991008065e-01 -9.811012515131516398e-01
5.671994758067332443e-01 -9.697346921462589586e-01
6.944422764267496051e-01 -9.555365823580748152e-01
8.236421127918089891e-01 -9.384243709989154025e-01
9.536053515686373494e-01 -9.183092942436790196e-01
1.081813480519576931e+00 -8.951936677336133075e-01
1.206073540558194379e+00 -8.692168845102037356e-01
1.324502526876252917e+00 -8.405352557224365917e-01
1.435495655774297052e+00 -8.093177841520922122e-01
1.537726364661684997e+00 -7.757461642137367663e-01
1.630146312056530711e+00 -7.400147819547415740e-01
1.711985377585792500e+00 -7.023307150552546840e-01
1.782751661985213731e+00 -6.629137328282189712e-01
1.842231487099344589e+00 -6.219962962193626987e-01
1.890489395881509660e+00 -5.798235578072222784e-01
1.928042904510862687e+00 -5.366651119672843917e-01
1.956443107786338009e+00 -4.927894548768698146e-01
1.976904995388134800e+00 -4.483593174725122310e-01
1.990436344430851490e+00 -4.035235271485863584e-01
1.997897224969601648e+00 -3.584252093146001461e-01
2.000000000000000000e+00 -3.132017873952201437e-01
1.997309325458166640e+00 -2.679849828302596215e-01
1.990244787387688730e+00 -2.229006967086989144e-01
1.979516496095370615e+00 -1.780411656896123407e-01
1.965832159687213032e+00 -1.334607507740241950e-01
1.949604043165142908e+00 -8.921438946516734025e-02
1.931172172057459946e+00 -4.535374143245823192e-02
1.910804332418843510e+00 -1.927188511523030131e-03
1.888696070830346851e+00 4.102016529581516829e-02
1.864970694399411544e+00 8.344649382151159145e-02
1.839703483432059361e+00 1.253137823587240074e-01
1.813059678934413554e+00 1.665920952499145291e-01
1.785169864833610065e+00 2.072550620498501972e-01
1.756129253580810401e+00 2.472766446922688433e-01
1.726005176837006827e+00 2.866311605624971004e-01
1.694837085473036353e+00 3.252932824974258397e-01
1.662636549569573408e+00 3.632380387855224657e-01
1.629387258417148265e+00 4.004408131668082405e-01
1.595045020516118850e+00 4.368773448328917564e-01
1.559537763576690050e+00 4.725237284269468985e-01
1.522767360287484495e+00 5.073566619612651651e-01
1.484689981285933102e+00 5.413563101660947563e-01
1.445323422941302338e+00 5.744943353580251877e-01
1.404664043067422874e+00 6.067381730363565762e-01
1.362687193471764813e+00 6.380538293800430694e-01
1.319347219955464112e+00 6.684058812476755262e-01
1.274577462313284837e+00 6.977574761775082735e-01
1.228290254333643805e+00 7.260703323874410087e-01
1.180376923798598154e+00 7.533047387750274604e-01
1.130707792483871321e+00 7.794195549174592896e-01
1.079132176158814183e+00 8.043722110715899598e-01
1.025478384586430147e+00 8.281187081739191935e-01
9.695537215233612782e-01 8.506136178405997450e-01
9.111444847199212660e-01 8.718100823674244104e-01
8.500159659200458018e-01 8.916598147298460120e-01
7.859124508613255511e-01 9.101130985829639641e-01
7.186446798272587699e-01 9.271234564977776094e-01
6.484418838213877878e-01 9.426484396506362717e-01
5.747900441291190488e-01 9.565733743505995257e-01
4.971217507480467646e-01 9.687759673453910647e-01
4.149836215851712695e-01 9.791379168597155180e-01
3.280363024569487029e-01 9.875449125952521223e-01
2.360544670892185115e-01 9.938866357306648247e-01
1.389268171172508559e-01 9.980567589215947333e-01
3.665608208571985438e-02 9.999529463006626706e-01
-7.064098055123639586e-02 9.994768534774682855e-01
-1.827335854301045115e-01 9.965341275385911635e-01
-2.992769192779559662e-01 9.910344070475897160e-01
-4.198121409123904413e-01 9.828913220450037347e-01
-5.437663812416395626e-01 9.720224940483497278e-01
-6.704527432644999951e-01 9.583495360521251394e-01
-7.990703020703673332e-01 9.417980525278036863e-01
-9.286981019353206523e-01 9.222972069121122551e-01
-1.057334532616458489e+00 8.997731557081529719e-01
-1.182439245098054315e+00 8.743233543053834378e-01
-1.302070165279767489e+00 8.461203725219600402e-01
-1.414568081486975881e+00 8.153453142235099760e-01
-1.518556644470881345e+00 7.821878173231063824e-01
-1.612942367408438216e+00 7.468460537812838806e-01
-1.696914625902383067e+00 7.095267296060303597e-01
-1.769945657981187193e+00 6.704450848528071827e-01
-1.831790564099129881e+00 6.298248936245181007e-01
-1.882487307136249344e+00 5.878984640715301246e-01
-1.922356712398357814e+00 5.449066383916618683e-01
-1.952339556684477895e+00 5.011227932534134677e-01
-1.974058926980621465e+00 4.567798867679671582e-01
-1.988641394953466257e+00 4.120179056026020969e-01
-1.997042538212476348e+00 3.669710631177815485e-01
-2.000056488507431673e+00 3.217690670974723832e-01
-1.998315931728434247e+00 2.765371197491056088e-01
-1.992292107905903276e+00 2.313959177036027659e-01
-1.982306723697952577e+00 1.864611091980890589e-01
-1.969073363913552699e+00 1.418099196488548097e-01
-1.953216718012421138e+00 9.748962865462196259e-02
-1.935091872001662106e+00 5.354953378656834850e-02
-1.914989694791641162e+00 1.003612397293998475e-02
-1.893136838195994986e+00 -3.300692050092331187e-02
-1.869695736931615615e+00 -7.553872799262655036e-02
-1.844764608618661317e+00 -1.175212355026933886e-01
-1.818394751583825908e+00 -1.589195665442288963e-01
-1.790720819744140657e+00 -1.997054499211591838e-01
-1.761854228093292507e+00 -2.398533574753081710e-01
-1.731872400656494504e+00 -2.793379017750165505e-01
-1.700827738868898154e+00 -3.181339068824170502e-01
-1.668747621575612516e+00 -3.562164083534116177e-01
-1.635634405031677341e+00 -3.935606532377056710e-01
-1.601465422902079050e+00 -4.301421000787851723e-01
-1.566192986261744080e+00 -4.659364189139275636e-01
-1.529744383595556645e+00 -5.009194912741814498e-01
-1.492022482537603389e+00 -5.350674956392887927e-01
-1.452969214084596006e+00 -5.683596060434882302e-01
-1.412587348804321463e+00 -6.007676342060820351e-01
-1.370858973530914238e+00 -6.322582996084885609e-01
-1.327746089667513285e+00 -6.627965394662910237e-01
-1.283190613186249829e+00 -6.923455087292470500e-01
-1.237114374628274893e+00 -7.208665800812711355e-01
-1.189419119103717781e+00 -7.483193439404616232e-01
-1.139986506291714718e+00 -7.746616084590811635e-01
-1.088678110440392865e+00 -7.998493995235672616e-01
-1.035335420366901182e+00 -8.238369607545158457e-01
-9.797798394573652425e-01 -8.465767535067040273e-01
-9.218126856669176528e-01 -8.680194568690753343e-01
-8.612151915196808449e-01 -8.881139676647460401e-01
-7.977485041088028250e-01 -9.068074004509936170e-01
-7.311536850964049927e-01 -9.240450875192746105e-01
-6.611583424413273180e-01 -9.397704803078013036e-01
-5.877805406541952715e-01 -9.539091333587703669e-01
-5.107050537910058363e-01 -9.663563918240516415e-01
-4.294507733112304937e-01 -9.770052786562959390e-01
-3.436376957505142826e-01 -9.857491179972173168e-01
-2.529869227206520410e-01 -9.924815351775965189e-01
-1.573206609096414466e-01 -9.970964567172766468e-01
-5.656222208160462117e-02 -9.994881103251700427e-01
4.926397692316086124e-02 -9.995510248992531821e-01
1.600324141882103202e-01 -9.971800305265674513e-01
2.755164627208872563e-01 -9.922702584832218120e-01
3.953883904524201354e-01 -9.847171412343890262e-01
5.192193602378580852e-01 -9.744164124343080990e-01
6.464796501257695782e-01 -9.612640741037826730e-01
7.764025838970501914e-01 -9.451514397607906348e-01
9.070424576642530656e-01 -9.260616652829418705e-01
1.036210243413844267e+00 -9.040437651347795756e-01
1.161918761810591283e+00 -8.791736174450878183e-01
1.282382682197492629e+00 -8.515539640069048621e-01
1.396018522595884104e+00 -8.213144102775032929e-01
1.501444649705368395e+00 -7.886114253784030081e-01
1.597481278903843949e+00 -7.536283420953624468e-01
1.683150474247453232e+00 -7.165753568783999050e-01
1.757676148470665334e+00 -6.776895298417624502e-01
1.820486506558800066e+00 -6.372348782644395859e-01
1.871961258154925867e+00 -5.955036115069011204e-01
1.913279030797292002e+00 -5.527330409457139604e-01
1.945374649978279136e+00 -5.091243390876410979e-01
1.969138396504825916e+00 -4.648685952501935836e-01
1.985416006498413433e+00 -4.201468155616565059e-01
1.995008671395089639e+00 -3.751299229610501884e-01
1.998675212827715875e+00 -3.299786348387899748e-01
1.997303384539482307e+00 -2.848225079208653310e-01
1.991697141692569284e+00 -2.397484829525710348e-01
1.982470047368116051e+00 -1.948361705982210590e-01
1.970133607753935756e+00 -1.501597242641845575e-01
1.955097272144509457e+00 -1.057878400988728346e-01
1.937668432940998331e+00 -6.178375699276524025e-02
1.918054806163888681e+00 -1.820526167012935514e-02
1.896502672222702746e+00 2.489903407472278396e-02
1.873278743276074243e+00 6.749521831027308072e-02
1.848581535649716168e+00 1.095524474488296929e-01
1.822567562975001776e+00 1.510407282705777954e-01
1.795351336188980795e+00 1.919309179235550167e-01
1.767005363534370099e+00 2.321947239236631932e-01
1.737560150559570582e+00 2.718047041546451381e-01
1.707004200118642956e+00 3.107342668681196685e-01
1.675284012371323294e+00 3.489576706835585962e-01
1.642308099656889286e+00 3.864501976832441232e-01
1.608090997748851558e+00 4.231907380741672386e-01
1.572707111178639927e+00 4.591533837032802934e-01
1.536190161596676429e+00 4.943096760072789309e-01
1.498551386598168333e+00 5.286306307329813325e-01
1.459779539723131681e+00 5.620867379373083450e-01
1.419840890456357085e+00 5.946479619873134004e-01
1.378679224227431721e+00 6.262837415601619773e-01
1.336215842410729326e+00 6.569629896431422589e-01
1.292349562325432411e+00 6.866540935336461482e-01
1.246956717235497392e+00 7.153249148391964685e-01
1.199891156349677468e+00 7.429427894774296437e-01
1.150984244821511071e+00 7.694745276761028041e-01
1.100044863749348956e+00 7.948864139730793532e-01
1.046874690056224244e+00 8.191434546728104671e-01
9.915779784056740764e-01 8.421889724371566244e-01
9.340058311810370828e-01 8.639630711033630117e-01
8.738647461916372317e-01 8.844069240684792055e-01
8.108733957138161141e-01 9.034568420424066160e-01
7.447626264909543714e-01 9.210442730478891615e-01
6.752754597335034470e-01 9.370958024205056081e-01
6.021670911189278552e-01 9.515331528086852231e-01
5.252048907917428178e-01 9.642731841736973397e-01
4.441684033634928364e-01 9.752278937896556865e-01
3.588493479127995989e-01 9.843044162435117261e-01
2.690516179852916467e-01 9.914050234350649804e-01
1.745912815936500606e-01 9.964271245769552587e-01
7.529658121758257827e-02 9.992632661946662109e-01
-2.899206619611750801e-02 9.998011321265225515e-01
-1.384220692336589065e-01 9.979235435236932794e-01
-2.536026194108164100e-01 9.934789697449392110e-01
-3.761977582394905317e-01 9.862115402827290600e-01
-5.041906371780962015e-01 9.760595515468715178e-01
-6.352518850868400513e-01 9.630089086295927636e-01
-7.672412953817790982e-01 9.470658722802967056e-01
-8.982078260348559384e-01 9.282570589055633148e-01
-1.026389599573824363e+00 9.066294405691586178e-01
-1.150213903082361266e+00 8.822503449920189311e-01
-1.268297188199994041e+00 8.552074555522608534e-01
-1.379445071122130884e+00 8.256088112851751593e-01
-1.482652332600000955e+00 7.935828068832434523e-01
-1.577102917940748750e+00 7.592781926961127414e-01
-1.662169937007370812e+00 7.228640747306123160e-01
-1.737415664218738831e+00 6.845299146507438648e-01
-1.802591538549562111e+00 6.444855297777041248e-01
-1.857638163530450415e+00 6.029610930898511301e-01
-1.902685307247868440e+00 5.602071332227265277e-01
-1.938051902344153143e+00 5.164945344690435869e-01
-1.964246046017493974e+00 4.721145367787130120e-01
-1.981965000021963963e+00 4.273787357588045288e-01
-1.992479673322209655e+00 3.824553172869633033e-01
-1.997135628571484744e+00 3.373619719636656300e-01
-1.996721533795045467e+00 2.922195520436534633e-01
-1.991930567734833568e+00 2.471361018089613115e-01
-1.983363579313907277e+00 2.022065137582660654e-01
-1.971547397545880154e+00 1.575094495487643076e-01
-1.956918864789841228e+00 1.131110006706087107e-01
-1.939845318069244096e+00 6.907053327776632723e-02
-1.920629094102347389e+00 2.544092743395927683e-02
-1.899480443956503617e+00 -1.772764198465108521e-02
-1.876593017742541170e+00 -6.039420021828732776e-02
-1.852185167837490098e+00 -1.025280866775292454e-01
-1.826431707036685559e+00 -1.440994667125648776e-01
-1.799463560721964672e+00 -1.850792859048958350e-01
-1.771367766861644544e+00 -2.254392700673732708e-01
-1.742187476010536029e+00 -2.651519252441739694e-01
-1.711921951309936629e+00 -3.041905377108118369e-01
-1.680526568487647365e+00 -3.425291739741153085e-01
-1.647912815857946578e+00 -3.801426807722614321e-01
-1.613983108787280463e+00 -4.170073556558388517e-01
-1.578828948110632568e+00 -4.531007749113307170e-01
-1.542507023667976762e+00 -4.883949416032362101e-01
-1.505038159272773735e+00 -5.228606751987616708e-01
-1.466421040724591451e+00 -5.564681638270198016e-01
-1.426632215809092052e+00 -5.891869642790399375e-01
-1.385626094298056943e+00 -6.209860020077487830e-01
-1.343334947949351932e+00 -6.518335711279994449e-01
-1.299668910506948771e+00 -6.816973344165514481e-01
-1.254515977700914720e+00 -7.105443233120810609e-01
-1.207742007247437854e+00 -7.383409379151630869e-01
-1.159190718848787105e+00 -7.650529469882970668e-01
-1.108683694193340674e+00 -7.906454879558899584e-01
-1.056020376955568718e+00 -8.150830669042640197e-01
-1.001019659457367261e+00 -8.383277685039272065e-01
-9.438193125278218076e-01 -8.603185274400032556e-01
-8.841865656459377831e-01 -8.809924632050606386e-01
-8.217949931324505242e-01 -9.002854789774321631e-01
-7.563384871374558838e-01 -9.181288350030184509e-01
-6.875312576403554976e-01 -9.344491485953050347e-01
-6.151078324498931993e-01 -9.491683941353508125e-01
-5.388230572041343702e-01 -9.622039030717921548e-01
-4.584520953705111257e-01 -9.734683639208366879e-01
-3.737904282457555349e-01 -9.828698222662737294e-01
-2.846538549559440856e-01 -9.903116807594665172e-01
-1.908784924564716767e-01 -9.956926991193556509e-01
-9.232077553210793486e-02 -9.989069941324552060e-01
1.114254320308501016e-02 -9.998440396528582852e-01
1.196143933056990349e-01 -9.983886666022327994e-01
2.331773865030091486e-01 -9.944210629698229109e-01
3.521345344293934088e-01 -9.878232255047318944e-01
4.765843962564330627e-01 -9.784930465309013004e-01
6.047557752630573491e-01 -9.663274718695810117e-01
7.348210135383369535e-01 -9.512569456018447056e-01
8.650373109461890753e-01 -9.332482443938800998e-01
9.937467251254898937e-01 -9.123044774969739645e-01
1.119376171490018779e+00 -8.884650867475182290e-01
1.240437423228402780e+00 -8.618058465670215273e-01
1.355527111304227761e+00 -8.324388639620883268e-01
1.463326724455964012e+00 -8.005125785244328052e-01
1.562602609196998671e+00 -7.662117624308701913e-01
1.652205969815578879e+00 -7.297575204433373042e-01
1.731072868374899265e+00 -6.914072899088620217e-01
1.798224224713042663e+00 -6.514548407595834867e-01
1.853678399630642071e+00 -6.101681458910440670e-01
1.898681604703551962e+00 -5.677488503835306233e-01
1.934015156557769899e+00 -5.244203076092598392e-01
1.960535591201963967e+00 -4.803908031446552651e-01
1.979176300657671916e+00 -4.358534428230778635e-01
1.990905200124806651e+00 -3.909802895126732181e-01
1.996619229493589387e+00 -3.459111381406333452e-01
1.997124281347970820e+00 -3.007696094519941021e-01
1.993128042719985338e+00 -2.556667509921274339e-01
1.985238792842878519e+00 -2.107014296210326931e-01
1.973936525365580730e+00 -1.659728016028902686e-01
1.959724807854423601e+00 -1.215422889894019615e-01
1.943068513991583757e+00 -7.745454708005783395e-02
1.924342857234095483e+00 -3.375334330985104575e-02
1.903833390813834070e+00 9.518442750760129634e-03
1.881736007737528693e+00 5.231881939582723462e-02
1.858156940786753308e+00 9.460668278392356245e-02
1.833112762517941974e+00 1.363418169381201694e-01
1.806530385262369087e+00 1.774848937460224707e-01
1.778346351572023698e+00 2.179993106509419132e-01
1.748925605773344882e+00 2.578612137011015992e-01
1.718384929888953749e+00 2.970466247113879299e-01
1.686771757258609394e+00 3.355308497005328183e-01
1.654112540139868859e+00 3.732891633806919018e-01
1.620412749708078914e+00 4.102968091574556442e-01
1.585656876056394937e+00 4.465289991298276306e-01
1.549808428195751375e+00 4.819609140902575417e-01
1.512809934054881955e+00 5.165677035246187820e-01
1.474582940480309023e+00 5.503244856122193607e-01
1.435031239406027392e+00 5.832067033008829782e-01
1.394106364865779435e+00 6.151914994913911805e-01
1.351783608641241807e+00 6.462477834443680624e-01
1.308016602487541702e+00 6.763405793064809490e-01
1.262740293390528290e+00 7.054325982133844430e-01
1.215870943566733198e+00 7.334842382897468482e-01
1.167306130463389824e+00 7.604535846492368467e-01
1.116924746758454656e+00 7.862964093945119526e-01
1.064587000360564861e+00 8.109661716172418267e-01
1.010134414409066705e+00 8.344140173980931774e-01
9.533898272740010116e-01 8.565887798067366443e-01
8.941573925561344671e-01 8.774369789018330312e-01
8.322225790869121065e-01 8.969028217310544004e-01
7.673521709284881753e-01 9.149282023310699730e-01
6.992942673737100323e-01 9.314527017275513465e-01
6.277782829461562297e-01 9.464135879351643910e-01
5.525212305552664738e-01 9.597454923968777862e-01
4.734322449180576875e-01 9.713576700369491723e-01
3.901726647065839049e-01 9.811375381845781618e-01
3.023365073324072450e-01 9.889753804664253023e-01
2.096285185740255352e-01 9.947617805092260346e-01
1.118641725769197875e-01 9.983876219397859186e-01
8.969671853527511063e-03 9.997440883849808557e-01
-9.901805271669633646e-02 9.987226634717578655e-01
-2.119513418873706367e-01 9.952151308271356411e-01
-3.295718080451269794e-01 9.891135740782028840e-01
-4.515103352096437872e-01 9.803103768521187478e-01
-5.772957058509714523e-01 9.686978182792794767e-01
-7.063952696079714988e-01 9.541671671205637084e-01
-8.370126279418946824e-01 9.366837876737337254e-01
-9.670643825063591770e-01 9.162627687586968328e-01
-1.094619802922852658e+00 8.929503176366735406e-01
-1.217900826780845991e+00 8.668237600101810214e-01
-1.335282059637716179e+00 8.379915400230442124e-01
-1.445290775018783114e+00 8.065932202603882661e-01
-1.546606914417243850e+00 7.727994817486569801e-01
-1.638063087294271414e+00 7.368121239555859292e-01
-1.718644571078947525e+00 6.988640647902197856e-01
-1.787498164597676409e+00 6.592200501378782107e-01
-1.844770602533418291e+00 6.181891516053075186e-01
-1.891541557935864093e+00 5.760033315295339795e-01
-1.928750517915612583e+00 5.328551499482913067e-01
-1.957274455368787525e+00 4.889328478526592248e-01
-1.977927828977022795e+00 4.444203471870883382e-01
-1.991462583207485482e+00 3.994972508493626617e-01
-1.998568148312860338e+00 3.543388426906243782e-01
-1.999871440331351113e+00 3.091160875153611820e-01
