2.482291546466504628e-01 0.000000000000000000e+00
6.197211882039310726e-01 5.331507968261208277e-03
1.224156511063183572e+00 1.727915035323138865e-02
1.601958372986559409e+00 3.609944650733804689e-02
1.684653619578341255e+00 5.765360731571294445e-02
1.690655838625694685e+00 7.965227692887122402e-02
1.684445733624069019e+00 1.016217370582656737e-01
1.676416384421548944e+00 1.234897511732369613e-01
1.667249858277026986e+00 1.452507304769294350e-01
1.659348467358994883e+00 1.668857029720831608e-01
1.648121203753445840e+00 1.884278975372889187e-01
1.640967330354688558e+00 2.098197084366852649e-01
1.629858688487404894e+00 2.311218195132196118e-01
1.622058326209622203e+00 2.522753014798794768e-01
1.611383397362305736e+00 2.733283943689749917e-01
1.603177542487625784e+00 2.942355529528725699e-01
1.591723197978397009e+00 3.150431750493729588e-01
1.583985129289061211e+00 3.356898009158984508e-01
1.571786881523657531e+00 3.562453199271695681e-01
1.563153147920083308e+00 3.766357381286318806e-01
1.552297889024485400e+00 3.969127209905253806e-01
1.541155403673262425e+00 4.170549864056042888e-01
1.531625249976176439e+00 4.370431010861390297e-01
1.519537716856622422e+00 4.569151428695343298e-01
1.509804242694720466e+00 4.766190075047020414e-01
1.497655573451018629e+00 4.962019094508263173e-01
1.487052722368995106e+00 5.156182769839191549e-01
1.475418039417329963e+00 5.348940637533335929e-01
1.462627454591028053e+00 5.540275404652568181e-01
1.451855418892529670e+00 5.729776431886277610e-01
1.439015853895586172e+00 5.917911511307633043e-01
1.425184817258509984e+00 6.104505378448140673e-01
1.413602422401336378e+00 6.289088262818794961e-01
1.400194984332140624e+00 6.472175039078604808e-01
1.385303600559917969e+00 6.653669756259000811e-01
1.372108128930468629e+00 6.833039442226647164e-01
1.357966879856862263e+00 7.010638044045421902e-01
1.342332650659731286e+00 7.186501119358754686e-01
1.327012956119291154e+00 7.360227098908553867e-01
1.311458011696303050e+00 7.531831244156630412e-01
1.294649678544885996e+00 7.701452213496505772e-01
1.276829058330140043e+00 7.868923601552911817e-01
1.258775854456347654e+00 8.033903384327834019e-01
1.239842101204246205e+00 8.196426213881330414e-01
1.219683082681716879e+00 8.356496924085180522e-01
1.198091218431476035e+00 8.513943497135076921e-01
1.174895408414852183e+00 8.668432218799935196e-01
1.149344031986370140e+00 8.819752735698491719e-01
1.121849449388053754e+00 8.967675921917751536e-01
1.092323121182545487e+00 9.111845188879738044e-01
1.059545377020785883e+00 9.251830683347569417e-01
1.021165415642015795e+00 9.387129287425469704e-01
9.739602490258247869e-01 9.517031537549444087e-01
9.154276067636532010e-01 9.640177182390231581e-01
8.379135777226879300e-01 9.754546677169901869e-01
7.237127846772565265e-01 9.856652449530688420e-01
5.344268049493319239e-01 9.939924203396163227e-01
1.362825862972383839e-01 9.987012366043520606e-01
-8.435487854774218475e-01 9.949845528971945630e-01
-1.859078203928195228e+00 9.762147840617866335e-01
-1.996936593651270409e+00 9.507253570212094163e-01
-1.998191344662000102e+00 9.247033649612169670e-01
-1.992424242103012277e+00 8.987345317636452613e-01
-1.984915860590485748e+00 8.728417720213332842e-01
-1.978968456995555014e+00 8.470400601978885780e-01
-1.973941003513734804e+00 8.213271374583436257e-01
-1.968082435691054455e+00 7.956956995533314148e-01
-1.960079229616575436e+00 7.701401133198295668e-01
-1.952651744832379244e+00 7.446729879597537849e-01
-1.945793276951756523e+00 7.192951687805106964e-01
-1.938601255976316606e+00 6.940029311538826740e-01
-1.932706134906276851e+00 6.688044130485792937e-01
-1.928145772607368746e+00 6.437004407236612824e-01
-1.920158765911679888e+00 6.186689545921647548e-01
-1.911521111843311083e+00 5.937229914743719084e-01
-1.904609627617093626e+00 5.688752827269938361e-01
-1.897956730936588565e+00 5.441193901252499021e-01
-1.892210853391687486e+00 5.194590594240255932e-01
-1.886555771115705271e+00 4.948907751404770239e-01
-1.875387402696368389e+00 4.703864311016209276e-01
-1.869142186902981395e+00 4.459996736332818013e-01
-1.863110052943371953e+00 4.217078167402426581e-01
-1.856756336751994807e+00 3.975084134622379195e-01
-1.849311432995105475e+00 3.733978677504030674e-01
-1.839915068294895040e+00 3.493718740691289515e-01
-1.834590700773170324e+00 3.254643570444637479e-01
-1.826784140798005218e+00 3.016397410360219244e-01
-1.818917456120908716e+00 2.779122621926182757e-01
-1.811197078659826820e+00 2.542838122372114151e-01
-1.806001567760749493e+00 2.307688862616786574e-01
-1.793847564567125241e+00 2.073134596914962269e-01
-1.788281040252551080e+00 1.839966836937263761e-01
-1.781052233656521100e+00 1.607717761266795053e-01
-1.773017542336301267e+00 1.376442378223804996e-01
-1.764592851400465623e+00 1.146173249161670099e-01
-1.758945990448910424e+00 9.171170560440350394e-02
-1.746609584894856626e+00 6.886896628810743048e-02
-1.741241374034135481e+00 4.617615055061196488e-02
-1.732466197085836601e+00 2.356814642722357758e-02
-1.723839681559282244e+00 1.068905770061255632e-03
-1.716504512099026547e+00 -2.131272434642724617e-02
-1.707322647538017435e+00 -4.359693170077935664e-02
-1.700162809771877948e+00 -6.575650042807643092e-02
-1.688972621274544839e+00 -8.783155248487692357e-02
-1.681609132448605548e+00 -1.097670720317891618e-01
-1.672953505471876934e+00 -1.315969281355698350e-01
-1.663500253494894832e+00 -1.533170387412944591e-01
-1.655668962997696614e+00 -1.749077454943998022e-01
-1.645215152172538442e+00 -1.964000510453361992e-01
-1.638399511282596421e+00 -2.177443930487095169e-01
-1.625849784209610460e+00 -2.390126021535539380e-01
-1.618500849270463782e+00 -2.601163277633062321e-01
-1.607416797724083413e+00 -2.811268760828795066e-01
-1.599089763255650443e+00 -3.019878897211447089e-01
-1.588471999245605781e+00 -3.227408588970190340e-01
-1.579665783385730160e+00 -3.433482456166789820e-01
-1.568501203700923607e+00 -3.638454113728029071e-01
-1.559656164084118224e+00 -3.841877809710730896e-01
-1.548716402771719958e+00 -4.044146504959371113e-01
-1.536854900658136902e+00 -4.245123785408708161e-01
-1.528787065675774492e+00 -4.444336264578250262e-01
-1.514864299967442873e+00 -4.642713662511262496e-01
-1.505056160669277387e+00 -4.839214374507073702e-01
-1.494024561270201001e+00 -5.034377948254530333e-01
-1.481756843702629833e+00 -5.228166898518507022e-01
-1.470996042197558085e+00 -5.420248771831902568e-01
-1.458354988493980597e+00 -5.610982920233872351e-01
-1.446839291851445886e+00 -5.799972935895626458e-01
-1.434360573945031803e+00 -5.987444648695543492e-01
-1.420835719339014203e+00 -6.173370539147444713e-01
-1.408700378722744118e+00 -6.357376378889409985e-01
-1.395419568040348723e+00 -6.539774868724891332e-01
-1.380379478152532924e+00 -6.720609616451813650e-01
-1.366492655819604440e+00 -6.899376673563293316e-01
-1.352711832805025605e+00 -7.076172581575015386e-01
-1.337108361475236817e+00 -7.251278102105251921e-01
-1.320642486333884147e+00 -7.424437347037167179e-01
-1.304949435816507242e+00 -7.595236941226825023e-01
-1.288344442365886966e+00 -7.763931715279339674e-01
-1.270421790857568789e+00 -7.930525959486357523e-01
-1.251645267701471997e+00 -8.094751381303300075e-01
-1.232219260547321227e+00 -8.256344131219387483e-01
-1.211651734461067331e+00 -8.415343169971137849e-01
-1.189740414885397168e+00 -8.571654549916893906e-01
-1.166122642422787514e+00 -8.725049090287062548e-01
-1.140158753964294336e+00 -8.875185535263007131e-01
-1.111110206925415289e+00 -9.021817057050229849e-01
-1.079473952241791990e+00 -9.164561971913406380e-01
-1.044529919238385229e+00 -9.302879685285084799e-01
-1.004010211213836934e+00 -9.436094207383365351e-01
-9.540991054404692751e-01 -9.563394153211898230e-01
-8.894440415053784799e-01 -9.683531302639822869e-01
-8.015303055357450024e-01 -9.793942769426535744e-01
-6.662764746517987335e-01 -9.890129287889412035e-01
-4.245691449339574208e-01 -9.963144433672850298e-01
1.309867494310557046e-01 -9.987504380941966131e-01
1.338974534581529152e+00 -9.897068778732507344e-01
1.955833475815577760e+00 -9.670100888397568095e-01
2.000000000000000000e+00 -9.411232790619789013e-01
1.996507017114346638e+00 -9.151116228757043558e-01
1.990894170130645957e+00 -8.891743544310396485e-01
1.983190213032756555e+00 -8.633117949352095977e-01
1.975712670872628696e+00 -8.375344211748757539e-01
1.969160482065704265e+00 -8.118459606108786586e-01
1.963722506151573288e+00 -7.862478490107959184e-01
1.958554570974268660e+00 -7.607368755779759795e-01
1.951704921170942297e+00 -7.353045692541479994e-01
1.944326086902564477e+00 -7.099564345962697809e-01
1.937108898922619060e+00 -6.846963254097285789e-01
1.929360938594281816e+00 -6.595214798423175706e-01
1.922800535482711570e+00 -6.344405780072008838e-01
1.918139653606369954e+00 -6.094577743370108713e-01
1.911148137834947747e+00 -5.845533193016769768e-01
1.902669624335225462e+00 -5.597312063793865589e-01
1.895160210529623246e+00 -5.350043620757337637e-01
1.888264899704564348e+00 -5.103718576156223152e-01
1.882616450631003691e+00 -4.858375314203033368e-01
1.876570121376547107e+00 -4.613936240456347204e-01
1.865931439319889140e+00 -4.370187580281046924e-01
1.859263828070673696e+00 -4.127576805837241403e-01
1.853839226553262165e+00 -3.885980140919857995e-01
1.846499544233349166e+00 -3.645230102975371977e-01
1.838625157914829833e+00 -3.405406993129014293e-01
1.830477846357339455e+00 -3.166531144459263647e-01
1.825372038563070953e+00 -2.928794748006713355e-01
1.815732662284433641e+00 -2.691784017081554903e-01
1.807430958477207472e+00 -2.455827125330048433e-01
1.801269548400771470e+00 -2.220989502798176030e-01
1.794144662419872027e+00 -1.987097731355649821e-01
1.784781361508808617e+00 -1.754080796694908184e-01
1.778787816230927410e+00 -1.522280889752966881e-01
1.769846433495589455e+00 -1.291332382564289449e-01
1.760770873089271049e+00 -1.061401916638029519e-01
1.754360954244401416e+00 -8.326841975505801241e-02
1.746277119181036008e+00 -6.049143138307747775e-02
1.737073198619813130e+00 -3.781326210423650858e-02
1.731044575917629613e+00 -1.526303321672209216e-02
1.719453343096592146e+00 7.215713023891696248e-03
1.714379933895617825e+00 2.954214811271512267e-02
1.703085150534839443e+00 5.179987009788065283e-02
1.695492545463882061e+00 7.392155496319430252e-02
1.687425164916558806e+00 9.593334193940469823e-02
1.677705346301219480e+00 1.178434550466650049e-01
1.670144926586990319e+00 1.396226985077194116e-01
1.660317313466252553e+00 1.613024000378560086e-01
1.652582958238354660e+00 1.828489435335212132e-01
1.641450364507666571e+00 2.043023412371028080e-01
1.635030286748733186e+00 2.255993293028696334e-01
1.621625007343738156e+00 2.468291747076980236e-01
1.615580129112336838e+00 2.678770571887054697e-01
1.603333937167755519e+00 2.888509300603579466e-01
1.595488534664059488e+00 3.096610353750810507e-01
1.584905101473913280e+00 3.303661899345353148e-01
1.575711176621616749e+00 3.509287779998797041e-01
1.564880134027077707e+00 3.713739284114697670e-01
1.555840109882031808e+00 3.916683720134674362e-01
1.543829269923537195e+00 4.118547483941257248e-01
1.534732499540999440e+00 4.318743194189240131e-01
1.523922228476037866e+00 4.517706023066594967e-01
1.510498420330825375e+00 4.715496523901321901e-01
1.502063893764443714e+00 4.911314014189173682e-01
1.489057326904447365e+00 5.106140850990307234e-01
1.477650367428849920e+00 5.299267413601619348e-01
1.466567851914245324e+00 5.490813517031778446e-01
1.453713401436212083e+00 5.680987247701800857e-01
1.442283163748782515e+00 5.869365257960970084e-01
1.429381115384186440e+00 6.056276684177567260e-01
1.416311053907237660e+00 6.241509751133046402e-01
1.403900363144610308e+00 6.424903990508566975e-01
1.389879962363664401e+00 6.606743683407972911e-01
1.375166861434683696e+00 6.786838709736368047e-01
1.361733273527049537e+00 6.964815321784832980e-01
1.347202870793663632e+00 7.141006986445753713e-01
1.330969427957206186e+00 7.315459854738712853e-01
1.314884537680255816e+00 7.487743250484584223e-01
1.299005301538956658e+00 7.657736732545717961e-01
1.281924311719065956e+00 7.825669067747098584e-01
1.263545579677925135e+00 7.991448828176016539e-01
1.244567013530653243e+00 8.154721915482796568e-01
1.224735970280270481e+00 8.315358577929735651e-01
1.203705514655548647e+00 8.473376466118980321e-01
1.181225642874030424e+00 8.628636627039637519e-01
1.156872797692006793e+00 8.780867382873623894e-01
1.129798116756518755e+00 8.929736358951634312e-01
1.099762457181196140e+00 9.074987227429690551e-01
1.067024352076974214e+00 9.216171166726011554e-01
1.030327814903699624e+00 9.352694914401589177e-01
9.868539787122343476e-01 9.483825329071098320e-01
9.322157473953665008e-01 9.608684263521397595e-01
8.604377678614236746e-01 9.725574738253703888e-01
7.590643058344045402e-01 9.831409320147631581e-01
5.944002660743733513e-01 9.920465199057404426e-01
2.760944417424359143e-01 9.980006484164875014e-01
-5.088675674465517051e-01 9.972502263582616600e-01
-1.711260590995355768e+00 9.822968044992285153e-01
-1.989408539805810117e+00 9.574981252236566265e-01
-1.999379183882716182e+00 9.314909267286123340e-01
-1.993656958869720386e+00 9.055004567217711520e-01
-1.987620911409220703e+00 8.795923080630372315e-01
-1.982051005220432316e+00 8.537703646824288395e-01
-1.975588517882302053e+00 8.280289747819848944e-01
-1.968250640571918453e+00 8.023685756682391590e-01
-1.959718032254299525e+00 7.767880736773524752e-01
-1.952816459446997888e+00 7.513007779079555748e-01
-1.947377274140952741e+00 7.259068456059041274e-01
-1.941612590226608148e+00 7.005985520579015580e-01
-1.935690489458037122e+00 6.753770929498206232e-01
-1.929158262709182781e+00 6.502407779867391824e-01
-1.920171867231347473e+00 6.251811192737043443e-01
-1.912173895964323522e+00 6.002149322118395247e-01
-1.907131880836949511e+00 5.753529573659049712e-01
-1.901027914778874006e+00 5.505762029234197996e-01
-1.894268046570696917e+00 5.258869860227270987e-01
-1.886553614791353084e+00 5.012842921350473269e-01
-1.877892911626715122e+00 4.767685507141291024e-01
-1.873229597777060329e+00 4.523658695959628107e-01
-1.866348142649227437e+00 4.280453149582087446e-01
-1.856854757246646948e+00 4.038043794697998568e-01
-1.849430958168112094e+00 3.796688158024054682e-01
-1.843235222624154845e+00 3.556353281207768058e-01
-1.836990638195789671e+00 3.316975953851657999e-01
-1.828221063072641206e+00 3.078424615594164693e-01
-1.820290381955994574e+00 2.840889075826204535e-01
-1.815517942885489067e+00 2.604514689462477106e-01
-1.804432695394512898e+00 2.368767416431724615e-01
-1.797026425008939388e+00 2.134221960009199948e-01
-1.790773546812352901e+00 1.900753034053829504e-01
-1.783346547427195450e+00 1.668227343652448069e-01
-1.774133433057309084e+00 1.436612840076222086e-01
-1.768305267354699950e+00 1.206232597661617417e-01
-1.758322673728069940e+00 9.766368038902202564e-02
-1.750254312964881986e+00 7.481999530859034797e-02
-1.743410480532015416e+00 5.209011083827981559e-02
-1.734594915211223443e+00 2.945402062453289158e-02
-1.726355415008423266e+00 6.929145237453422645e-03
-1.719220759924002584e+00 -1.547960865878660226e-02
-1.708498608968455734e+00 -3.780321119233362448e-02
-1.702991057559736898e+00 -5.998041543748088705e-02
-1.690247251246105975e+00 -8.209613722509895295e-02
-1.684813343239835559e+00 -1.040475272543714552e-01
-1.674377819431732473e+00 -1.259204787095568323e-01
-1.666146032179523617e+00 -1.476619923415758706e-01
-1.657729903098187130e+00 -1.692877933624040709e-01
-1.647816969897715866e+00 -1.908070447073987874e-01
-1.640120861182514655e+00 -2.121895427136569756e-01
-1.629131527182554828e+00 -2.334772295585815505e-01
-1.621613978848326143e+00 -2.546145925959601986e-01
-1.610639204741559416e+00 -2.756567019776692828e-01
-1.601001522395612442e+00 -2.965613556859101885e-01
-1.591623012076354371e+00 -3.173378531294613891e-01
-1.581091524837562545e+00 -3.379943967177954645e-01
-1.571556279478822260e+00 -3.585117016730225981e-01
-1.561397989583702239e+00 -3.789013716103232232e-01
-1.551259127993480424e+00 -3.991560560668530044e-01
-1.540525849919649692e+00 -4.192791674324152784e-01
-1.530738031078212602e+00 -4.392537766457969006e-01
-1.518379931323258214e+00 -4.591125420026879733e-01
-1.508919635851783569e+00 -4.787971147874941491e-01
-1.497608151581098834e+00 -4.983548756198241669e-01
-1.483866676397463724e+00 -5.177889305388965191e-01
-1.474549716871951688e+00 -5.370211285014067082e-01
-1.461854631528498372e+00 -5.561370389347557452e-01
-1.448877984433220023e+00 -5.750962847379512688e-01
-1.437679057091282964e+00 -5.938704990673889794e-01
-1.424276871828905389e+00 -6.125062731220675127e-01
-1.411585749329518746e+00 -6.309604612791529510e-01
-1.398652176682674719e+00 -6.492418527778086590e-01
-1.384345598353044826e+00 -6.673623013221849920e-01
-1.370515736839201804e+00 -6.852878773834256698e-01
-1.356547374461216204e+00 -7.030221627504020798e-01
-1.341074302496302773e+00 -7.205831210142521481e-01
-1.324936421097153927e+00 -7.379479128406586375e-01
-1.309427153153094769e+00 -7.550820368286865758e-01
-1.293023629027558519e+00 -7.720082596683012222e-01
-1.275200754370255041e+00 -7.887301353253558522e-01
-1.256459875915248769e+00 -8.052207684306007529e-01
-1.237350604646497931e+00 -8.214460259440115042e-01
-1.217129183095290834e+00 -8.374138759161692258e-01
-1.195602489282740599e+00 -8.531176964896404202e-01
-1.172450902093834957e+00 -8.685366480746740114e-01
-1.147099980444179268e+00 -8.836373084820600132e-01
-1.118317891800845842e+00 -8.983967444328261331e-01
-1.087123293560905646e+00 -9.127797555690916331e-01
-1.053519635073296712e+00 -9.267339232498846835e-01
-1.015667060266280508e+00 -9.401941325954197293e-01
-9.698824076474321654e-01 -9.530825724871010429e-01
-9.106404967990782140e-01 -9.653082770778919075e-01
-8.306572499642941310e-01 -9.766681416520207604e-01
-7.130045282656296557e-01 -9.867692387133660814e-01
-5.127576299792457881e-01 -9.948870256977507820e-01
-8.605202490482397049e-02 -9.991711669958592834e-01
9.542076083585446789e-01 -9.943964150280650838e-01
1.888761907231558235e+00 -9.746045257017884600e-01
1.998110920497492726e+00 -9.489860671087998467e-01
1.998209602948901598e+00 -9.229648024632219894e-01
1.992481431947779491e+00 -8.970017355306544315e-01
1.985695875652154330e+00 -8.711178273841310160e-01
1.977337144143954228e+00 -8.453110590135540781e-01
1.971248192221090711e+00 -8.195988114691313831e-01
1.965729013058573393e+00 -7.939746894122389209e-01
1.959267850160933078e+00 -7.684317881760832636e-01
1.953244873871107901e+00 -7.429771888457671336e-01
1.947976931414866275e+00 -7.176127312273727910e-01
1.936823862872096624e+00 -6.923079923808738156e-01
1.931241605794875138e+00 -6.671166219818294163e-01
1.925240591106509358e+00 -6.420117811413980080e-01
1.918974863001666753e+00 -6.169944553279164134e-01
1.914782579823314235e+00 -5.920764216980941574e-01
1.902898392113488990e+00 -5.672108845243601927e-01
1.897090616544907737e+00 -5.424649333429525377e-01
1.890810351950938273e+00 -5.178080218102778520e-01
1.884300374012997548e+00 -4.932415830073879626e-01
1.878366418213752276e+00 -4.687703387822301226e-01
1.868998109104096583e+00 -4.443740241362672538e-01
1.861856422825958424e+00 -4.200822463910982574e-01
1.857316880415677884e+00 -3.958986886742504874e-01
1.847899873883365851e+00 -3.717837757481278205e-01
1.840185094869082549e+00 -3.477730780875508687e-01
1.832966288217769080e+00 -3.238614491063105949e-01
1.826741859304953586e+00 -3.000522601103358111e-01
1.819583379030114134e+00 -2.763354270996372097e-01
1.809243657767992675e+00 -2.526985358115979574e-01
1.803950926516385778e+00 -2.291898181012477220e-01
1.795782109817315009e+00 -2.057639921667268612e-01
1.787708025655294852e+00 -1.824393833645864549e-01
1.780284233459068499e+00 -1.592201382412129496e-01
1.773971557372346242e+00 -1.361100042270104171e-01
1.762627495202210959e+00 -1.130720535595377135e-01
1.757000980480559305e+00 -9.017365803853460982e-02
1.748085682179253419e+00 -6.735925235903435226e-02
1.739795581756512499e+00 -4.465479710015846787e-02
1.732659441557295121e+00 -2.206486571307713848e-02
1.723515890410308504e+00 4.303811262467367770e-04
1.716592873318794510e+00 2.280220281266791271e-02
1.705613480206686461e+00 4.509088520137158329e-02
1.698015392228584775e+00 6.724629684517886841e-02
1.689994937873793734e+00 8.929192467226275409e-02
1.680717410511764376e+00 1.112331951866598750e-01
1.672796527237833564e+00 1.330499558274931549e-01
1.663113660751639467e+00 1.547637609438627104e-01
1.655905996549940973e+00 1.763421503270557744e-01
1.643238514212563173e+00 1.978430886082866991e-01
1.636655876652344910e+00 2.191777771262325147e-01
1.626113081259865423e+00 2.404221917598768632e-01
1.617420961316991423e+00 2.615287566710846057e-01
1.607942882084320901e+00 2.825170625713904760e-01
1.598346162517577884e+00 3.033803554735222119e-01
1.588266403712939479e+00 3.241197695190050632e-01
1.579722363597978019e+00 3.447163255433791651e-01
1.566686156254416318e+00 3.652212580645179951e-01
1.558698246167571577e+00 3.855469229620624438e-01
1.546989159162407201e+00 4.057722490478590793e-01
1.537205440591224326e+00 4.258408145236036724e-01
1.526318599864612047e+00 4.457804508136681831e-01
1.515562547349259992e+00 4.655759036129276662e-01
1.504867569939320138e+00 4.852257653323198139e-01
1.492603865548713715e+00 5.047446001687566630e-01
1.482463789078793281e+00 5.240891439453183587e-01
1.470197391621326899e+00 5.433044768786762235e-01
1.457012318111730265e+00 5.623733169903452067e-01
1.446592274306971460e+00 5.812480381563401854e-01
1.433475472145191665e+00 5.999928918043955228e-01
1.419295178322148798e+00 6.185827428448088527e-01
1.407597700269079377e+00 6.369660217688929427e-01
1.393992380646813078e+00 6.551990585069625839e-01
1.379397009421052811e+00 6.732634501742845723e-01
1.365936346971753590e+00 6.911206024673779424e-01
1.351326559061774235e+00 7.088016328400202903e-01
1.335616267925120448e+00 7.262992923874060924e-01
1.320261239244156615e+00 7.435782899987103400e-01
1.304322016931653172e+00 7.606485342517779191e-01
1.287085051048842521e+00 7.775177274935161087e-01
1.268916262700302999e+00 7.941648932420620755e-01
1.250480710930527151e+00 8.105563425539141775e-01
1.231066459999090368e+00 8.266981293174140433e-01
1.210400435703937960e+00 8.425882896872403105e-01
1.188235081358291589e+00 8.582082040073394369e-01
1.164267153165300384e+00 8.735238991027366451e-01
1.137595503037220235e+00 8.885132792795856771e-01
1.108766041477036168e+00 9.031491775041053938e-01
1.077723538762045852e+00 9.173899437110847321e-01
1.043073486219366686e+00 9.311854580319831598e-01
1.002082096225957342e+00 9.444771307949209049e-01
9.504430128400578326e-01 9.571871268905900454e-01
8.843240068434989887e-01 9.691543558245135914e-01
7.958450602012788755e-01 9.801398804705417911e-01
6.564402835717728646e-01 9.896421181781011045e-01
4.028870730694021907e-01 9.967246413650169279e-01
-1.836422126412798894e-01 9.987428482972828814e-01
-1.411306382047134766e+00 9.887574330319359728e-01
-1.963882160659335963e+00 9.655972585801678720e-01
-2.000142015774573956e+00 9.396797215145261672e-01
-1.995600507882519636e+00 9.136680608936058601e-01
-1.989192535027787478e+00 8.877319172727555774e-01
-1.983887492212864645e+00 8.618845739535232475e-01
-1.977519179920329773e+00 8.361170593431458409e-01
-1.970562618775669295e+00 8.104315893363789325e-01
-1.963825679467525065e+00 7.848324339915253578e-01
-1.955804714102185260e+00 7.593131849415484247e-01
-1.948492501287744316e+00 7.338832961324682769e-01
-1.943951721466616434e+00 7.085530481771833422e-01
-1.937634602638695247e+00 6.833021628178652662e-01
-1.930648226785900645e+00 6.581358075192125234e-01
-1.923896984841098057e+00 6.330590264063412631e-01
-1.916116787336297200e+00 6.080661652258289029e-01
-1.908129608135467503e+00 5.831615675370127594e-01
-1.902950704803311854e+00 5.583609289873481263e-01
-1.896298329829461782e+00 5.336436377266383646e-01
-1.889327376363695299e+00 5.090159242189252753e-01
-1.880825593161012943e+00 4.844721194090140237e-01
-1.873931054052037526e+00 4.600287468105268007e-01
-1.869568891042705072e+00 4.356916510176214730e-01
-1.859665114666899877e+00 4.114194198342676634e-01
-1.851275020397790350e+00 3.872486721484963423e-01
-1.845011130733279048e+00 3.631846775059760501e-01
-1.838719324453805593e+00 3.392164044731499906e-01
-1.831869485025548805e+00 3.153414949088850783e-01
-1.821781966606913494e+00 2.915454485307364396e-01
-1.816304929441581395e+00 2.678730041921231764e-01
-1.808887746696794530e+00 2.442882905038056274e-01
-1.800014145495097306e+00 2.207942576566502835e-01
-1.792826373808114715e+00 1.974101138853397164e-01
-1.786605866620611494e+00 1.741328200006176385e-01
-1.775713984666420053e+00 1.509291163103642086e-01
-1.770202867540407787e+00 1.278602321576739476e-01
-1.761929436676340721e+00 1.048784787139358521e-01
-1.752050931843692538e+00 8.199035641340668423e-02
-1.745767133327351672e+00 5.923054861412962308e-02
-1.737685800056795848e+00 3.656566754306761480e-02
-1.728288315667651842e+00 1.399922813962191197e-02
-1.721944737957813665e+00 -8.438667150414335891e-03
-1.711149634399084851e+00 -3.079711576811371837e-02
-1.704980402607309875e+00 -5.301413149904570660e-02
-1.694591615255761408e+00 -7.514827589134896735e-02
-1.686495697334615462e+00 -9.715453814735204585e-02
-1.678198289758124018e+00 -1.190477465201325580e-01
-1.668202970066378299e+00 -1.408387466514099962e-01
-1.660785008994778211e+00 -1.624940362380536962e-01
-1.650494226105054363e+00 -1.840533664919089263e-01
-1.642874102275131420e+00 -2.054732216922743049e-01
-1.631799971858959530e+00 -2.267995272705658483e-01
-1.624839266010899896e+00 -2.479714775324041998e-01
-1.612198322901001291e+00 -2.690657634314196356e-01
-1.605629524608449543e+00 -2.899852032872677898e-01
-1.593022483524542565e+00 -3.108288904979205070e-01
-1.585331382276212731e+00 -3.315015876064548173e-01
-1.573893976127271666e+00 -3.520772537506598465e-01
-1.565090521527907397e+00 -3.724965605693644766e-01
-1.553913636299628198e+00 -3.928036747828974051e-01
-1.544442505063960747e+00 -4.129580062766075588e-01
-1.533376320299585815e+00 -4.329894692620939178e-01
-1.522335686020804602e+00 -4.528795092109353382e-01
-1.512689897203629563e+00 -4.726121026996534247e-01
-1.499463082354531629e+00 -4.922362979994199250e-01
-1.489318041825860028e+00 -5.116783086438845274e-01
-1.478159812520243088e+00 -5.309804064619437769e-01
-1.464382661728409918e+00 -5.501573254570084615e-01
-1.453920403889208846e+00 -5.691367625590390000e-01
-1.441263886827677920e+00 -5.879815598300793811e-01
-1.428213623655059328e+00 -6.066651415938786318e-01
-1.416145930892671156e+00 -6.251654293080982638e-01
-1.402435603451625878e+00 -6.435141426565134104e-01
-1.388741010523425468e+00 -6.616826263531464525e-01
-1.375479955092204110e+00 -6.796589202013890718e-01
-1.360763209447432009e+00 -6.974680537986914786e-01
-1.345248524228086051e+00 -7.150925642506380520e-01
-1.330534143351276066e+00 -7.324962597292909994e-01
-1.314974320823161458e+00 -7.497024404637003814e-01
-1.297942651757737487e+00 -7.667165908577584510e-01
-1.280277777050027765e+00 -7.835088725126303499e-01
-1.262582641011630091e+00 -8.000499779281360357e-01
-1.243866250612801982e+00 -8.163549269115442097e-01
-1.223845423917041098e+00 -8.324194638291805282e-01
-1.202448094460397243e+00 -8.482204513896527409e-01
-1.179503136008894781e+00 -8.637242057746271628e-01
-1.154616203416064746e+00 -8.789184863421337646e-01
-1.128071018391794356e+00 -8.937800369319366389e-01
-1.099348842348567334e+00 -9.082772086874082440e-01
-1.067043353053297450e+00 -9.223710635262333257e-01
-1.028904300745510980e+00 -9.360131377546887510e-01
-9.833610669839319973e-01 -9.491183877680073877e-01
-9.278119046838836370e-01 -9.615743423070904905e-01
-8.546922885476393450e-01 -9.731925648518386929e-01
-7.485122382553776044e-01 -9.836697149810051943e-01
-5.814100484911218780e-01 -9.924615489492680798e-01
-2.418646975193137760e-01 -9.980765642601087118e-01
5.917718013022390533e-01 -9.966257460600926876e-01
1.757625738954085914e+00 -9.806018111884414745e-01
1.992159187238306872e+00 -9.555818234673547629e-01
1.999248612778474543e+00 -9.295682021911960691e-01
1.993811293035576027e+00 -9.035851784269446352e-01
1.986872755675946234e+00 -8.776792642681879864e-01
1.979167124916180853e+00 -8.518539718486405343e-01
1.973759354679018863e+00 -8.261234566471464813e-01
1.967843325756946760e+00 -8.004757912330610070e-01
1.962036304827952327e+00 -7.749141857765364794e-01
1.955703797968513236e+00 -7.494362141073742656e-01
1.946790226514725219e+00 -7.240327474708033728e-01
1.938498903037680243e+00 -6.987187473183718023e-01
1.932977943759571104e+00 -6.735053691935563025e-01
1.927226716806810902e+00 -6.483792171729745313e-01
1.921328419511908026e+00 -6.233410556658751656e-01
1.915245433783003159e+00 -5.983911764206497619e-01
1.905877350356805389e+00 -5.735148259363394008e-01
1.897778266219716681e+00 -5.487344572083732164e-01
1.893176228320809118e+00 -5.240625818510918910e-01
1.886450908798380288e+00 -4.994716468962400735e-01
1.879395214395819247e+00 -4.749710285245958286e-01
1.871602286083319688e+00 -4.505592407132302801e-01
1.863657805191348160e+00 -4.262397827555350349e-01
1.859613494974494241e+00 -4.020346985018056762e-01
1.849763926115417512e+00 -3.778937986617079692e-01
1.840057495541832955e+00 -3.538476954891261461e-01
1.834945369667003279e+00 -3.299229709442740299e-01
1.828336492338270780e+00 -3.060869237223365347e-01
1.821085729847340184e+00 -2.823447287993157695e-01
1.811977106335011412e+00 -2.586899693869871841e-01
1.807107701766717422e+00 -2.351581236414033160e-01
1.796739704803765658e+00 -2.116947132015281341e-01
1.788744360493630836e+00 -1.883445354918931725e-01
1.782208016908328752e+00 -1.651047375990543631e-01
1.775023992141267604e+00 -1.419632602102127994e-01
1.765751001520383889e+00 -1.189118448501367692e-01
1.760181981345544822e+00 -9.598698352148209156e-02
1.748841047874158283e+00 -7.313121922118262508e-02
1.741724037032058803e+00 -5.040697012312214675e-02
1.734380428189085332e+00 -2.778838099495063718e-02
1.725888252907043618e+00 -5.269905452196423611e-03
1.717485688832186330e+00 1.713938156873974494e-02
1.710275602758717373e+00 3.943075642914915802e-02
1.699945631607535645e+00 6.163300618382754753e-02
1.692171063428922206e+00 8.370516600446235855e-02
1.682181312375737203e+00 1.056807722566103502e-01
1.674799270815001906e+00 1.275229129459973798e-01
1.665615485558583186e+00 1.492626225468572376e-01
1.656916800696509595e+00 1.708819510747962567e-01
1.647877093288718564e+00 1.923855237323891798e-01
1.639390382970911997e+00 2.137656337839821952e-01
1.627683821154558563e+00 2.350495137396482748e-01
1.620208795798441015e+00 2.561778861925707029e-01
1.609694180040408540e+00 2.772066848196673150e-01
1.600664833331400194e+00 2.980974829219819044e-01
1.590905343549697148e+00 3.188668325700993456e-01
1.581214127089252797e+00 3.395065229620705671e-01
1.570616419857380208e+00 3.600230903662909321e-01
1.561976955359827057e+00 3.803889700746243552e-01
1.549105062355740969e+00 4.006591450816195943e-01
1.540810751792225597e+00 4.207485830496305312e-01
1.529547081353052063e+00 4.407282218264030327e-01
1.516827424533884860e+00 4.605796687241816567e-01
1.507899790373764537e+00 4.802486216776205019e-01
1.494979678498931763e+00 4.998128865347131744e-01
1.484746416805238445e+00 5.191973967177914151e-01
1.472751041301406882e+00 5.384489053311622975e-01
1.461030539973839026e+00 5.575405951653956693e-01
1.449305109176594053e+00 5.764726828875342823e-01
1.436050274037701691e+00 5.952605936319733670e-01
1.423976815200796331e+00 6.138653679245622552e-01
1.411484908144807537e+00 6.323041586397554203e-01
1.396916756828015194e+00 6.505960654519997721e-01
1.383108881000925994e+00 6.686948818545733753e-01
1.370086922541206453e+00 6.865937089254471326e-01
1.355133422025871504e+00 7.043314694693750821e-01
1.339073732531849359e+00 7.218872942749123833e-01
1.324155113675867801e+00 7.392129302787252554e-01
1.308400439087634703e+00 7.563372146377363991e-01
1.291269411860960004e+00 7.732638336459003447e-01
1.273516463345178984e+00 7.899634490723623781e-01
1.255400730096368767e+00 8.064138084958175634e-01
1.236223504227062842e+00 8.226242926383930953e-01
1.215735636779147422e+00 8.385870822992724793e-01
1.193832173086173176e+00 8.542772432788334758e-01
1.170117425500541097e+00 8.696641798583574223e-01
1.144371248447932476e+00 8.847336196670635422e-01
1.116912502657687378e+00 8.994577791011849621e-01
1.087086178256895908e+00 9.138014589257164033e-01
1.053235783594468788e+00 9.277223900192692607e-01
1.012747127511531620e+00 9.411687210294913397e-01
9.636792254977701866e-01 9.540421106729174427e-01
9.025529233648051930e-01 9.662079944296487755e-01
8.196376105785401212e-01 9.774395565464476521e-01
6.951844682748534732e-01 9.873603535231947337e-01
4.819573113453336499e-01 9.951836108602414299e-01
1.086009010250479738e-02 9.988231944637594450e-01
-1.103778680972425263e+00 9.925073592117038546e-01
-1.920298876159094226e+00 9.714752545706942799e-01
-1.998939564648722467e+00 9.457299885000712836e-01
-1.997331575901531098e+00 9.197114831796304735e-01
-1.991308388393060680e+00 8.937575872550984624e-01
-1.983318868862772977e+00 8.678788186143910899e-01
-1.977744740295960924e+00 8.420949864094396942e-01
-1.971832235208770268e+00 8.163944721559568407e-01
-1.966259795291811274e+00 7.907807474760180089e-01
-1.960034283372788400e+00 7.652497797718155192e-01
-1.950419278128909806e+00 7.397893856705821669e-01
-1.942526340471702584e+00 7.144230710304916299e-01
-1.937150789010367635e+00 6.891559517241103716e-01
-1.931247338641848943e+00 6.639743346256359313e-01
-1.925446092277109056e+00 6.388815534407513708e-01
-1.919996862599775644e+00 6.138792861315051086e-01
-1.909700221464642800e+00 5.889428376706095092e-01
-1.902875212876451005e+00 5.641127611329037617e-01
-1.896752572527705016e+00 5.393769364375962105e-01
-1.890693403146000096e+00 5.147325941060406640e-01
-1.885152100553308507e+00 4.901825633240720070e-01
-1.874015176306903951e+00 4.656961243215803625e-01
-1.867983831923031524e+00 4.413284388743286546e-01
-1.861851744147869470e+00 4.170540863464834991e-01
-1.855428059945576358e+00 3.928724502525257622e-01
-1.847524370321902420e+00 3.687776749248727337e-01
-1.838996189353824695e+00 3.447747119720995790e-01
-1.833208256378118906e+00 3.208833166317242025e-01
-1.825164632038392742e+00 2.970759500424308142e-01
-1.817371219116778347e+00 2.733676690621998362e-01
-1.809946286036801189e+00 2.497598673198580810e-01
-1.804524246850680136e+00 2.262627823489522794e-01
-1.792181753655168297e+00 2.028253825493020190e-01
-1.787119341955121232e+00 1.795311434015236796e-01
-1.779458008692049287e+00 1.563231519735698016e-01
-1.771352436908756767e+00 1.332148835304218237e-01
-1.763300310715965935e+00 1.102101731442691745e-01
-1.757296395871317474e+00 8.732245896680268515e-02
-1.745434250262550835e+00 6.450280578522950281e-02
-1.739692874773914877e+00 4.182829701208198164e-02
-1.730610781863957559e+00 1.923875714863659478e-02
-1.722353483750184822e+00 -3.237209160025495466e-03
-1.714910659615447752e+00 -2.559850501026530653e-02
-1.705448244999566265e+00 -4.786345374256178314e-02
-1.699046107325081545e+00 -6.999625169730264163e-02
-1.686503806644170878e+00 -9.205924174120992676e-02
-1.680302314493443916e+00 -1.139644091358084504e-01
-1.670961296754810643e+00 -1.357772601810808277e-01
-1.661957016966638001e+00 -1.574716579601732613e-01
-1.653886372413184258e+00 -1.790414840784778638e-01
-1.643590535696071164e+00 -2.005097442708573263e-01
-1.636615515720951208e+00 -2.218320012290169452e-01
-1.624816617371150462e+00 -2.430710203492063848e-01
-1.615931658552923089e+00 -2.641631247479201416e-01
-1.606083799796575784e+00 -2.851395085276621222e-01
-1.596974217321970313e+00 -3.059827260608340427e-01
-1.586754154601647926e+00 -3.267075618647173885e-01
-1.577636874756854102e+00 -3.472925394291965229e-01
-1.566860952814840280e+00 -3.677607909991952306e-01
-1.557268276687573172e+00 -3.880841585256927795e-01
-1.547443858495274993e+00 -4.082741757523450365e-01
-1.534210820820569587e+00 -4.283586413317604369e-01
-1.526581780471646166e+00 -4.482480285661337160e-01
-1.514044774409229577e+00 -4.680446937903216531e-01
-1.501656999989851027e+00 -4.876934133944293426e-01
-1.492203853302895178e+00 -5.071637586078434623e-01
-1.479177417891859303e+00 -5.265224997409636565e-01
-1.468567675101770220e+00 -5.456989770978739607e-01
-1.456269163107072329e+00 -5.647379062537284389e-01
-1.444224885196812247e+00 -5.836122438310854532e-01
-1.432098123879619544e+00 -6.023227147246077440e-01
-1.418513146037784223e+00 -6.208835379947990063e-01
-1.405760234988734814e+00 -6.392590184091980765e-01
-1.393006491880709019e+00 -6.574559658493176473e-01
-1.378237131860793552e+00 -6.755001401497241487e-01
-1.363210688926566272e+00 -6.933584412908267991e-01
-1.349531190931896107e+00 -7.109974241404757311e-01
-1.334515044068237621e+00 -7.284572529281343467e-01
-1.317865053975180611e+00 -7.457365704942577889e-01
-1.301434979280332138e+00 -7.627890099253655798e-01
-1.284858956884898928e+00 -7.796106264685405129e-01
-1.267091410589656242e+00 -7.962173753004068155e-01
-1.248089559866646825e+00 -8.125966363911601986e-01
-1.228292228357662719e+00 -8.287150793008387639e-01
-1.207349264382001852e+00 -8.445610628213908733e-01
-1.185134676676859344e+00 -8.601302255024835253e-01
-1.161361307399092047e+00 -8.754053496368178200e-01
-1.135392533098430690e+00 -8.903578468272389523e-01
-1.106209138471729414e+00 -9.049501912541111359e-01
-1.073449927829865036e+00 -9.191468970047858011e-01
-1.036820205663588457e+00 -9.328949768877169424e-01
-9.942393465085119786e-01 -9.461168132958246435e-01
-9.417760384467729340e-01 -9.587103226886385388e-01
-8.733835390411135435e-01 -9.705379607942044018e-01
-7.784717478852878347e-01 -9.813296219967974077e-01
-6.286609801015958787e-01 -9.905675007431441470e-01
-3.471745369593692288e-01 -9.971535352834980381e-01
3.265164761747446076e-01 -9.979567529677231263e-01
1.568622276070865906e+00 -9.856146162766598051e-01
1.978954250732487319e+00 -9.615475986857069390e-01
1.999840714041813960e+00 -9.355742426255930777e-01
1.994615226168752864e+00 -9.095728195225915025e-01
1.988311846748460843e+00 -8.836503415341762091e-01
1.983029835553504983e+00 -8.578164039565200349e-01
1.977697492350896091e+00 -8.320667021558224574e-01
1.968551824287374297e+00 -8.063849221141330403e-01
1.960014039632020921e+00 -7.807906531418348228e-01
1.954493379189937263e+00 -7.552961358135601433e-01
1.948414665447635752e+00 -7.298857677249123155e-01
1.942131887684298786e+00 -7.045614153878534403e-01
1.937570227624939134e+00 -6.793325309609117291e-01
1.929280519479042999e+00 -6.541742818280391614e-01
1.921992623373290909e+00 -6.291086972051568305e-01
1.915161223951692415e+00 -6.041344815012653635e-01
1.907664394763230353e+00 -5.792465558701758166e-01
1.903001676623477634e+00 -5.544626358243232023e-01
1.894830614254128909e+00 -5.297524657100515233e-01
1.887272966113986650e+00 -5.051359421816284945e-01
1.880209873579062885e+00 -4.806140064594145445e-01
1.872964506707414101e+00 -4.561836361792787620e-01
1.868560929446063223e+00 -4.318611271716756850e-01
1.857509175784332944e+00 -4.075978594941194189e-01
1.850553010556427180e+00 -3.834498205883125066e-01
1.844181894909389996e+00 -3.594004244698841277e-01
1.837740609796480129e+00 -3.354465318069754787e-01
1.830568477273085026e+00 -3.115850836423472159e-01
1.821031757076502222e+00 -2.878073756894041213e-01
1.815077786379048375e+00 -2.641481886395892764e-01
1.807012309157686625e+00 -2.405750359450724851e-01
1.799310191793846547e+00 -2.171036156672487005e-01
1.791812672428643394e+00 -1.937336472919327368e-01
1.785082454320841894e+00 -1.704693836121176087e-01
1.774770764510355425e+00 -1.472852663546735663e-01
1.770347148701784556e+00 -1.242393857364247761e-01
1.758816023809887108e+00 -1.012539960139662715e-01
1.751545155084308636e+00 -7.839838674462418222e-02
1.744583733340434373e+00 -5.565114372247145780e-02
1.735624008888768222e+00 -3.299711399147795682e-02
1.727483208773122003e+00 -1.045593914852524682e-02
1.720266747050528178e+00 1.197049533534996768e-02
1.710123034327088787e+00 3.430730390671450636e-02
1.704389687828123945e+00 5.650360905471454864e-02
1.691759564615802569e+00 7.863571209861769384e-02
1.685789825612816761e+00 1.006087739845806933e-01
1.676249031990629357e+00 1.224931363164374343e-01
1.667378794214585458e+00 1.442574721306503494e-01
1.659362842537968952e+00 1.658986643806340255e-01
1.649122905495193692e+00 1.874389482229999182e-01
1.642008723515189006e+00 2.088358626507182680e-01
1.630307598067688879e+00 2.301481588870137873e-01
1.622271687606250401e+00 2.513089054488313878e-01
1.611696316845897980e+00 2.723673066693765854e-01
1.603094808747275835e+00 2.932835025753815494e-01
1.592592493131872899e+00 3.140890459640515719e-01
1.583773632686806820e+00 3.347509399586234280e-01
1.572879092598156392e+00 3.553007766030802927e-01
1.563629110878892448e+00 3.757029162969749425e-01
1.553283551846596167e+00 3.959809963716764969e-01
1.541177720508146276e+00 4.161387595014819363e-01
1.533127486124880035e+00 4.361186858533940836e-01
1.519693378996976429e+00 4.560109758867925134e-01
1.509721939715946926e+00 4.757237175769584159e-01
1.498866773027670130e+00 4.953000999937717252e-01
1.486517344789767270e+00 5.147429634435692902e-01
1.475976083638750991e+00 5.340133095642650707e-01
1.463358860419197827e+00 5.531522863656304079e-01
1.451925181467587533e+00 5.721178566019038403e-01
1.439645068315853260e+00 5.909315659342212479e-01
1.426183678390316567e+00 6.095939655761917209e-01
1.414176061887211233e+00 6.280657737437392862e-01
1.401040883503829271e+00 6.463783156170600508e-01
1.386172326336672755e+00 6.645358163184659217e-01
1.372564791109435189e+00 6.824877526572383779e-01
1.358916494441432699e+00 7.002478943267440581e-01
1.343399218109426307e+00 7.178419397741694352e-01
1.327266310124303628e+00 7.352399259945980869e-01
1.311912084393741074e+00 7.524063406263350462e-01
1.295535721832300702e+00 7.693689995262386061e-01
1.277834197497252244e+00 7.861256893208430352e-01
1.259498171244196829e+00 8.026454293596367862e-01
1.240576406803149068e+00 8.189085409860196174e-01
1.220537798614800495e+00 8.349211575925380435e-01
1.199143854106406115e+00 8.506733155409683667e-01
1.176130894038131203e+00 8.661398779204710907e-01
1.150834610418841608e+00 8.812888525510212956e-01
1.122886226258468012e+00 8.961011796972933041e-01
1.092939621806571227e+00 9.105397199691638299e-01
1.060336167908594085e+00 9.245578907044216255e-01
1.023016181133775460e+00 9.381005645974667129e-01
9.775189237751238380e-01 9.511040696993231514e-01
9.040230708034672213e-01 9.631462872034700640e-01
8.184191985409758896e-01 9.743692929773944966e-01
7.411918175490329608e-01 9.852479045013681214e-01
5.965458819135249779e-01 9.946889313204272387e-01
2.108665006890784177e-01 1.000000000000000000e+00
-6.872810621011383736e-01 9.968895541259058524e-01
-1.803043467595772498e+00 9.797654729672876650e-01
-1.995065592558191270e+00 9.545338506174377846e-01
-1.998953687503207455e+00 9.285096876686620426e-01
-1.993225774863263799e+00 9.025287977798945871e-01
-1.985918691130042824e+00 8.766246463624053353e-01
-1.980125863645794348e+00 8.508112770897104937e-01
-1.975174060199492043e+00 8.250862707982480337e-01
-1.968979366324751235e+00 7.994408447480028101e-01
-1.960736513378936063e+00 7.738715810248163463e-01
-1.953511091316501247e+00 7.483927365237111884e-01
-1.946741331825695864e+00 7.230026425418349945e-01
-1.939612305112513368e+00 6.976979371950352560e-01
-1.933929659188726724e+00 6.724875656134330359e-01
-1.929356012788591590e+00 6.473705890923926454e-01
-1.920824248109825882e+00 6.223234910889959837e-01
-1.912424090803112708e+00 5.973655413015745985e-01
-1.905689895317347338e+00 5.725055618520192846e-01
-1.899031027942964522e+00 5.477363997876996127e-01
-1.893363154390168779e+00 5.230631152015816632e-01
-1.887635239999954972e+00 4.984810143596647425e-01
-1.875946282050856784e+00 4.739605173848385755e-01
-1.870243261385195144e+00 4.495629327854056556e-01
-1.864161707414441205e+00 4.252571095849839722e-01
-1.857770832758226298e+00 4.010437111531163223e-01
-1.850470971347008220e+00 3.769200558154006675e-01
-1.841018222846820374e+00 3.528797965595281694e-01
-1.835630482011417541e+00 3.289578648016095452e-01
-1.827828012068537289e+00 3.051190487317210764e-01
-1.820104469266317970e+00 2.813780916184800418e-01
-1.812300646125366788e+00 2.577347661630797204e-01
-1.807310519656600167e+00 2.342064492025806022e-01
-1.794682557776890119e+00 2.107337267555169369e-01
-1.789412794398300699e+00 1.874039241951606649e-01
-1.782124883581205355e+00 1.641637485929719475e-01
-1.774261191643800251e+00 1.410222623903711059e-01
-1.765738503114391289e+00 1.179796332622840699e-01
-1.760355177805723592e+00 9.506033180413771266e-02
-1.747591454408060185e+00 7.219961670719333979e-02
-1.742338062661783926e+00 4.949200030730740302e-02
-1.733667605524279232e+00 2.686894671899866388e-02
-1.725158789164201956e+00 4.354684393349063549e-03
-1.717670927135831249e+00 -1.804396671384424569e-02
-1.708724865921904534e+00 -4.034268827461054419e-02
-1.701558389572755070e+00 -6.251866010541032304e-02
-1.689904228359663252e+00 -8.461328764439390859e-02
-1.682816241744131913e+00 -1.065635457614079740e-01
-1.674222706846835829e+00 -1.284098291062759634e-01
-1.664912015144402346e+00 -1.501458509139306507e-01
-1.656935467432727682e+00 -1.717548788048100239e-01
-1.646642489193402836e+00 -1.932633070262224362e-01
-1.640028129340874052e+00 -2.146237959718754751e-01
-1.626974093604050209e+00 -2.359136534600765056e-01
-1.619694469482746646e+00 -2.570348803127162074e-01
-1.608827370899537756e+00 -2.780619888076216184e-01
-1.600421541723678232e+00 -2.989422648759936241e-01
-1.590094650905835794e+00 -3.197114392099974500e-01
-1.581107133987831537e+00 -3.403395114874641081e-01
-1.569955608181325957e+00 -3.608558141912370232e-01
-1.561502615740555155e+00 -3.812142751612674352e-01
-1.550178894507893368e+00 -4.014646846539573488e-01
-1.538152591372906830e+00 -4.215840962245476775e-01
-1.529444437537639034e+00 -4.415322859143054890e-01
-1.516804836444489712e+00 -4.613780098524626339e-01
-1.507056385587378200e+00 -4.810491274102646764e-01
-1.495299981630775266e+00 -5.005944965621654807e-01
-1.484295734725641136e+00 -5.199811771376761094e-01
-1.472807959839131264e+00 -5.392203628286350581e-01
-1.460027966927278875e+00 -5.583182636987981118e-01
-1.449032677447719131e+00 -5.772344934488639057e-01
-1.436462210008335072e+00 -5.960072998578200831e-01
-1.422244324142779792e+00 -6.146337886402726269e-01
-1.410407965411591524e+00 -6.330560952706471012e-01
-1.397514273362612913e+00 -6.513169549104073086e-01
-1.382319078528253087e+00 -6.694300897090028624e-01
-1.368444487572911372e+00 -6.873348350719133970e-01
-1.354620755315299352e+00 -7.050445576904931233e-01
-1.339145739961097092e+00 -7.225825746756053825e-01
-1.323252311045197471e+00 -7.399186423018476733e-01
-1.307590323055586312e+00 -7.570306010952897457e-01
-1.290869686466077804e+00 -7.739376328990695830e-01
-1.272949276216314596e+00 -7.906325062842904927e-01
-1.254480219264583196e+00 -8.070838255930197214e-01
-1.235255300199884942e+00 -8.232786556135917033e-01
-1.214885759581520119e+00 -8.392207425850732871e-01
-1.193119745211569382e+00 -8.548981618663814563e-01
-1.169648457194577773e+00 -8.702836852953540481e-01
-1.143675361745540187e+00 -8.853448753161613505e-01
-1.114925501724586043e+00 -9.000617601391615041e-01
-1.084079016618195501e+00 -9.143938464456028425e-01
-1.050350492439150907e+00 -9.282901825928380202e-01
-1.011425661287841393e+00 -9.416900242808723398e-01
-9.634614013522315723e-01 -9.545228345523759650e-01
-9.014072277514401099e-01 -9.666735698966792967e-01
-8.182935588429584017e-01 -9.778987949992710149e-01
-6.934782020048778639e-01 -9.877924533589887979e-01
-4.776467531179129922e-01 -9.955887030782076819e-01
4.769305493149315379e-03 -9.991512275966866197e-01
1.130341630396801023e+00 -9.925019203351798103e-01
1.925047280598224386e+00 -9.712496674540324060e-01
1.999403568551725741e+00 -9.454826996636339631e-01
1.997416824736333085e+00 -9.194635619895388245e-01
1.991683688920510731e+00 -8.935117432616055400e-01
1.984109398033381266e+00 -8.676356528195314777e-01
1.976633068418773620e+00 -8.418441412165723614e-01
1.970891892494258446e+00 -8.161450446166473860e-01
1.966049655641683769e+00 -7.905352929540744311e-01
1.959472405683646112e+00 -7.650035682387221758e-01
1.952313340998850677e+00 -7.395552196203956097e-01
1.945486208022960239e+00 -7.141951339932773868e-01
1.938001584840137959e+00 -6.889191804606963343e-01
1.929975618739691257e+00 -6.637282535321143984e-01
1.925228414046528336e+00 -6.386410665798627484e-01
1.919448361138841541e+00 -6.136381024847620269e-01
1.911411869009378872e+00 -5.887133235563090095e-01
1.904137356297374239e+00 -5.638820692039020477e-01
1.896596006621569908e+00 -5.391400256713245742e-01
1.889713167572918628e+00 -5.144923118400426265e-01
1.885291129349235817e+00 -4.899487175482098444e-01
1.875615902626105003e+00 -4.654708860462631326e-01
1.867927091350558788e+00 -4.410954006284792395e-01
1.861162627178379658e+00 -4.168185503099928746e-01
1.854857835373825869e+00 -3.926384216044500608e-01
1.848954642733033893e+00 -3.685553308708344744e-01
1.837506698058817056e+00 -3.445376279265394692e-01
1.832279964958196894e+00 -3.206498133386299076e-01
1.825424346901039163e+00 -2.968501628350685984e-01
1.818010429171685205e+00 -2.731450430774349236e-01
1.809172588607861121e+00 -2.495300911860833526e-01
1.804198501625858375e+00 -2.260363890877316040e-01
1.793499757748806323e+00 -2.026098091800849210e-01
1.785878989597680100e+00 -1.793011142394420609e-01
1.779308060672933012e+00 -1.561007088246712249e-01
1.771873656471741221e+00 -1.329975955468564175e-01
1.762612063615487612e+00 -1.099864040252308689e-01
1.757336618677924234e+00 -8.710407644619926060e-02
1.745147515905065339e+00 -6.428367644288578153e-02
1.738957369371386230e+00 -4.160679816452750313e-02
1.731131104490746253e+00 -1.902674718240117066e-02
1.722410500432299818e+00 3.451219562852266259e-03
1.714481004111667373e+00 2.581481248847212334e-02
1.706485569523740198e+00 4.806859117978942719e-02
1.697425076878886774e+00 7.021882395911231700e-02
1.688200497557322821e+00 9.225729566231302692e-02
1.679133873034581503e+00 1.141821127217658438e-01
1.671374498909652173e+00 1.359821718699918969e-01
1.661852295144330416e+00 1.576792569653517051e-01
1.653690608302588627e+00 1.792487217234396135e-01
1.643695809884344827e+00 2.007134261504079920e-01
1.636388182878344644e+00 2.220373539301509214e-01
1.623524435381596742e+00 2.432833067287981932e-01
1.616761477389586643e+00 2.643575605761632752e-01
1.605457064375504395e+00 2.853445805144652070e-01
1.597110929035652660e+00 3.061801803494937357e-01
1.586684755851956563e+00 3.269054622610815253e-01
1.577604178296926563e+00 3.474889532009738935e-01
1.566329325612877632e+00 3.679603651425219502e-01
1.557930902265517892e+00 3.882714949272327853e-01
1.545943834895407099e+00 4.084807090880518410e-01
1.535435664503994824e+00 4.285373014288631488e-01
1.526432058837845940e+00 4.484395225483671643e-01
1.512065732774792393e+00 4.682525978384100562e-01
1.503245168550385369e+00 4.878629692985392285e-01
1.491255846527758333e+00 5.073597063793263695e-01
1.479745643253656651e+00 5.266993167314537594e-01
1.468521456779636969e+00 5.458815522262192577e-01
1.455941737023943361e+00 5.649221449751101742e-01
1.444487580175252361e+00 5.837875460035910624e-01
1.431610769222814605e+00 6.025063239264160098e-01
1.418332645806059000e+00 6.210611783933627228e-01
1.406225631009227373e+00 6.394258494955666894e-01
1.392455237091303255e+00 6.576366258799619668e-01
1.377349622504854709e+00 6.756835143922051978e-01
1.363838922312827107e+00 6.935152353071646347e-01
1.349725585874352873e+00 7.111606443733594629e-01
1.333753858691789862e+00 7.286362666798440468e-01
1.317491786057964465e+00 7.459047343952951437e-01
1.301709356335359669e+00 7.629405978906524943e-01
1.284828702768848530e+00 7.797689743829063769e-01
1.266662730953774130e+00 7.963837979275640855e-01
1.247821650242576963e+00 8.127532420767515919e-01
1.228181460689465432e+00 8.288619879098590992e-01
1.207337788087326391e+00 8.447105553293141611e-01
1.185045382154362725e+00 8.602844173194625910e-01
1.160951457942832388e+00 8.755566793848952312e-01
