0.39269908169872414	0.0
0.3926799473070578	-0.0038268488747988274
0.3926225458995592	-0.007653344250803766
0.3925268827786525	-0.011479132644613352
0.39239296678145474	-0.015303860603626486
0.3922208102793907	-0.01912717472148136
0.392010429177653	-0.022948721653540845
0.3917618429145074	-0.026768148132439742
0.39147507446044166	-0.030585100983709246
0.3911501503171586	-0.03439922714149386
0.3907871005164104	-0.038210173664375985
0.390385958618675	-0.04201758775132304
0.3899467617116715	-0.0458211167577724
0.389469550408715	-0.0496204082118685
0.38895436884690726	-0.05341510983086694
0.3884012646851629	-0.05720486953772003
0.3878102891020685	-0.06098933547785795
0.3871814967935736	-0.06476815603617946
0.3865149459705095	-0.06854097985426612
0.3858106983559358	-0.07230745584783357
0.3850688191823105	-0.07606723322443297
0.38428937718848233	-0.07981996150141579
0.38347244461650143	-0.08356529052417491
0.3826180972082469	-0.08730287048467382
0.381726414201867	-0.09103235194027699
0.38079747832802957	-0.09475338583289235
0.3798313758059798	-0.0984656235084379
0.3788281963394013	-0.1021687167366435
0.37778803311207737	-0.10586231773119825
0.3767109827833495	-0.10954607917025445
0.37559714548336864	-0.11321965421729759
0.37444662480813545	-0.11688269654239225
0.3732595278143275	-0.12053486034381292
0.3720359650139067	-0.12417580037006903
0.3707760503685055	-0.1278051719423316
0.36947990128358654	-0.1314226309772702
0.3681476386023712	-0.13502783401030732
0.3667793865995346	-0.1386204382192975
0.3653752729746609	-0.14220010144863676
0.3639354288454553	-0.1457664822338098
0.36245998874070906	-0.14931923982637918
0.3609490905930114	-0.1528580342194224
0.3594028757312056	-0.1563825261734211
0.3578214888725835	-0.1598923772426064
0.3562050781148145	-0.16338724980176395
0.3545537949276036	-0.16686680707350185
0.3528677941440757	-0.17033071315598378
0.35114723395187863	-0.17377863305112912
0.34939227588400323	-0.17721023269328198
0.34760308480931346	-0.18062517897834943
0.3457798289227831	-0.18402313979340987
0.34392267973543433	-0.18740378404679078
0.3420318120639727	-0.1907667816986155
0.3401074040201146	-0.19411180379181764
0.33814963699960177	-0.197438522483621
0.33615869567089957	-0.20074661107748334
0.33413476796357283	-0.20403574405549973
0.3320780450563354	-0.20730559711126392
0.3299887213647691	-0.21055584718318165
0.32786699452870716	-0.21378617248823248
0.32571306539927786	-0.2169962525561752
0.32352713802560373	-0.22018576826418976
0.32130941964115245	-0.2233544018719517
0.3190601206497348	-0.22650183705712945
0.31677945461114543	-0.2296277589513003
0.31446763822644247	-0.23273185417627437
0.3121248913228618	-0.23581381088082046
0.3097514368383626	-0.23887331877778326
0.30734750080579887	-0.2419100691815839
0.30491331233671504	-0.24492375504609207
0.3024491036047602	-0.24791407100286209
0.2999551098287191	-0.2508807133997184
0.29743156925515485	-0.25382338033968294
0.29487872314066066	-0.25674177172022905
0.29229681573371824	-0.2596355892728523
0.28968609425615804	-0.262504536602943
0.28704680888422013	-0.2653483192299496
0.2843792127292112	-0.268166644627817
0.28168356181775667	-0.27095922226568675
0.278960115071644	-0.27372576364884527
0.2762091342872555	-0.27646598235990233
0.27343088411458855	-0.27917959410018817
0.27062563203586015	-0.2818663167313506
0.2677936483436955	-0.28452587031713633
0.26493520611889676	-0.28715797716534164
0.2620505812077928	-0.2897623618699134
0.2591400521991662	-0.29233875135318443
0.25620390040075797	-0.2948868749082252
0.2532424098153478	-0.2974064642412941
0.2502558671164097	-0.2998972535143681
0.24724456162334185	-0.30235897938773504
0.2442087852762703	-0.3047913810626293
0.24114883261042647	-0.30719420032389133
0.23806500073009745	-0.30956718158263186
0.23495758928215008	-0.3119100719188821
0.23182690042912887	-0.3142226211242085
0.22867323882192755	-0.3165045817442742
0.22549691157203555	-0.3187557091213258
0.22229822822336046	-0.320975761436585
0.21907750072362636	-0.32316449975252626
0.21583504339535092	-0.3253216880550177
0.2125711729064008	-0.3274470932953074
0.2092862082401294	-0.32954048543183095
0.20598047066509603	-0.3316016374718227
0.20265428370437122	-0.33363032551270777
0.1993079731044288	-0.3356263287832546
0.19594186680362757	-0.3375894296844666
0.1925562949002859	-0.3395194138301928
0.18915158962035125	-0.3414160700874358
0.18572808528466855	-0.3432791906163357
0.18228611827585056	-0.34510857090981023
0.17882602700475297	-0.34690400983282943
0.17534815187655908	-0.3486653096613038
0.17185283525647835	-0.3503922761205657
0.1683404214350609	-0.3520847184234238
0.16481125659313417	-0.35374244930776877
0.16126568876636668	-0.35536528507371085
0.15770406780946186	-0.3569530456202293
0.15412674535998808	-0.3585055544813123
0.15053407480185008	-0.3600226388615696
0.14692641122840738	-0.3615041296712957
0.14330411140524377	-0.3629498615609667
0.13966753373259608	-0.3643596729551495
0.13601703820744593	-0.36573340608580596
0.13235298638528178	-0.36707090702497197
0.12867574134153795	-0.3683720257167949
0.12498566763271539	-0.36963661600890896
0.12128313125719323	-0.37086453568313243
0.1175684996157361	-0.3720556464854697
0.11384214147170554	-0.3732098141553981
0.11010442691098114	-0.374326908454427
0.10635572730160175	-0.3754068031939088
0.1025964152531299	-0.3764493762620889
0.0988268645757516	-0.37745450965037675
0.0950474502391166	-0.37842208947882455
0.09125854833092761	-0.3793520060207971
0.0874605360152872	-0.3802441537268209
0.0836537914908111	-0.38109843124759535
0.0798386939485143	-0.3819147414561555
0.07601562352948038	-0.38269299146917246
0.07218496128232278	-0.38343309266737774
0.06834708912044572	-0.38413496071510145
0.06450238977911382	-0.3847985155789121
0.060651246772340545	-0.38542368154534623
0.05679404434960409	-0.3860103872377184
0.05293116745239854	-0.3865585656320022
0.049063001670632635	-0.3870681540717702
0.04518993319888262	-0.38753909428218775
0.041312348792510306	-0.3879713323830488
0.03743063572365599	-0.3883648189008486
0.03354518173711457	-0.3887195087798848
0.029656375006106468	-0.3890353613923802
0.02576460408795175	-0.38931234054762215
0.021870257879658017	-0.38955041450011235
0.01797372557343119	-0.38974955595672217
0.014075396612121089	-0.3899097420828498
0.010175660644608658	-0.3900309545075748
0.006274907481147945	-0.39011317932780815
0.002373527048671476	-0.39015640711143307
-0.0015280906539313988	-0.3901606328994382
-0.0054295556005520915	-0.3901258562070377
-0.009330477782605647	-0.3900520810237819
-0.013230467253771206	-0.3899393158126545
-0.017129134174717554	-0.3897875735081598
-0.02102608885780417	-0.3895968715133996
-0.02492094181174842	-0.38936723169614157
-0.028813303786248773	-0.38909868038388257
-0.03270278581655298	-0.388791248357908
-0.03658899926796176	-0.3884449708463528
-0.04047155588025927	-0.38805988751626647
-0.04435006781205763	-0.38763604246468786
-0.048224147685048506	-0.38717348420873493
-0.05209340862815025	-0.386672265674715
-0.055957464321540924	-0.38613244418626236
-0.05981592904056883	-0.3855540814515098
-0.06366841769952891	-0.38493724354930287
-0.06751454589529715	-0.38428200091446274
-0.07135392995081269	-0.3835884283221097
-0.07518618695839852	-0.38285660487105266
-0.07901093482291152	-0.38208661396625865
-0.08282779230471254	-0.3812785433004087
-0.08663637906244771	-0.380432484834554
-0.09043631569563129	-0.3795485347778819
-0.09422722378702275	-0.3786267935666048
-0.09800872594478743	-0.3776673658419831
-0.1017804458444341	-0.37667036042749646
-0.10554200827051856	-0.3756358903051754
-0.10929303915810851	-0.37456407259110786
-0.11303316563399744	-0.3734550285101346
-0.11676201605766265	-0.372308883369749
-0.12047922006195776	-0.37112576653321366
-0.12418440859353318	-0.36990581139191375
-0.1278772139529759	-0.3686491553369585
-0.13155726983466137	-0.3673559397300504
-0.13522421136631074	-0.3660263098736367
-0.1388776751482469	-0.36466041498036167
-0.14251729929233967	-0.3632584081418365
-0.14614272346063784	-0.3618204462967437
-0.1497535889036766	-0.3603466901982956
-0.153349538498458	-0.3588373043810643
-0.15693021678609648	-0.3572924571272013
-0.16049527000912256	-0.3557123204320674
-0.164044346148441	-0.3540970699692894
-0.1675770949599367	-0.3524468850552661
-0.1710931680107226	-0.3507619486131397
-0.17459221871502437	-0.34904244713625615
-0.1780739023696985	-0.34728857065113117
-0.18153787618937606	-0.34550051267994397
-0.1849837993412302	-0.34367847020257913
-0.18841133297936194	-0.3418226436182352
-0.19182014027879937	-0.3399332367066232
-0.19520988646910672	-0.338010456588774
-0.19858023886760093	-0.3360545136874754
-0.20193086691216888	-0.3340656216873616
-0.20526144219368608	-0.3320439974946725
-0.20857163848802915	-0.329989861196708
-0.21186113178768345	-0.32790343602099475
-0.21512960033293912	-0.3257849482941887
-0.21837672464267663	-0.32363462740073284
-0.22160218754473668	-0.32145270574129253
-0.22480567420587377	-0.3192394186909873
-0.22798687216129113	-0.31699500455744306
-0.23114547134375532	-0.31471970453868175
-0.23428116411228947	-0.3124137626808721
-0.23739364528044216	-0.31007742583596126
-0.24048261214413358	-0.3077109436192061
-0.24354776450907598	-0.30531456836662685
-0.24658880471776765	-0.3028885550924022
-0.2496054376760626	-0.3004331614462245
-0.25259737087931083	-0.2979486476706377
-0.2555643144380745	-0.295435276558375
-0.2585059811034165	-0.2928933134097156
-0.2614220862917625	-0.2903230259898825
-0.264312348109338	-0.2877246844864963
-0.2671764873761794	-0.28509856146710627
-0.27001422764972205	-0.28244493183681485
-0.2728252952479636	-0.2797640727960173
-0.2756094192722069	-0.2770562637982681
-0.2783663316293806	-0.274321786508298
-0.2810957670539425	-0.2715609247601939
-0.2837974631293648	-0.26877396451575936
-0.28647116030920305	-0.26596119382307465
-0.28911660193775324	-0.2631229027752688
-0.29173353427029713	-0.2602593834695195
-0.29432170649293843	-0.2573709299662991
-0.2968808707420333	-0.25445783824887724
-0.29941078212321665	-0.2515204061830978
-0.30191119873002853	-0.248558933477441
-0.30438188166214164	-0.24557372164338698
-0.30682259504319404	-0.24256507395609203
-0.30923310603823145	-0.2395332954153896
-0.3116131848707601	-0.23647869270712846
-0.3139626048394151	-0.2334015741648617
-0.316281142334247	-0.23030224973189412
-0.3185685768526317	-0.22718103092369987
-0.3208246910148053	-0.22403823079072205
-0.32304927057902977	-0.22087416388156103
-0.32524210445639207	-0.2176891462065623
-0.3274029847252406	-0.21448349520181248
-0.3295317066452659	-0.21125752969354886
-0.331628068671224	-0.20801156986299468
-0.3336918724663135	-0.20474593721162185
-0.335722922915206	-0.20146095452685026
-0.3377210281367355	-0.19815694584819055
-0.3396859994962524	-0.19483423643383166
-0.34161765161764474	-0.1914931527276823
-0.3435158023950327	-0.18813402232686774
-0.3453802730041398	-0.1847571739496862
-0.3472108879133472	-0.18136293740402754
-0.34900747489443257	-0.177951643556259
-0.3507698650330017	-0.17452362430057636
-0.3524978927386162	-0.1710792125288236
-0.3541913957546197	-0.1676187421007845
-0.35585021516767146	-0.16414254781494156
-0.35747419541698927	-0.16065096537970505
-0.3590631843033062	-0.15714433138511238
-0.3606170329975478	-0.15362298327499294
-0.36213559604923296	-0.15008725931959985
-0.36361873139460227	-0.14653749858870563
-0.3650663003644819	-0.14297404092515603
-0.3664781676918829	-0.13939722691888384
-0.3678542015193448	-0.13580739788137336
-0.36919427340602473	-0.13220489582057465
-0.37049825833453925	-0.128590063416261
-0.37176603471756026	-0.12496324399582562
-0.37299748440417274	-0.12132478151050881
-0.3741924926859958	-0.1176750205120533
-0.37535094830307275	-0.11401430612977695
-0.37647274344953396	-0.11034298404805727
-0.3775577737790367	-0.10666140048422071
-0.37860593840998547	-0.10296990216682755
-0.37961713993053753	-0.09926883631434207
-0.3805912844033969	-0.09555855061418334
-0.3815282813704007	-0.09183939320214145
-0.3824280438569012	-0.08811171264215506
-0.3832904883759481	-0.08437585790643441
-0.3841155349322729	-0.0806321783559234
-0.38490310702607994	-0.07688102372108875
-0.38565313165664705	-0.07312274408302187
-0.38636553932573847	-0.06935768985484525
-0.3870402640408335	-0.06558621176341131
-0.3876772433181735	-0.06180866083127746
-0.3882764181856295	-0.05802538835894915
-0.3888377331853946	-0.054236745907376004
-0.3893611363765015	-0.05044308528068689
-0.38984657933716893	-0.046644758509151556
-0.3902940171669789	-0.04284211783235649
-0.3907034084888865	-0.0390355156825762
-0.3910747154510645	-0.03522530466833324
-0.391407903728584	-0.03141183755812491
-0.39170294252493404	-0.027595467264306315
-0.39195980457337976	-0.02377654682711559
-0.392178466138162	-0.019955429398823596
-0.3923589070155388	-0.016132468227994398
-0.39250111053467024	-0.012308016643843086
-0.3926050635583468	-0.008482428040672604
-0.3926707564835628	-0.004656055862375729
-0.39269818324193523	-0.0008292535869884207
-0.3926873412999678	0.0029976252887238646
-0.3926382316591614	0.0068242272646618415
-0.39255085885597035	0.01065019885278144
-0.3924252309616052	0.014475186592498286
-0.3922613595816805	0.018298837066118928
-0.3920592598557091	0.02212079691431365
-0.3918189504564404	0.02594071285165022
-0.3915404535890437	0.0297582316821998
-0.3912237949901349	0.03357300031523204
-0.39086900392664514	0.0373846657810162
-0.39047611319453174	0.04119287524673936
-0.3900451591173288	0.0449972760325608
-0.3895761815445364	0.048797515627814605
-0.38906922384984727	0.052593241707377024
-0.3885243329292089	0.05638410214821028
-0.38794155919871903	0.0601697450461016
-0.3873209565923529	0.0639498187326059
-0.38666258255951996	0.06772397179221128
-0.38596649806244765	0.07149185307973781
-0.3852327675733902	0.0752531117379833
-0.3844614590716593	0.07900739721563031
-0.38365264404047505	0.08275435928542565
-0.3828063974636329	0.08649364806264662
-0.3819227978219844	0.09022491402386545
-0.3810019270897302	0.09394780802602208
-0.38004387073051854	0.09766198132582081
-0.37904871769334975	0.10136708559945798
-0.37801656040828174	0.10506277296269283
-0.37694749478193146	0.10874869599127451
-0.3758416201927724	0.11242450774173174
-0.3746990394862206	0.11608986177253562
-0.37351985896950796	0.11974441216564728
-0.3723041884063384	0.12338781354845631
-0.37105214101132156	0.12701972111611937
-0.36976383344418245	0.130639790654308
-0.36843938580373997	0.1342476785623724
-0.36707892162165345	0.1378430418769266
-0.3656825678559298	0.1414255382958656
-0.36425045488418845	0.14499482620281648
-0.362782716496681	0.14855056469203096
-0.3612794898890575	0.15209241359372616
-0.3597409156548791	0.15562003349987438
-0.35816713777786907	0.15913308579044957
-0.35655830362389995	0.16263123266013335
-0.3549145639327107	0.16611413714548098
-0.353236072809351	0.16958146315255435
-0.3515229877153446	0.173032875485021
-0.3497754694595725	0.1764680398727207
-0.34799368218886534	0.1798866230007022
-0.34617779337830445	0.18328829253873036
-0.3443279738212252	0.18667271717126144
-0.3424443976189185	0.19003956662788885
-0.34052724217002467	0.19338851171425572
-0.3385766881596172	0.19671922434343472
-0.336592919547969	0.2000313775677715
-0.3345761235589987	0.20332464561118888
-0.3325264906683916	0.2065987039019484
-0.33044421459139045	0.20985322910586726
-0.32832949227025193	0.21308789915998252
-0.32618252386136426	0.21630239330666143
-0.324003512722022	0.21949639212814825
-0.3217926653968518	0.2226695775815472
-0.3195501916038875	0.22582163303422786
-0.3172763042202894	0.2289522432996499
-0.31497121926770155	0.23206109467360148
-0.31263515589724583	0.23514787497083764
-0.31026833637414836	0.2382122735621127
-0.30787098606199104	0.2412539814116004
-0.3054433334065898	0.2442726911146854
-0.3029856099194925	0.24726809693612017
-0.3004980501610916	0.2502398948485384
-0.2979808917233522	0.2531877825713074
-0.2954343752121494	0.256111459609712
-0.29285874422921093	0.25901062729445906
-0.29025424535366445	0.26188498882148564
-0.28762112812318535	0.2647342492920593
-0.28495964501474214	0.26755811575315863
-0.2822700514249347	0.27035629723811866
-0.27955260564992807	0.27312850480752565
-0.27680756886497393	0.27587445159034735
-0.2740352051035199	0.27859385282528387
-0.2712357812359048	0.28128642590232356
-0.2684095669476379	0.2839518904044841
-0.26555683471725794	0.2865899681497301
-0.262677859793774	0.2892003832330415
-0.2597729201736852	0.2917828620686213
-0.2568422965775753	0.29433713343222473
-0.25388627242628653	0.29686292850358825
-0.2509051338166669	0.29935998090894533
-0.24789916949689164	0.30182802676360654
-0.24486867084135963	0.30426680471458833
-0.24181393182516492	0.3066760559832666
-0.23873524899813628	0.30905552440804474
-0.23563292145845685	0.3114049564870061
-0.23250725082585247	0.3137241014205393
-0.22935854121435648	0.3160127111539124
-0.22618709920464689	0.31827054041977837
-0.22299323381596342	0.32049734678058733
-0.21977725647759405	0.32269289067089285
-0.21653948099994616	0.324856935439523
-0.21328022354519213	0.32698924739160135
-0.20999980259749632	0.3290895958303968
-0.2066985389328271	0.3311577530989774
-0.20337675558834994	0.33319349462165243
-0.20003477783140952	0.33519659894517845
-0.1966729331280992	0.3371668477797098
-0.19329155111142493	0.339104026039471
-0.18989096354906157	0.34100792188313256
-0.18647150431070822	0.3428783267538669
-0.18303350933504298	0.34471503541906523
-0.17957731659628678	0.34651784600969165
-0.17610326607036852	0.34828656005925884
-0.17261169970070978	0.35002098254239766
-0.16910296136361994	0.35172092191300725
-0.16557739683331663	0.3533861901419583
-0.1620353537465682	0.355016602754335
-0.15847718156696786	0.35661197886619106
-0.1549032315488424	0.3581721412208025
-0.1513138567007993	0.3596969162243957
-0.1477094117489246	0.36118613398133104
-0.1440902530996232	0.3626396283287252
-0.1404567388021243	0.36405723687048813
-0.13680922851064417	0.36543880101076054
-0.13314808344621978	0.36678416598672975
-0.1294736663582157	0.36809318090080806
-0.12578634148551596	0.3693656987521526
-0.1220864745173992	0.37060157646751146
-0.1183744325541136	0.3718006749313776
-0.11465058406715042	0.37296285901543186
-0.11091529885922854	0.3740879976072616
-0.10716894802399324	0.3751759636383352
-0.10341190390544396	0.3762266341112178
-0.0996445400570875	0.3772398901260126
-0.09586723120083376	0.378215616906013
-0.09208035318564223	0.3791537038225482
-0.08828428294591605	0.3800540444190121
-0.0844793984596692	0.38091653643405615
-0.08066607870645666	0.38174108182393895
-0.07684470362509628	0.382527586784012
-0.07301565407116793	0.38327596176933737
-0.06917931177432113	0.38398612151441747
-0.06533605929538391	0.3846579850520307
-0.06148627998329046	0.38529147573115957
-0.05763035793183145	0.3858865212340008
-0.053768677936244555	0.3864430535920477
-0.04990162544964007	0.3869610092012362
-0.046029586539288604	0.38744032883614277
-0.042152947842765826	0.38788095766322983
-0.038272096523971774	0.38828284525312706
-0.03438742022903218	0.3886459455919439
-0.03049930704208975	0.3889702170916046
-0.026608145441000892	0.38925562259920143
-0.022714324252938248	0.3895021294053594
-0.018818232609921846	0.389709709251607
-0.014920259904272506	0.3898783383367504
-0.011020795744015186	0.39000799732224567
-0.007120229908228072	0.390098671336566
-0.003218952302355454	0.39015034997856224
0.0006826470865103861	0.390163027319814
0.0045841782343601645	0.39013670190596966
0.008485251125015317	0.39007137675707565
0.012385475794866953	0.389967059366893
0.016284462377605044	0.3898237617012038
0.02018182114892697	0.3896415001951067
0.02407716257121265	0.3894202957493035
0.02797009733815777	0.38916017372538025
0.03186023641935454	0.3888611639400837
0.035747191104811865	0.3885233006585984
0.03963057304939992	0.38814662258682714
0.04350999431721594	0.3877311728626798
0.047385067425855944	0.3872769990463762
0.05125540539058703	0.386784153109768
0.05512062176840239	0.38625269142468655
0.058980330701963304	0.38568267475032314
0.06283414696340325	0.3850741682196497
0.06668168599799351	0.38442724132488776
0.07052256396765968	0.3837419679020338
0.07435639779433967	0.3830184261144515
0.07818280520316791	0.3822566984355388
0.08200140476548837	0.3814568716304809
0.08581181594167742	0.38061903673710096
0.08961365912376733	0.3797432890458179
0.09340655567787311	0.3788297280787236
0.09719012798639724	0.3778784575677933
0.1009639994900174	0.3768895854322401
0.10472779472944271	0.3758632237550268
0.10848113938693005	0.3747994887585503
0.11222366032755106	0.3736985007795127
0.11595498564021055	0.37256038424298993
0.11967474467839362	0.3713852676357189
0.12338256810064717	0.3701732834786137
0.12707808791078054	0.3689245682985293
0.13076093749778211	0.367639262599287
0.13443075167543767	0.3663175108319816
0.13808716672165616	0.3649594613645823
0.14172982041748047	0.3635652664508494
0.14535835208578687	0.36213508219858226
0.14897240262966693	0.3606690685372148
0.15257161457047658	0.3591673891847807
0.1561556320855557	0.3576302116142638
0.15972410104560447	0.3560577070193545
0.16327666905172092	0.35445005027962817
0.16681298547207976	0.3528074199251694
0.17033270147826005	0.35112999810065754
0.17383547008120856	0.34941797052893614
0.17732094616683913	0.3476715264740835
0.18078878653125457	0.34589085870400915
0.1842386499156005	0.3440761634525889
0.18767019704053026	0.3422276403813685
0.19108309064029116	0.340345492540847
0.1944769954964163	0.3384299263313688
0.19785157847102774	0.3364811514636382
0.2012065085397402	0.3344993809188824
0.204541456824166	0.33248483090868153
0.2078560966240174	0.33043772083448564
0.211150103448799	0.3283582732468441
0.21442315504909729	0.3262467138043612
0.21767493144745195	0.3241032712324074
0.2209051149688179	0.3219281772815995
0.22411339027060792	0.3197216666860759
0.22729944437232077	0.3174839771215842
0.23046296668474303	0.3152153491634076
0.2336036490387388	0.3129160262441397
0.23672118571360612	0.31058625461134387
0.2398152734650176	0.3082262832851026
0.2428856115525315	0.30583636401548736
0.24593190176668056	0.3034167512399627
0.2489538484556298	0.30096770204075174
0.2519511585514132	0.2984894761021734
0.2549235415957414	0.2959823356679786
0.25787070976538107	0.29344654549870314
0.26079237789711085	0.2908823728290532
0.26368826351224967	0.28829008732534667
0.2665580868407615	0.28566996104302406
0.26940157084493244	0.28302226838425415
0.27221844124262895	0.2803472860556441
0.2750084265301289	0.27764529302607904
0.2777712580045359	0.27491657048470436
0.28050666978577127	0.2721614017990682
0.2832143988381512	0.2693800724734423
0.28589418499154373	0.26657287010733816
0.28854577096211753	0.263740084354229
0.2911689023726739	0.26088200688050234
0.2937633277725727	0.2579989313246492
0.2963287986572499	0.2550911532567109
0.2988650694873318	0.25215897013799515
0.30137189770734774	0.24920268128107456
0.3038490437640427	0.24622258781008557
0.30629627112429775	0.2432189926213329
0.3087133462926534	0.24019220034422273
0.31110003882844944	0.23714251730252345
0.3134561213625746	0.23407025147598054
0.3157813696138364	0.23097571246228304
0.31807556240495155	0.227859211439402
0.32033848167816315	0.22472106112830423
0.3225699125104839	0.22156157575605906
0.3247696431285767	0.21838107101933477
0.32693746492326753	0.21517986404830872
0.3290731724637037	0.21195827337098486
0.33117656351115404	0.20871661887793697
0.3332474390324608	0.20545522178747772
0.33528560321314455	0.20217440461126346
0.3372908634701674	0.1988744911203399
0.33926303046435946	0.1955558063116323
0.3412019181125111	0.19221867637488996
0.34310734359913847	0.18886342866008243
0.3449791273879241	0.18549039164525682
0.34681709323284005	0.182099894904855
0.34862106818895316	0.17869226907850067
0.3503908826229252	0.17526784584024552
0.3521263702232041	0.1718269578682905
0.3538273680099156	0.16836993881517395
0.35549371634446025	0.16489712327842945
0.3571252589388191	0.16140884677171194
0.35872184286457054	0.15790544569639767
0.36028331856162965	0.15438725731364633
0.36180953984670755	0.15085461971693143
0.3633003639214979	0.1473078718050384
0.3647556513805992	0.143747353255516
0.3661752662191695	0.14017340449859317
0.36755907584032604	0.1365863666915453
0.36890695106228855	0.1329865816935117
0.3702187661252746	0.12937439204075682
0.37149439869814826	0.1257501409223734
0.37273372988482945	0.12211417215641561
0.3739366442304653	0.11846683016646328
0.37510302972737025	0.11480845995860404
0.37623277782073783	0.11113940709883002
0.3773257834141288	0.1074600176908384
0.37838194487473764	0.1037706383542343
0.3794011640384458	0.1000716162031147
0.3803833462146599	0.09636329882503972
0.3813284001909433	0.0926460342603715
0.3822362382374423	0.0889201709819708
0.3831067761111112	0.08518605787524897
0.3839399330597392	0.08144404421855628
0.384735631825783	0.07769447966390278
0.38549379865000905	0.07393771421798999
0.38621436327494585	0.07017409822355623
0.3868972589481532	0.06640398234101046
0.3875424224253077	0.06262771753035001
0.3881497939731097	0.05884565503334495
0.38871931737201265	0.05505814635598361
0.3892509399187789	0.051265543251152665
0.3897446124288628	0.04746819770155489
0.3902002892386245	0.043666461902837204
0.3906179282073756	0.039860688246922786
0.3909974907192598	0.03605122930552875
0.39133894168496897	0.032238437813860446
0.3916422495432967	0.028422666654461366
0.3919073862625325	0.024604268841206818
0.3921343273416947	0.020783597503431745
0.3923230518116068	0.016961005870164275
0.3924735422358156	0.01313684725446678
0.3925857847113539	0.009311475037855364
0.392659768869347	0.005485242654790235
0.39269548787546554	0.0016585035772168012
0.3926929384302223	-0.002168388700849669
0.39265212076911676	-0.005995080678727458
0.39257303866262433	-0.0098212188644531
0.3924556994160321	-0.013646449790183781
0.39230011386912106	-0.01747042002761989
0.39210629639569283	-0.021292776203470115
0.39187426490294236	-0.025113165014966556
0.39160404083067485	-0.028931233245456937
0.3912956491503659	-0.03274662778007921
0.3909491183640653	-0.03655899562153598
0.3905644805031418	-0.04036798390598799
0.3901417711268685	-0.04417323991907686
0.3896810293208473	-0.047974411112096146
0.3891822976952713	-0.05177114511831717
0.38864562238302175	-0.05556308976950033
0.3880710530376007	-0.059349893112583985
0.38745864283089465	-0.06313120342658564
0.3868084484507682	-0.06690666923971667
0.38612053009848557	-0.07067593934673085
0.3853949514859579	-0.07443866282651204
0.38463177983281216	-0.07819448905992815
0.3838310858632816	-0.08194306774794693
0.38299294380291266	-0.08568404893004081
0.38211743137508675	-0.08941708300288473
0.3812046297973535	-0.09314182073936167
0.38025462377757213	-0.09685791330788872
0.3792675015098586	-0.10056501229206995
0.37824335467033315	-0.10426276971069566
0.3771822784126683	-0.10795083803808675
0.3760843713634289	-0.1116288702248092
0.3749497356172057	-0.11529651971875254
0.37377847673153425	-0.1189534404865944
0.372570703721599	-0.12259928703565273
0.37132652905471475	-0.1262337144361393
0.3700460686445865	-0.1298563783438141
0.36872944184533685	-0.13346693502306287
0.36737677144530445	-0.13706504137038722
0.36598818366060276	-0.14065035493832842
0.3645638081284378	-0.14422253395982512
0.36310377790018183	-0.14778123737300808
0.3616082294341941	-0.1513261248464453
0.36007730258839	-0.1548568568048311
0.35851114061254763	-0.15837309445513764
0.3569098901403541	-0.16187449981321686
0.35527370118118057	-0.1653607357308692
0.3536027271115863	-0.16883146592337403
0.35189712466654327	-0.17228635499748876
0.3501570539303809	-0.17572506847991126
0.34838267832744085	-0.1791472728462188
0.34657416461244284	-0.18255263555026915
0.3447316828605517	-0.18594082505407755
0.3428554064571459	-0.189311510858158
0.3409455120872771	-0.19266436353233793
0.339002179724823	-0.19599905474703336
0.3370255926213217	-0.19931525730499464
0.33501593729448753	-0.20261264517351102
0.3329734035164046	-0.20589089351707088
0.3308981843013871	-0.20914967873048412
0.3287904758935105	-0.21238867847244683
0.3266504777538023	-0.2156075716995565
0.3244783925470911	-0.21880603870076526
0.3222744261285086	-0.22198376113226828
0.3200387875296422	-0.22514042205281715
0.3177716889443292	-0.22827570595945737
0.3154733457140956	-0.23138929882367465
0.3131439763132275	-0.23448088812794868
0.3107838023334779	-0.23755016290270128
0.3083930484683997	-0.24059681376363354
0.3059719424973068	-0.243620532949435
0.3035207152688512	-0.24662101435986705
0.3010396006842228	-0.2495979535941957
0.2985288356799598	-0.2525510479899732
0.29598866021037046	-0.2554799966621519
0.29341931722956255	-0.25838450054251877
0.2908210526730758	-0.2612642624194401
0.2881941154391173	-0.2641189869778987
0.28553875736939277	-0.26694838083981637
0.28285523322953543	-0.26975215260464125
0.28014380068912625	-0.2725300128901907
0.27740472030130525	-0.2752816743737318
0.27463825548196946	-0.27800685183328705
0.271844672488561	-0.2807052621891434
0.2690242403984322	-0.2833766245455596
0.2661772310867995	-0.28602066023264316
0.26330391920427365	-0.28863709284838895
0.26040458215397083	-0.29122564830085795
0.25747950006819886	-0.2937860548504824
0.25452895578472395	-0.2963180431524735
0.25155323482260894	-0.29882134629932033
0.24855262535762707	-0.30129569986335863
0.24552741819725335	-0.3037408419393877
0.24247790675522285	-0.3061565131873248
0.2394043870256692	-0.3085424568748674
0.2363071575568321	-0.3108984189201531
0.2331865194243404	-0.31322414793439135
0.2300427762040668	-0.31551939526445194
0.22687623394456172	-0.3177839150353842
0.22368720113905555	-0.32001746419285504
0.22047598869704377	-0.32221980254547616
0.21724290991544398	-0.3243906928070089
0.2139882804493363	-0.32652990063841797
0.21071241828227938	-0.32863719468976094
0.2074156436962127	-0.33071234664188587
0.20409827924094112	-0.33275513124792067
0.20076064970320306	-0.33476532637453366
0.1974030820753327	-0.3367427130429392
0.19402590552350935	-0.3386870754696335
0.1906294513556025	-0.3405982011068358
0.1872140529886123	-0.3424758806826164
0.1837800459157155	-0.3443199082406865
0.18032776767290593	-0.3461300811798362
0.1768575578052534	-0.3479062002929903
0.1733697578327659	-0.34964806980587015
0.1698647112158711	-0.3513554974152351
0.16634276332051479	-0.3530282943266855
0.16280426138288911	-0.35466627529200445
0.15924955447378106	-0.3562692586460235
0.15567899346256486	-0.35783706634298323
0.1520929309808235	-0.3593695239923791
0.14849172138562244	-0.3608664608942638
0.14487572072243002	-0.3623277100739915
0.14124528668768865	-0.3637531083163865
0.13760077859105882	-0.3651424961993086
0.13394255731731713	-0.36649571812660797
0.13027098528793726	-0.36781262236044177
0.12658642642234794	-0.36909306105293865
0.12288924609887852	-0.3703368902771918
0.11917981111539287	-0.37154397005756595
0.11545848964963444	-0.3727141643992937
0.11172565121926807	-0.37384734131735425
0.10798166664164191	-0.37494337286460966
0.10422690799327232	-0.3760021351591865
0.10046174856905817	-0.3770235084110862
0.09668656284122801	-0.3780073769480101
0.09290172641804231	-0.37895362924038045
0.08910761600224353	-0.3798621579255468
0.08530460934926483	-0.3807328598311634
0.08149308522522047	-0.38156563599771964
0.07767342336466364	-0.382360391700217
0.07384600442813716	-0.3831170364689738
0.07001120995952143	-0.3838354841095494
0.0661694223431867	-0.3845156527217738
0.0623210247609543	-0.38515746471787465
0.058466401148892566	-0.3857608468396854
0.05460593615393392	-0.38632573017493105
0.05074001509033899	-0.3868520501725767
0.04686902389601322	-0.38733974665723253
0.04299334908868157	-0.3877887638426058
0.0391133777219316	-0.3881990503439922
0.03522949734114503	-0.3885705591897978
0.031342095939306806	-0.3889032478320879
0.02745156191272373	-0.38919707815615234
0.023558284016648782	-0.38945201648908534
0.01966265132081949	-0.389668033607372
0.015765053164937176	-0.3898451047434789
0.011865879114073495	-0.3899832095914432
0.007965518914031649	-0.39008233231145867
0.004064362446667833	-0.3901424615334539
0.00016279968517915794	-0.3901635903596624
-0.003738779350629093	-0.3901457163661823
-0.007639984639083599	-0.39008884160352375
-0.011540426201386693	-0.38999297259614607
-0.015439714146350364	-0.3898581203409819
-0.019337458715107666	-0.38968430030495227
-0.02323327032579526	-0.3894715324214717
-0.02712675961820158	-0.3892198410859465
-0.031017537498353072	-0.38892925515026927
-0.03490521518305222	-0.3885998079163116
-0.03878940424433999	-0.3882315371284204
-0.04266971665387748	-0.38782448496492145
-0.046545764827238476	-0.38737869802863495
-0.05041716166810768	-0.3868942273364097
-0.05428352061235769	-0.38637112830768156
-0.05814445567201884	-0.38580946075206246
-0.061999581479112435	-0.3852092888559688
-0.06584851332935007	-0.3845706811682953
-0.06969086722567833	-0.38389371058514504
-0.07352625992167854	-0.3831784543336217
-0.07735430896478293	-0.38242499395469737
-0.08117463273932804	-0.3816334152851629
-0.0849868505094228	-0.3808038084386718
-0.08879058246161063	-0.37993626778589173
-0.09258544974734136	-0.3790308919337717
-0.09637107452522735	-0.3780877837039381
-0.10014708000307815	-0.3771070501102338
-0.10391309047970126	-0.37608880233541336
-0.10766873138648282	-0.3750331557070022
-0.11141362932869905	-0.3739402296723456
-0.11514741212659513	-0.3728101477728482
-0.11886970885618751	-0.3716430376174307
-0.12258014988980809	-0.3704390308552101
-0.1262783669363634	-0.36919826314742615
-0.12996399308131407	-0.3679208741386252
-0.13363666282635842	-0.3666070074271217
-0.13729601212882056	-0.3652568105347511
-0.14094167844073577	-0.3638704348759312
-0.14457330074761104	-0.3624480357260561
-0.1481905196068788	-0.3609897721892307
-0.15179297718602033	-0.35949580716537016
-0.15538031730035598	-0.3579663073166828
-0.1589521854504956	-0.3564014430335533
-0.1625082288594515	-0.35480138839984465
-0.1660480965093952	-0.35316632115764046
-0.16957143917805936	-0.3514964226714471
-0.17307790947478527	-0.3497918778918706
-0.17656716187619503	-0.34805287531879725
-0.18003885276150258	-0.346279606964087
-0.18349264044744323	-0.34447226831380967
-0.18692818522282373	-0.3426310582900396
-0.19034514938269026	-0.340756179212229
-0.19374319726211162	-0.33884783675817975
-0.197121995269558	-0.3369062399246431
-0.20048121191989893	-0.33493160098755304
-0.203820517866992	-0.33292413546192784
-0.2071395859358706	-0.3308840620614551
-0.2104380911545309	-0.32881160265777754
-0.21371571078530255	-0.326706982239511
-0.21697212435581603	-0.32457042887100274
-0.22020701368955145	-0.32240217365086155
-0.22342006293597133	-0.3202024506702764
-0.22661095860023817	-0.3179714969711434
-0.22977938957251526	-0.3157095525040203
-0.2329250471568356	-0.3134168600859402
-0.23604762509955926	-0.3110936653580889
-0.23914681961740308	-0.3087402167433774
-0.24222232942504426	-0.30635676540392737
-0.24527385576230026	-0.30394356519848864
-0.24830110242087988	-0.30150087263981096
-0.251303775770714	-0.29902894685198406
-0.2542815847858511	-0.29652804952777584
-0.2572342410699351	-0.2939984448859763
-0.2601614588812482	-0.29144039962877744
-0.2630629551573358	-0.2888541828991982
-0.2659384495392004	-0.2862400662385805
-0.2687876643950717	-0.28359832354417275
-0.2716103248437546	-0.2809292310268164
-0.27440615877755753	-0.27823306716875185
-0.27717489688479013	-0.2755101126815743
-0.2799162726718501	-0.2727606504643376
-0.28263002248489183	-0.2699849655618319
-0.28531588553107007	-0.2671833451230618
-0.2879736038993806	-0.264356078359918
-0.29060292258107945	-0.2615034565060815
-0.29320358948969977	-0.25862577277615717
-0.2957753554806539	-0.25572332232506784
-0.2983179743704404	-0.2527964022077039
-0.30083120295543475	-0.24984531133886936
-0.30331480103029773	-0.24687035045350503
-0.3057685314059751	-0.24387182206723076
-0.30819215992730753	-0.2408500304372058
-0.3105854554902544	-0.23780528152331656
-0.31294819005872704	-0.23473788294971407
-0.3152801386810414	-0.23164814396670266
-0.31758107950598663	-0.22853637541300134
-0.3198507937985297	-0.2254028896783673
-0.32208906595513287	-0.2222480006666243
-0.3242956835187161	-0.21907202375906915
-0.3264704371932474	-0.21587527577829488
-0.32861312085797956	-0.21265807495241587
-0.33072353158132445	-0.20942074087972262
-0.3328014696343849	-0.20616359449375127
-0.3348467385041292	-0.20288695802880108
-0.33685914490623037	-0.19959115498588023
-0.3388384987975674	-0.19627651009909639
-0.3407846133883838	-0.19294334930251072
-0.34269730515412955	-0.18959199969742668
-0.3445763938469688	-0.1862227895201523
-0.34642170250697174	-0.18283604811021595
-0.3482330574729868	-0.17943210587905467
-0.3500102883932111	-0.17601129427915277
-0.35175322823544236	-0.17257394577367002
-0.35346171329703996	-0.16912039380652036
-0.3551355832145822	-0.16565097277293322
-0.35677468097323595	-0.16216601799047622
-0.3583788529158371	-0.15866586567054944
-0.35994794875168656	-0.15515085289035394
-0.3614818215650713	-0.1516213175653181
-0.36298032782351125	-0.1480775984219911
-0.3644433273857363	-0.1445200349714
-0.3658706835093981	-0.14094896748286925
-0.3672622628585281	-0.13736473695827958
-0.3686179355107317	-0.13376768510679946
-0.3699375749641401	-0.13015815432004316
-0.37122105814411016	-0.12653648764768297
-0.37246826540968647	-0.1229030287734859
-0.37367908055982274	-0.1192581219917898
-0.3748533908393737	-0.11560211218438819
-0.37599108694485334	-0.11193534479784609
-0.37709206302997234	-0.10825816582121084
-0.3781562167109538	-0.10457092176412225
-0.37918344907162954	-0.10087395963532529
-0.3801736646683263	-0.09716762692155216
-0.3811267715345419	-0.09345227156678085
-0.3820426811854151	-0.0897282419518585
-0.3829213086219935	-0.08599588687447796
-0.38376257233530403	-0.08225555552949017
-0.38456639431022693	-0.07850759748955732
-0.3853327000291791	-0.07475236268611568
-0.3860614184756069	-0.0709902013906574
-0.3867524821372954	-0.06722146419629865
-0.3874058270094934	-0.06344650199963954
-0.3880213925978582	-0.059665665982891386
-0.38859912192122387	-0.055879307596266484
-0.389138961514194	-0.05208777854061059
-0.38964086142956295	-0.04829143075026376
-0.39010477524056464	-0.04449061637615255
-0.3905306600429557	-0.04068568776907435
-0.39091847645693145	-0.036876997463176166
-0.3912681886288769	-0.03306489815961267
-0.39157976423295643	-0.029249742710362594
-0.3918531744725413	-0.025431884102196583
-0.3920883940814781	-0.02161167544076973
-0.3922854013251986	-0.0177894699348419
-0.39244417800167253	-0.013965620880589448
-0.3925647094422031	-0.010140481646014946
-0.3926469845120682	-0.006314405655418582
-0.3926909956110057	-0.002487746373932791
-0.3926967386735446	0.001339142707902644
-0.39266421316918226	0.005165908089542071
-0.3925934221024073	0.008992196275829407
-0.39248437201256875	0.012817653792386013
-0.39233707297359166	0.016641927201031796
-0.392151538593537	0.0204646631152428
-0.3919277860140087	0.02428550821564755
-0.3916658359094031	0.028104109265607823
-0.3913657124860049	0.03192011312686755
-0.3910274434809229	0.035733166775311145
-0.3906510601608713	0.03954291731682387
-0.3902365973207879	0.04334901200329089
-0.38978409328229535	0.04715109824872833
-0.389293589891997	0.050948823645581974
-0.3887651325196113	0.05474183598119121
-0.38819877005593967	0.058529783254439915
-0.38759455491066686	0.062312313692610206
-0.3869525430099912	0.06608907576845384
-0.3862727937940849	0.06985971821748234
-0.385555370214378	0.07362389005550508
-0.38480033873066694	0.07738124059642545
-0.3840077693080437	0.08113141947029484
-0.38317773541364186	0.08487407664166183
-0.3823103140132011	0.08860886242819341
-0.38140558556743864	0.09233542751962463
-0.3804636340282343	0.09605342299700778
-0.37948454683461974	0.09976250035229449
-0.37846841490856975	0.10346231150825777
-0.377415332650592	0.1071525088387679
-0.37632539793511516	0.11083274518941505
-0.3751987121056661	0.11450267389851397
-0.37403537996983494	0.11816194881848753
-0.3728355097940278	0.12181022433762582
-0.3715992132979952	0.12544715540225868
-0.37032660564914155	0.1290723975393192
-0.36901780545660195	0.13268560687933129
-0.3676729347650925	0.1362864401798058
-0.3662921190485181	0.13987455484907801
-0.3648754872033477	0.14344960897055814
-0.36342317154173637	0.14701126132744333
-0.36193530778440375	0.15055917142785794
-0.3604120350532582	0.15409299953044717
-0.3588534958637596	0.1576124066704291
-0.3572598361170231	0.16111705468609808
-0.3556312050916524	0.16460660624579337
-0.35396775543530606	0.1680807248753238
-0.3522696431559777	0.17153907498587484
-0.3505370276130068	0.17498132190236151
-0.3487700715077936	0.17840713189226948
-0.34696894087423	0.1818161721949523
-0.3451338050688299	0.1852081110514091
-0.34326483676056463	0.18858261773452073
-0.34136221192038746	0.19193936257976812
-0.33942610981045596	0.19527801701640157
-0.3374567129730348	0.19859825359908706
-0.33545420721907926	0.2018997460400148
-0.33341878161650157	0.20518216924145613
-0.3313506284781033	0.20844519932878766
-0.32924994334917673	0.21168851368396274
-0.32711692499476985	0.21491179097942825
-0.3249517753866138	0.21811471121247916
-0.3227546996896938	0.2212969557400623
-0.32052590624848365	0.22445820731398886
-0.3182656065728146	0.2275981501165869
-0.31597401532339353	0.2307164697967558
-0.31365135029695257	0.23381285350643566
-0.31129783241103587	0.23688698993746898
-0.30891368568841465	0.2399385693588541
-0.3064991372411281	0.2429672836543755
-0.3040544172541463	0.24597282636060494
-0.30157975896864714	0.24895489270526472
-0.299075398664917	0.2519131796459278
-0.29654157564485445	0.25484738590906475
-0.293978532214084	0.2577572120294101
-0.29138651366367585	0.2606423603896397
-0.28876576825147043	0.2635025352603432
-0.2861165471829906	0.26633744284029276
-0.28343910459196536	0.2691467912969665
-0.2807336975204338	0.27193029080734266
-0.2780005858984468	0.27468765359892805
-0.27524003252335766	0.27741859399101354
-0.2724523030386917	0.28012282843614744
-0.269637665912612	0.28280007556179315
-0.26679639241595754	0.2854500562121752
-0.2639287565998655	0.28807249349028424
-0.26103503527297334	0.2906671128000269
-0.25811550797820076	0.29323364188850193
-0.25517045696910157	0.2957718108883918
-0.25220016718580013	0.2982813523604398
-0.2492049262304935	0.3007620013360076
-0.24618502434253683	0.3032134953596817
-0.2431407543730938	0.3056355745319221
-0.24007241175936705	0.3080279815517247
-0.2369802944983982	0.31039046175928325
-0.23386470312044438	0.3127227631786279
-0.23072594066192623	0.3150246365602247
-0.22756431263794705	0.3172958354235156
-0.2243801270143971	0.319536116099369
-0.22117369417962393	0.3217452377724377
-0.21794532691568233	0.3239229625233905
-0.2146953403691655	0.3260690553710006
-0.21142405202161302	0.3281832843140724
-0.20813178165950413	0.33026542037318113
-0.20481885134382785	0.3323152376322126
-0.20148558537924788	0.3343325132796705
-0.1981323102828463	0.3363170276497434
-0.19475935475246714	0.3382685642630973
-0.19136704963464474	0.3401869098673851
-0.18795572789213422	0.34207185447744276
-0.18452572457104144	0.34392319141515465
-0.18107737676755412	0.3457407173489683
-0.17761102359427555	0.3475242323330385
-0.17412700614618112	0.3492735398459717
-0.17062566746617805	0.35098844682916247
-0.1671073525102837	0.35266876372469447
-0.16357240811243942	0.35431430451278134
-0.1600211829489363	0.3559248867487389
-0.15645402750248724	0.35750033159945627
-0.15287129402592564	0.35904046387935545
-0.14927333650555855	0.3605451120858118
-0.14566051062415367	0.36201410843402426
-0.142033173723601	0.3634472888913045
-0.13839168476721175	0.36484449321078066
-0.13473640430169911	0.3662055649644829
-0.13106769441882737	0.3675303515757998
-0.12738591871673796	0.3688187043512862
-0.12369144226095767	0.3700704785118054
-0.11998463154510716	0.37128553322298247
-0.11626585445130673	0.37246373162495744
-0.1125354802102749	0.37360494086142354
-0.1087938793611624	0.3747090321079214
-0.10504142371108709	0.37577588059938916
-0.10127848629441111	0.37680536565693906
-0.09750544133174331	0.37779737071385516
-0.0937226641886969	0.37875178334078863
-0.08993053133438436	0.37966849527014435
-0.08612942029969364	0.3805474024196351
-0.08231970963530925	0.3813884049150006
-0.07850177886952746	0.3821914071118685
-0.07467600846585294	0.3829563176167489
-0.07084277978038464	0.38368304930715186
-0.06700247501901165	0.38437151935081054
-0.06315547719441716	0.3850216492240051
-0.05930217008290799	0.3856333647289709
-0.055442938181066985	0.38620659601038504
-0.051578166662256286	0.3867412775709184
-0.04770824133295452	0.3872373482858468
-0.04383354858897417	0.38769475141670856
-0.03995447537152286	0.38811343462400605
-0.03607140912316042	0.3884933499789381
-0.03218473774363533	0.3888344539741596
-0.028294849545623158	0.3891367075335611
-0.024402133210365204	0.3894000760210623
-0.020506977743229852	0.3896245292484144
-0.016609772429204906	0.38981004148200654
-0.0127109067883095	0.38995659144867284
-0.008810770530977344	0.3900641623404952
-0.004909753513375377	0.39013274181860075
-0.0010082456927047734	0.39016232201595036
0.002893362917532684	0.39015289953911725
0.006794682292269125	0.390104475469054
0.010695322439622415	0.39001705536084846
0.014594893445622958	0.3898906492424674
0.01849300551893619	0.3897252716124903
0.02238926903555738	0.3895209414368325
0.026283294583456004	0.3892776821444626
0.03017469300718557	0.3889955216221131
0.03406307545243134	0.38867449220799033
0.03794805341048805	0.3883146306844865
0.041829238762659086	0.3879159782698978
0.045706243824574916	0.3874785806091533
0.04957868139040335	0.3870024877635621
0.05344616477696356	0.3864877541995812
0.05730830786771186	0.3859344387766158
0.061164725156610936	0.3853426047338537
0.06501503179185517	0.3847123196761462
0.06885884361945406	0.38404365555894104
0.07269577722665689	0.3833366886722782
0.07652544998521546	0.3825914996238567
0.08034748009447697	0.3818081733211816
0.08416148662428077	0.3809867989528058
0.08796708955767617	0.38012746996867236
0.09176390983343496	0.379230284059572
0.09555156938835226	0.37829534313572777
0.09932969119932801	0.37732275330451936
0.10309789932522848	0.37631262484735717
0.10685581894850202	0.37526507219572536
0.1106030764165613	0.37418021390640216
0.11433929928290695	0.3730581726358746
0.11806411634799141	0.3718990751139639
0.1217771576998213	0.37070305211667215
0.125478054754278	0.3694702384382706
0.12916644029515673	0.368200772862644
0.13284194851391667	0.3668947981339065
0.13650421504913818	0.3655524609263048
0.14015287702566287	0.3641739118134323
0.1437875730934348	0.36275930523676264
0.14740794346601985	0.36130879947352584
0.15101362995879813	0.3598225566039453
0.1546042760268288	0.3583007424778513
0.1581795268023739	0.35674352668069403
0.16173902913208693	0.3551510824989677
0.1652824316138428	0.35352358688507546
0.1688093846332241	0.35186122042164325
0.17231954039963754	0.35016416728531274
0.17581255298207554	0.3484326152100243
0.17928807834450153	0.346666755449816
0.18274577438086112	0.34486678274115845
0.18618530094972024	0.34303289526484015
0.18960631990851307	0.3411652946074322
0.19300849514740703	0.33926418572234646
0.1963914926227723	0.3373297768905123
0.19975498039026324	0.33536227968068766
0.20309862863749115	0.33336190890943324
0.20642210971630875	0.3313288826007586
0.20972509817467105	0.32926342194547936
0.21300727078810874	0.3271657512602835
0.2162683065907769	0.3250360979465485
0.21950788690609396	0.3228746924489189
0.2227256953769672	0.32068176821366856
0.22592141799560414	0.3184575616468636
0.22909474313289338	0.3162023120723607
0.2322453615673754	0.31391626168964315
0.235372966513791	0.3115996555315253
0.23847725365119513	0.30925274142175174
0.24155792115066058	0.30687576993249466
0.24461466970254442	0.30446899434178826
0.24764720254333802	0.302032670590904
0.25065522548208125	0.29956705724170213
0.253638446926362	0.29707241543396057
0.2565965779078725	0.2945490088427257
0.25952933210755785	0.29199710363567405
0.262436425880325	0.28941696843053033
0.26531757827933017	0.28680887425254686
0.26817251107984247	0.28417309449206557
0.2710009488026858	0.28150990486217703
0.273802618737252	0.27881958335650614
0.276577250964093	0.2761024102071314
0.27932457837710445	0.2733586678426487
0.2820443367052721	0.27058864084642176
0.2847362645340188	0.2677926159150049
0.28740010332612403	0.26497088181677836
0.29003559744224083	0.2621237293507955
0.29264249416099325	0.25925145130587146
0.2952205436986762	0.2563543424199105
0.29776949922853624	0.2534326993395125
0.3002891168996653	0.250486820579839
0.30277915585548265	0.24751700648478456
0.30523937825182573	0.24452355918744625
0.3076695492746442	0.24150678257091387
0.31006943715730784	0.23846698222938542
0.3124388131975234	0.23540446542962745
0.3147774517738662	0.23231954107279196
0.3170851303619411	0.2292125196565836
0.3193616295501536	0.2260837132378196
0.3216067330551203	0.22293343539535682
0.32382022773670166	0.21976200119342432
0.3260019036126776	0.2165697271453489
0.32815155387305667	0.21335693117769736
0.33026897489403173	0.21012393259483308
0.33235396625158153	0.20687105204390138
0.33440633073472553	0.2035986114802445
0.33642587435843724	0.20030693413325085
0.3384124063762115	0.19699634447265987
0.3403657392923041	0.19366716817530433
0.3422856888736383	0.19031973209230932
0.34417207416138557	0.18695436421675046
0.3460247174822222	0.18357139365177677
0.347843444459279	0.18017115057918215
0.3496280840227655	0.17675396622846473
0.35137846842030024	0.1733201728463323
0.3530944332269278	0.1698701036666955
0.3547758173548443	0.1664040928811186
0.3564224630628306	0.1629224756097398
0.35803421596539037	0.15942558787267253
0.3596109250416112	0.15591376656186298
0.36115244264374446	0.1523873494134187
0.3626586245055099	0.1488466749804035
0.3641293297501301	0.14529208260609608
0.3655644208981029	0.14172391239770082
0.3669637638747091	0.13814250520052457
0.36832722801726786	0.13454820257259414
0.36965468608213753	0.13094134675973154
0.37094601425147194	0.12732228067106088
0.37220109213973207	0.12369134785495935
0.3734198027999606	0.12004889247543347
0.3746020327298211	0.11639525928892314
0.37574767187740843	0.11273079362151879
0.37685661364683454	0.10905584134658416
0.37792875490358824	0.10537074886279241
0.37896399597968194	0.10167586307254217
0.37996224067858253	0.09797153136076187
0.3809233962799319	0.09425810157409018
0.38184737354406095	0.09053592200042235
0.3827340867163026	0.08680534134880466
0.3835834535311029	0.08306670872968336
0.3843953952159389	0.07932037363547721
0.38516983649504166	0.07556668592147911
0.38590670559293094	0.07180599578706884
0.386605934237764	0.06803865375721861
0.3872674576644996	0.0642650106642918
0.3878912146178823	0.06048541763011517
0.38847714735524813	0.05670022604831088
0.38902520164915655	0.05290978756687286
0.3895353267898464	0.04911445407099127
0.3900074755875238	0.04531457766608575
0.3904416043744802	0.041510510661050486
0.3908376730070447	0.037702605551695696
0.3911956448673704	0.03389121500436523
0.39151548686505894	0.030076691839723346
0.39179716943862336	0.026259389016684193
0.39204066655679026	0.02243965961648803
0.392245955719645	0.018617856826882977
0.3924130179596168	0.014794333926433624
0.39254183784231006	0.010969444268896043
0.39263240346717754	0.0071435412676852175
0.39268470646804027	0.003316978380397387
0.39269874201345156	-0.0005098909066245561
0.39267450880690785	-0.004336713093700139
0.39261200908690475	-0.008163134683198025
0.3925112486268401	-0.0119888021949269
0.3923722367347619	-0.015813362181557596
0.3921949862529632	-0.01963646124405498
0.3919795135574209	-0.02345774604717961
0.391725838557081	-0.027276863335038207
0.39143398469298635	-0.031093459946725077
0.39110397893724846	-0.0349071828320463
0.3907358517918612	-0.038717679067368664
0.39032963728735576	-0.042524595871572035
0.3898853729812946	-0.04632758062216528
0.38940309995660444	-0.05012628087153935
0.3888828628197454	-0.053920344363392686
0.3883247096987145	-0.05770941904934948
0.38772869224088374	-0.06149315310575846
0.38709486561066636	-0.06527119495072069
0.38642328848701457	-0.0690431932613286
0.38571402306074165	-0.07280879699115511
0.38496713503166957	-0.0765676553879834
0.3841826936055953	-0.08031941801181658
0.38336077149108017	-0.08406373475314426
0.38250144489604987	-0.08780025585152275
0.38160479352421106	-0.09152863191444015
0.38067090057127556	-0.09524851393650414
0.3796998527209937	-0.09895955331894656
0.3786917401409863	-0.10266140188948122
0.3776466564783809	-0.10635371192249048
0.37656469885524374	-0.1100361361595751
0.3754459678638	-0.11370832783048453
0.3742905675614497	-0.11736994067440172
0.37309860546556234	-0.1210206289616344
0.3718701925480582	-0.12466004751568738
0.37060544322976174	-0.12828785173574844
0.36930447537453326	-0.13190369761957502
0.3679674102831638	-0.1355072417868128
0.3665943726870422	-0.13909814150272026
0.36518549074157436	-0.14267605470234737
0.3637408960193649	-0.14624064001513515
0.3622607235031476	-0.14979155678996647
0.36074511157846495	-0.15332846512066037
0.3591942020260879	-0.15685102587192587
0.357608140014176	-0.1603589007057661
0.35598707409017133	-0.16385175210834335
0.3543311561724187	-0.16732924341731312
0.35264054154151475	-0.1707910388496141
0.3509153888313711	-0.17423680352973608
0.3491558600199986	-0.1776662035184462
0.3473621204199968	-0.18107890584199438
0.3455343386687521	-0.18447457852178153
0.3436726867183353	-0.18785289060450128
0.3417773398250973	-0.19121351219274726
0.3398484765389546	-0.1945561144760902
0.33788627869235965	-0.197880369762624
0.33589093138896037	-0.2011859515109639
0.33386262299193065	-0.20447253436271529
0.33180154511197546	-0.2077397941753956
0.3297078925950061	-0.2109874080558071
0.3275818635094801	-0.2142150543938561
0.32542365913339605	-0.21742241289682085
0.3232334839409502	-0.2206091646240473
0.3210115455888375	-0.22377499202208345
0.31875805490220344	-0.22691957896023207
0.31647322586023835	-0.23004261076651913
0.31415727558140605	-0.23314377426407565
0.3118104243083102	-0.23622275780791416
0.30943289539219127	-0.2392792513220967
0.30702491527704795	-0.24231294633728584
0.30458671348337885	-0.24532353602867008
0.3021185225915513	-0.24831071525423967
0.2996205782247775	-0.25127418059342366
0.29709311903170504	-0.2542136303860603
0.29453638666861726	-0.2571287647716943
0.2919506257812403	-0.26001928572918576
0.28933608398614735	-0.26288489711662644
0.2866930118517676	-0.2657253047115378
0.28402166287898906	-0.26854021625134644
0.28132229348135707	-0.2713293414741164
0.2785951629648631	-0.27409239215952946
0.275840533507319	-0.27682908217009755
0.27305867013732815	-0.2795391274925811
0.27024984071283076	-0.28222224627961473
0.26741431589923664	-0.2848781588915138
0.2645523691471389	-0.2875065879382438
0.26166427666960906	-0.2901072583215395
0.2587503174190643	-0.29267989727716015
0.25581077306371963	-0.29522423441725143
0.25284592796360883	-0.29774000177281035
0.24985606914618197	-0.30022693383622606
0.2468414862814858	-0.3026847676038731
0.24380247165690183	-0.3051132426187588
0.24073932015147115	-0.3075121010131805
0.23765232920978877	-0.30988108755138916
0.2345417988154703	-0.3122199496722358
0.2314080314641888	-0.31452843753178394
0.2282513321362968	-0.3168063040458567
0.22507200826901233	-0.31905330493251505
0.2218703697281835	-0.3212691987544363
0.21864672877963343	-0.3234537469611729
0.21540140006007882	-0.32560671393127527
0.21213470054763298	-0.3277278670142533
0.2088469495318826	-0.32981697657236236
0.20553846858355776	-0.3318738160221826
0.20220958152377405	-0.3338981618759853
0.1988606143928802	-0.3358897937828453
0.19549189541887585	-0.3378484945695025
0.19210375498543616	-0.3397740502809307
0.18869652559952885	-0.341666250220603
0.1852705418586283	-0.3435248869904314
0.18182614041752954	-0.345349756530362
0.17836365995477554	-0.34714065815759654
0.17488344113869267	-0.3488973946054262
0.1713858265930275	-0.3506197720616632
0.1678711608622224	-0.3523076002066299
0.1643397903762941	-0.35396069225070786
0.1607920634153531	-0.35557886497140917
0.157228330073744	-0.3571619387499608
0.1536489422238332	-0.35870973760737324
0.15005425347942467	-0.3602220892399845
0.1464446191588427	-0.3616988250544443
0.14282039624764536	-0.363139780202138
0.13918194336101336	-0.36454479361301406
0.13552962070579572	-0.3659137080288066
0.13186379004223103	-0.36724637003562954
0.12818481464533957	-0.3685426300959274
0.12449305926600411	-0.3698023425797618
0.12078889009174569	-0.3710253657954148
0.1170726747071797	-0.3722115620193002
0.11334478205420029	-0.37336079752515106
0.10960558239185535	-0.37447294261248204
0.10585544725595561	-0.3755478716342988
0.10209474941839908	-0.3765854630240464
0.09832386284624106	-0.3775855993217736
0.09454316266049194	-0.3785481671995074
0.090753025094686	-0.3794730574858114
0.08695382745318592	-0.3803601651895257
0.0831459480692674	-0.38120938952266664
0.07932976626298205	-0.3820206339224732
0.07550566229879084	-0.3827938060725929
0.07167401734300402	-0.3835288179233881
0.06783521342101063	-0.3842255857113561
0.06398963337432927	-0.3848840299776469
0.06013766081746721	-0.38550407558567196
0.05627968009461991	-0.3860856517377905
0.05241607623619291	-0.3866286919910661
0.04854723491519235	-0.3871331342720801
0.04467354240344797	-0.3875989208907996
0.04079538552772015	-0.38802599855348424
0.036913151625674295	-0.3884143183746306
0.03302722850174564	-0.3887638358879425
0.029138004382892223	-0.3890745110563242
0.0252458678742591	-0.3893463082808871
0.02135120791475742	-0.3895791964089682
0.017454413732561385	-0.3897731487411521
0.0135558748005504	-0.38992814303729484
0.009655980791684797	-0.3900441615215452
0.005755121534347612	-0.39012119088635977
0.0018536869676407356	-0.3901592222955102
-0.0020479329033362944	-0.39015825138608085
-0.005949348052226566	-0.3901182782694552
-0.009850168476157422	-0.39003930753129085
-0.013750004240479551	-0.389921348230482
-0.017648465523494854	-0.3897644138971127
-0.021545162661145492	-0.38956852252939844
-0.025439706191680646	-0.38933369658962125
-0.029331706900273313	-0.38905996299905826
-0.03322077586357935	-0.3887473531319086
-0.03710652449423008	-0.3883959028082208
-0.04098856458525614	-0.3880056522858258
-0.044866508354415274	-0.3875766462512807
-0.048739968488435106	-0.38710893380982664
-0.05260855818714354	-0.38660256847436963
-0.05647189120748426	-0.3860576081534896
-0.0603295819074136	-0.38547411513848284
-0.06418124528965687	-0.38485215608944934
-0.06802649704532146	-0.3841918020204308
-0.07186495359735877	-0.38349312828360815
-0.0756962321438675	-0.382756214552568
-0.07951995070121191	-0.3819811448046502
-0.08333572814697218	-0.38116800730238326
-0.08714318426270035	-0.3803168945740208
-0.09094193977647516	-0.37942790339319005
-0.09473161640524842	-0.37850113475766534
-0.0985118368969807	-0.3775366938672756
-0.10228222507254597	-0.37653469010096396
-0.10604240586740168	-0.3754952369930086
-0.10979200537302802	-0.3744184522084189
-0.11353065087809662	-0.3733044575175271
-0.11725797090940494	-0.37215337876977933
-0.1209735952725276	-0.3709653458667517
-0.12467715509219905	-0.36974049273440224
-0.12836828285241614	-0.36847895729457397
-0.132046612436256	-0.367180881435766
-0.13571177916538568	-0.3658464109831935
-0.13936341983928124	-0.3644756956681462
-0.14300117277413302	-0.3630688890966686
-0.14662467784143204	-0.3616261487175782
-0.15023357650623623	-0.360147635789838
-0.15382751186510374	-0.35863351534930576
-0.1574061286836968	-0.35708395617487215
-0.16096907343403774	-0.3554991307540142
-0.16451599433142233	-0.35387921524777655
-0.1680465413709721	-0.35222438945520773
-0.17156036636384525	-0.3505348367772579
-0.17505712297306225	-0.34881074418017616
-0.1785364667489788	-0.34705230215841104
-0.18199805516438103	-0.34525970469704215
-0.1854415476492001	-0.3434331492337636
-0.1888666056248479	-0.3415728366204372
-0.19227289253816207	-0.33967897108423806
-0.19566007389496776	-0.33775176018840936
-0.1990278172932349	-0.3357914147926553
-0.2023757924558512	-0.33379814901318006
-0.2057036712629754	-0.3317721801824125
-0.2090111277840066	-0.32971372880841443
-0.21229783830913146	-0.3276230185340141
-0.21556348138046869	-0.32550027609567367
-0.21880773782279317	-0.3233457312821193
-0.2220302907738607	-0.3211596168927423
-0.2252308257142983	-0.3189421686958102
-0.22840903049708192	-0.3166936253864973
-0.2315645953766039	-0.3144142285447486
-0.23469721303729932	-0.3121042225930204
-0.23780657862186666	-0.3097638547538919
-0.24089238975905167	-0.30739337500758934
-0.24395434659101545	-0.3049930360494268
-0.24699215180026737	-0.30256309324719877
-0.2500055106361839	-0.30010380459852676
-0.2529941309410837	-0.29761543068820295
-0.2559577231758951	-0.2950982346455228
-0.25889600044538313	-0.2925524821016497
