2.356194490192345	0.0
2.3561558725941363	-0.00772356652829482
2.3560400169864986	-0.015447695628481663
2.355846914932227	-0.023172949506155407
2.355576552375418	-0.03089988963446369
2.3552289096506236	-0.038629076388250624
2.354803961495661	-0.04636106867864141
2.3543016770680762	-0.05409642358821422
2.3537220199652493	-0.06183569600690592
2.3530649482481367	-0.06957943826879791
2.3523304144686445	-0.07732819978992746
2.3515183657006133	-0.08508252670727048
2.350628743574407	-0.09284296151904033
2.3496614843150962	-0.10061004272644697
2.3486165187842105	-0.10838430447706117
2.347493772525052	-0.11616627620992566
2.346293165811545	-0.12395648230255728
2.3450146137006116	-0.131755441719981
2.3436580260880384	-0.13956366766593697
2.3422233077678274	-0.14738166723640186
2.340710358494993	-0.155209941075562
2.3391190730517915	-0.1630489830343784
2.3374493413173467	-0.17089927983188077
2.335701048340654	-0.17876131071932538
2.3338740744169213	-0.18663554714735445
2.331968295167231	-0.19452245243628907
2.3299835816214722	-0.20242248144968963
2.3279198003045316	-0.21033608027131484
2.3257768133256906	-0.2182636858856107
2.323554478471199	-0.226205725861856
2.321252649299992	-0.2341626180420953
2.318871175242506	-0.24213477023298216
2.3164099017025572	-0.25012257990165954
2.3138686701622393	-0.25812643387579887
2.3112473182898006	-0.2661467080479205
2.308545680050455	-0.2741837670841135
2.3057635858200847	-0.2822379641372752
2.302900862501786	-0.2903096405649849
2.299957333645215	-0.29839912565212695
2.2969328195686782	-0.30650673633837555
2.29382713748393	-0.3146327769506535
2.2906401016236133	-0.3227775389406713
2.287371523371306	-0.33094130062765603
2.2840212113941067	-0.3391243269463732
2.280588971777719	-0.3473268692005456
2.2770746081639714	-0.3555491648217689
2.2734779218907204	-0.36379143713402395
2.269798712134081	-0.3720538951238812
2.2660367760529248	-0.3803367332164919
2.2621919089355904	-0.38864013105745915
2.258263904348746	-0.39696425330067636
2.2542525542883385	-0.40530924940222324
2.25015764933258	-0.41367525342040334
2.2459789787968987	-0.42206238382200506
2.2417163308907955	-0.43047074329486784
2.237369492876545	-0.43890041856683254
2.2329382512296734	-0.44735148023114685
2.22842239180115	-0.45582398257840584
2.2238216999812273	-0.4643179634350923
2.2191359608648615	-0.47283344400878596
2.2143649594186474	-0.4813704287401111
2.2095084806491987	-0.48992890516147825
2.2045663097729102	-0.4985088437626876
2.199538232387025	-0.5071101978634451
2.1944240346419455	-0.5157329034928517
2.18922350341471	-0.5243768792759131
2.1839364264835766	-0.5330420263271225
2.1785625927036243	-0.5417282281511631
2.1731017921833247	-0.550435350550771
2.167553816461986	-0.5591632415418046
2.16191845868802	-0.5679117312755554
2.156195513797945	-0.5766806319683349
2.1503847786960564	-0.585469737838377
2.144486052434694	-0.5942788250500758
2.138499136395026	-0.6031076516655952
2.132423834468286	-0.6119559576038686
2.1262599532373767	-0.6208234646070132
2.1200073021587746	-0.6297098762141772
2.1136656937446623	-0.6386148777428327
2.1072349437452047	-0.6475381362775322
2.1007148713309056	-0.6564793006661336
2.0941052992749616	-0.6654380015235036
2.08740605413554	-0.6744138512427049
2.080616966437915	-0.6834064440136627
2.0737378708563687	-0.6924153558493177
2.066768606395803	-0.701440144619251
2.059709016572972	-0.7104803500907841
2.05255894959727	-0.7195354939775335
2.0453182585509917	-0.7286050799954142
2.037986801569001	-0.7376885939260739
2.0305644420177242	-0.7467855036877347
2.0230510486733992	-0.7558952594134312
2.0154464958995075	-0.7650172935366046
2.007750663823308	-0.7741510208840415
1.9999634385114113	-0.7832958387761165
1.9920847121443113	-0.7924511271343084
1.9841143831898065	-0.8016162485959539
1.9760523565752375	-0.8107905486362039
1.9678985438584693	-0.8199733556971316
1.959652863397547	-0.8291639813239586
1.9513152405189533	-0.8383617203083444
1.9428856076843994	-0.8475658508386926
1.9343639046560754	-0.8567756346574213
1.9257500786602972	-0.8659903172251409
1.9170440845494727	-0.8752091278916838
1.908245884962328	-0.8844312800739221
1.8993554504823185	-0.893655971440314
1.890372759794164	-0.9028823841021086
1.8812977998384353	-0.9121096848111457
1.8721305659641336	-0.9213370251641759
1.8628710620791935	-0.930563541813627
1.8535193007988442	-0.9397883566847457
1.8440753035917685	-0.9490105771990314
1.8345391009240015	-0.9582292965038793
1.824910732400493	-0.9674435937083609
1.8151902469042884	-0.976652534125038
1.8053777027332614	-0.9858551695177407
1.7954731677343359	-0.9950505383552046
1.7854767194351455	-1.004237666070486
1.7753884451730695	-1.0134155653260493
1.7652084422215903	-1.022583236284438
1.7549368179139149	-1.0317396668844285
1.7445736897638127	-1.0408838331225594
1.734119185583604	-1.0500146993399408
1.723573443599261	-1.0591312185142336
1.7129366125625625	-1.0682323325566916
1.7022088518602483	-1.0773169726141567
1.6913903316201377	-1.0863840593758993
1.6804812328141465	-1.095432503385185
1.6694817473581742	-1.1044612053554548
1.6583920782087993	-1.1134690564910052
1.6472124394567518	-1.122454938812042
1.635943056417109	-1.1314177254839959
1.624584165716179	-1.140356281150971
1.6131360153750334	-1.1492694622732045
1.6015988648896387	-1.1581561174684158
1.5899729853075597	-1.167015087856912
1.5782586593011956	-1.1758452074103252
1.566456181237504	-1.1846453033038522
1.5545658572441943	-1.1934141962718667
1.5425880052723415	-1.2021507009667625
1.5305229551554003	-1.2108536263209078
1.5183710486645807	-1.2195217759115662
1.5061326395605672	-1.2281539483286497
1.493808093641538	-1.2367489375451697
1.4813977887874725	-1.2453055332902436
1.4689021150007149	-1.253822521424521
1.4563214744427728	-1.2622986843178872
1.4436562814673266	-1.2707328012293035
1.4309069626494324	-1.2791236486886424
1.418073956810895	-1.2874700008803743
1.4051577150417944	-1.2957706300289642
1.3921587007181564	-1.3040243067858286
1.3790773895157393	-1.3122298006177158
1.3659142694199344	-1.320385880196358
1.3526698407317634	-1.3284913137892478
1.3393446160699611	-1.3365448696514024
1.3259391203691397	-1.3445453164179575
1.312453890874022	-1.3524914234974474
1.2988894771297355	-1.3603819614656272
1.2852464409681734	-1.368215702459686
1.271525356490406	-1.3759914205727017
1.25772681004515	-1.3837078922481942
1.243851400203288	-1.3913638966746238
1.229899737728454	-1.3989582161796894
1.2158724455436654	-1.4064896366242765
1.2017701586940253	-1.4139569477959129
1.1875935243054905	-1.4213589438015701
1.1733432015397192	-1.428694423459682
1.159019861544996	-1.4359621906912172
1.1446241874032586	-1.4431610549096672
1.1301568740732268	-1.4502898314097956
1.115618628329652	-1.4573473417550158
1.1010101686986986	-1.4643324141632343
1.08633222538948	-1.4712438838910256
1.0715855402217542	-1.4780805936159944
1.0567708665498148	-1.484841393817171
1.0418889691825786	-1.4915251431533105
1.026940624299909	-1.4981307088389424
1.0119266193651884	-1.5046569670180323
0.9968477530341631	-1.5111028031351184
0.9817048350600955	-1.5174671123037777
0.9664986861952433	-1.523748799672284
0.9512301380886933	-1.5299467807863267
0.9359000331805907	-1.5360599819486402
0.9205092245927794	-1.5420873405754227
0.9050585760159048	-1.5480278055494003
0.8895489615929899	-1.5538803375694075
0.8739812657995494	-1.5596439094963481
0.8583563833202492	-1.565317506695416
0.8426752189221716	-1.5709001273744303
0.8269386873247128	-1.576390782918175
0.8111477130661564	-1.5817884982186041
0.7953032303669737	-1.5870923120007923
0.7794061829898769	-1.592301277144508
0.7634575240966827	-1.597414461001291
0.7474582161020323	-1.602430945706904
0.7314092305240004	-1.607349828489054
0.7153115478316645	-1.6121702219702572
0.6991661572896576	-1.6168912544657377
0.6829740567997745	-1.6215120702762462
0.6667362527396752	-1.6260318299756864
0.6504537597987365	-1.6304497106934457
0.6341276008111069	-1.6347649063913177
0.617758806586021	-1.6389766281349145
0.6013484157354313	-1.643084104359466
0.5848974744989996	-1.6470865811299067
0.5684070365665312	-1.6509833223951502
0.5518781628978846	-1.6547736102364556
0.5353119215404305	-1.658456745109793
0.518709387444119	-1.662032046082115
0.5020716422742164	-1.6654988510614457
0.485399774221766	-1.668856517020703
0.46869487781185093	-1.6721044202151596
0.4519580537097052	-1.6752419563934773
0.43519040852475777	-1.6782685410022165
0.4183930546126512	-1.6811836093837595
0.4015671098753274	-1.6839866169675586
0.38471369755922724	-1.6866770394546498
0.3678339460516802	-1.6892543729953504
0.35092898867554934	-1.6917181343600867
0.3339999634822102	-1.6940678611032713
0.3170480130429155	-1.69630311172018
0.3000742842386336	-1.698423465796768
0.28307992804842386	-1.7004285241523602
0.26606609933641806	-1.7023179089751723
0.24903395663748087	-1.704091263950604
0.2319846619416338	-1.7057482543822604
0.21491938047729023	-1.70728856730565
0.19783928049340602	-1.7087119115945248
0.1807455330405926	-1.7100180180598148
0.16363931175127994	-1.7112066395411216
0.14652179261900727	-1.7122775509907404
0.12939415377690552	-1.7132305495501703
0.11225757527545327	-1.7140654546190954
0.09511323885958081	-1.714782107916798
0.0779623277452034	-1.7153803735359896
0.0608060263952435	-1.7158601379890381
0.04364552029523919	-1.7162213102465704
0.02648199572859961	-1.716463821768436
0.009316639551585085	-1.7165876265270266
-0.007849361031895305	-1.7165927010229303
-0.02501481869561648	-1.71647904429293
-0.042178546216408694	-1.7162466779103291
-0.05933935669948726	-1.7158956459776131
-0.07649606380368322	-1.715426015111445
-0.0936474819664696	-1.7148378744200041
-0.11079242662873828	-1.7141313354726737
-0.12792971445922585	-1.7133065322620902
-0.14505816357852377	-1.7123636211585698
-0.1621765937825965	-1.7113027808569239
-0.1792838267657297	-1.7101242123156943
-0.19637868634283387	-1.7088281386888184
-0.21345999867101706	-1.7074148052497604
-0.23052659247038165	-1.70588447930813
-0.2475772992439273	-1.7042374501188284
-0.26461095349652325	-1.7024740287837448
-0.281626392952857	-1.7005945481460512
-0.29862245877428323	-1.6985993626771299
-0.3155979957745167	-1.6964888483561755
-0.3325518526340711	-1.6942634025425243
-0.3494828821133954	-1.6919234438407464
-0.3663899412646232	-1.6894694119585663
-0.3832718916418596	-1.6869017675576556
-0.4001275995099512	-1.6842209920973563
-0.41695593605164744	-1.6814275876713973
-0.43375577757309974	-1.678522076837662
-0.45052600570762424	-1.6755050024410725
-0.4672655076176593	-1.672376927429659
-0.4839731761948463	-1.6691384346638793
-0.5006479102581719	-1.6657901267192698
-0.5172886147501127	-1.6623326256824882
-0.5338942009306863	-1.658766572940843
-0.5504635865693873	-1.6550926289653705
-0.5669956961349152	-1.651311473087557
-0.5834894609826281	-1.6474238032697819
-0.5999438195396851	-1.6434303358695705
-0.6163577174877913	-1.6393318053977455
-0.6327301079434943	-1.6351289642705706
-0.649059951635979	-1.6308225825559777
-0.6653462170822868	-1.6264134477139716
-0.6815878807599168	-1.6219023643313166
-0.6977839272767431	-1.6172901538505997
-0.7139333495381971	-1.6125776542937729
-0.7300351489116509	-1.6077657199802846
-0.7460883353879667	-1.6028552212398983
-0.7620919277401388	-1.5978470441203145
-0.77804495367899	-1.592742090089703
-0.7939464500058705	-1.5875412757342557
-0.8097954627623044	-1.582245532450878
-0.8255910473765374	-1.5768558061351357
-0.841332268806951	-1.5713730568645683
-0.8570182016822698	-1.5657982585774965
-0.8726479304385566	-1.56013239874744
-0.8882205494529082	-1.5543764780532694
-0.9037351631738493	-1.54853151004522
-0.9191908862483572	-1.5425985208068878
-0.9345868436454875	-1.536578548613339
-0.9499221707765656	-1.5304726435854636
-0.9651960136119023	-1.5242818673406977
-0.9804075287939948	-1.518007292640252
-0.9955558837471916	-1.5116500030329765
-1.0106402567837702	-1.505211092495998
-1.0256598372064119	-1.4986916650722613
-1.040613825407034	-1.492092834505118
-1.055501432961959	-1.4854157238700916
-1.0703218827233776	-1.478661465203968
-1.0850744089071038	-1.4718311991313395
-1.099758257176568	-1.4649260744887591
-1.114372684723052	-1.4579472479466233
-1.1289169603421294	-1.4508958836289527
-1.1433903645062882	-1.443773152731192
-1.1577921894337284	-1.436580233136186
-1.172121739153312	-1.429318309028467
-1.1863783295656387	-1.4219885705070112
-1.2005612885002515	-1.4145922131965962
-1.2146699557689489	-1.4071304378579115
-1.2287036832151845	-1.3996044499965765
-1.2426618347595597	-1.3920154594711975
-1.2565437864413942	-1.3843646801006226
-1.2703489264563552	-1.3766533292705407
-1.2840766551901606	-1.3688826275395685
-1.2977263852483367	-1.3610537982449757
-1.3112975414820314	-1.3531680671081985
-1.3247895610098852	-1.3452266618402855
-1.3382018932359536	-1.3372308117474279
-1.3515339998636853	-1.3291817473367202
-1.3647853549059634	-1.3210806999223002
-1.37795544469121	-1.3129289012320153
-1.3910437678655547	-1.3047275830147633
-1.404049835391093	-1.2964779766486532
-1.416973170540215	-1.2881813127501387
-1.4298133088860423	-1.279838820784264
-1.4425697982889731	-1.2714517286761662
-1.455242198879343	-1.2630212624239965
-1.4678300830362245	-1.2545486457133803
-1.480333035362388	-1.2460350995335796
-1.492750652655419	-1.2374818417954947
-1.5050825438750381	-1.2288900869516477
-1.5173283301066225	-1.2202610456182903
-1.5294876445209638	-1.2115959241997782
-1.5415601323302828	-1.2028959245153508
-1.5535454507405204	-1.1941622434284587
-1.56544326889994	-1.185396072478772
-1.577253267844061	-1.176598597517012
-1.5889751404369512	-1.1677709983427427
-1.600608591308924	-1.1589144483452507
-1.6121533367906478	-1.150030114147653
-1.623609104843721	-1.141119155254368
-1.6349756349877393	-1.1321827237020663
-1.6462526782238838	-1.123221963714257
-1.6574399969550793	-1.1142380113596084
-1.6685373649027537	-1.105231994214153
-1.6795445670202422	-1.0962050310274878
-1.6904613994028646	-1.0871582313931056
-1.7012876691947405	-1.0780926954229682
-1.7120231944923607	-1.0690095134264492
-1.7226678042449748	-1.0599097655937675
-1.7332213381518387	-1.0507945216840142
-1.7436836465563608	-1.0416648407179117
-1.754054590337202	-1.0325217706753966
-1.7643340407963786	-1.0233663481981476
-1.7745218795444104	-1.014199598297174
-1.7846179983825752	-1.0050225340655585
-1.7946222991823162	-0.9958361563964685
-1.804534693761852	-0.9866414537065454
-1.814355103760054	-0.9774394016647575
-1.8240834605076346	-0.9682309629268312
-1.833719704895715	-0.9590170868753478
-1.8432637872418118	-0.949798709365609
-1.8527156671533236	-0.9405767524773558
-1.862075313388554	-0.9313521242724392
-1.8713427037153507	-0.92212571855852
-1.8805178247674061	-0.9128984146589001
-1.8896006718982852	-0.9036710771885536
-1.8985912490332537	-0.8944445558364449
-1.9074895685189517	-0.885219685154214
-1.916295650970996	-0.8759972843512994
-1.9250095251195536	-0.866778157096586
-1.9336312276529783	-0.8575630913266248
-1.9421608030595543	-0.8483528590605187
-1.9505983034674206	-0.8391482162215317
-1.9589437884827534	-0.8299499024654677
-1.9671973250262618	-0.8207586410159092
-1.9753589871680652	-0.8115751385063587
-1.9834288559610393	-0.8024000848293269
-1.9914070192726776	-0.7932341529924443
-1.9992935716155482	-0.7840779989816355
-2.007088613976431	-0.7749322616313905
-2.0147922536441785	-0.7657975625022034
-2.0224046040363937	-0.7566745057651989
-2.02992578452499	-0.7475636780939969
-2.0373559202607088	-0.738465648563841
-2.044695141996657	-0.7293809685580456
-2.0519435859109527	-0.7203101716817621
-2.059101393428543	-0.7112537736831178
-2.066168711042272	-0.702212272381736
-2.073145690133265	-0.6931861476046728
-2.0800324867907167	-0.6841758611297754
-2.0868292616311486	-0.675181856636487
-2.0935361796172027	-0.666204559664118
-2.100153409876072	-0.6572443775775716
-2.1066811255176106	-0.648301699540557
-2.1131195034522183	-0.6393768964962863
-2.119468724208575	-0.6304703211556392
-2.1257289717512835	-0.6215823079928285
-2.131900433298518	-0.6127131732485316
-2.137983299139731	-0.6038632149404967
-2.143977762453512	-0.5950327128816111
-2.149884019125655	-0.586221928705424
-2.155702267567531	-0.5774311058990895
-2.161432708534814	-0.5686604698437376
-2.1670755449466528	-0.5599102278622382
-2.172630981705364	-0.5511805692743241
-2.1780992255167004	-0.5424716654590728
-2.1834804847107923	-0.5337836699246897
-2.188774969063813	-0.525116718385579
-2.1939828896204623	-0.5164709288466546
-2.1991044585173163	-0.5078464016948664
-2.204139888807143	-0.4992432197978838
-2.2090893942842267	-0.49066144860990696
-2.213953189310793	-0.48210113628455864
-2.218731488644598	-0.4735623137947893
-2.223424507267751	-0.46504499505977387
-2.228032460216838	-0.4565491770787145
-2.2325555624144195	-0.44807484007152026
-2.2369940285019725	-0.4396219476262748
-2.241348072674333	-0.43119044685345925
-2.2456179085157233	-0.4227802685468405
-2.2498037488374143	-0.4143913273509726
-2.253905805517098	-0.40602352193523233
-2.257924289340036	-0.3976767351743211
-2.2618594098420366	-0.389350834335159
-2.265711375154343	-0.3810456712700816
-2.269480391850477	-0.37276108261628205
-2.2731666647951094	-0.3644968900013848
-2.2767703969950204	-0.3562529002550995
-2.2802917894522006	-0.3480289056268389
-2.2837310410191622	-0.3398246840092321
-2.2870883482565145	-0.33163999916742487
-2.290363905292856	-0.3234746009740911
-2.29355790368705	-0.31532822565003515
-2.296670532292933	-0.30720059601031113
-2.2997019771265066	-0.29909142171574477
-2.3026524212356803	-0.2910003995297531
-2.3055220445725984	-0.2829272135803683
-2.3083110238686197	-0.27487153562734756
-2.3110195325119913	-0.26683302533426884
-2.3136477404282685	-0.2588113305454932
-2.3161958139635224	-0.2508060875678959
-2.3186639157704	-0.24281692145722844
-2.32105220469706	-0.23484344630901935
-2.3233608356790425	-0.2268852655538868
-2.325589959634117	-0.21894197225713072
-2.3277397233601427	-0.21101314942250873
-2.32981026943599	-0.2030983703000446
-2.3318017361255587	-0.1951971986977768
-2.33371425728493	-0.18730918929728438
-2.3355479622727007	-0.1794338879728939
-2.3373029758635147	-0.17157083211442783
-2.3389794181648504	-0.1637195509533509
-2.340577404537081	-0.15587956589220975
-2.3420970455168444	-0.14805039083720786
-2.343538446743755	-0.14023153253379742
-2.3449017088904895	-0.13242249090514285
-2.346186927596263	-0.12462275939333466
-2.347394193403739	-0.11683182530319197
-2.348523591699383	-0.10904917014854379
-2.3495752026572982	-0.10127427000082478
-2.3505491011865485	-0.09350659583986286
-2.3514453568820084	-0.08574561390671137
-2.3522640339787464	-0.0779907860583773
-2.3530051913099648	-0.07024157012431734
-2.353668882268515	-0.062497420264542594
-2.354255154771998	-0.05475778732920727
-2.354764051231472	-0.04702211921951173
-2.355195608523769	-0.039289861249802244
-2.355549857967443	-0.031560456510699934
-2.355826825302354	-0.02383334623312835
-2.3560265306728896	-0.01610797015308008
-2.3561489886148466	-0.008383766876992665
-2.3561942080459626	-0.0006601742475712239
-2.3561621922601077	0.00706337029008406
-2.356052938925142	0.014787429322180856
-2.355866440084434	0.022512565099939253
-2.3556026821620395	0.030239339173417295
-2.355261645971544	0.037968312025629454
-2.354843306728563	0.04570004270708078
-2.3543476340668876	0.05343508847088965
-2.3537745920582847	0.06117400440862304
-2.3531241392359257	0.06891734308699679
-2.35239622862145	0.07666565418560056
-2.351590807755641	0.08441948413577328
-2.3507078187327104	0.09217937576077734
-2.349747198238173	0.0999458679174348
-2.3487088775902913	0.10771949513934784
-2.347592782785091	0.11550078728184957
-2.346398834544908	0.12329026916884551
-2.3451269483704578	0.13108846024166618
-2.343777034596414	0.13889587421007893
-2.342348998450453	0.14671301870561332
-2.3408427401157628	0.15454039493731303
-2.33925815479698	0.16237849735007598
-2.337595132789525	0.1702278132857132
-2.335853559552317	0.17808882264685086
-2.334033315783835	0.1859619975638295
-2.332134277501491	0.193847802064727
-2.3301563161242913	0.20174669174863308
-2.3280992985587443	0.20965911346230853
-2.3259630872879873	0.21758550498037488
-2.32374754046409	0.22552629468913546
-2.3214525120035048	0.23348190127418417
-2.319077851685618	0.2414527334119068
-2.316623405254369	0.24943918946501523
-2.314089014522892	0.25744165718221984
-2.3114745174811375	0.2654605134021856
-2.308779748406439	0.27349612376187066
-2.3060045379769663	0.2815488424093697
-2.303148713388031	0.2896190117213923
-2.300212098471196	0.2977069620254722
-2.2971945138161307	0.3058130113270372
-2.294095776895184	0.31393746504143005
-2.290915702190595	0.32208061573101904
-2.2876541013243226	0.3302427428474712
-2.284310783190415	0.3384241124793216
-2.2808855540898842	0.34662497710492507
-2.277378217868017	0.3548455753509005
-2.273788576054078	0.36308613175615967
-2.2701164280033437	0.37134685654161853
-2.2663615710414096	0.3796279453856966
-2.262523800610713	0.38792957920567356
-2.258602910419212	0.3962519239450223
-2.254598692591162	0.4045951303667807
-2.25051093781993	0.4129593338530563
-2.246339435522778	0.4213446542107588
-2.242083973997559	0.4297511954836237
-2.2377443405812674	0.4381790457706073
-2.23332032181036	0.44662827705074604
-2.228811703582812	0.455098945014532
-2.2242182713218126	0.46359108890188144
-2.219539810141055	0.4721047313467822
-2.2147761050115427	0.48063987822865456
-2.209926940929855	0.4891965185305098
-2.204992103087787	0.49777462420396906
-2.19997137704331	0.5063741500411859
-2.1948645488927796	0.5149950335537322
-2.189671405444317	0.5236371948585123
-2.184391734392295	0.5323005365707376
-2.1790253244928657	0.5409849437040144
-2.173571965740438	0.5496902835775991
-2.168031449545064	0.5584164057308454
-2.1624035689106273	0.5671631418448981
-2.1566881186137907	0.5759303056716565
-2.150884895383616	0.5847176929700459
-2.144993698081775	0.5935250814496345
-2.1390143278833	0.6023522307216025
-2.1329465884577785	0.6111988822571207
-2.1267902861509334	0.6200647593531207
-2.120545230166503	0.6289495671055101
-2.114211232748357	0.6378529923898278
-2.107788109362762	0.6467747038493648
-2.1012756788807376	0.6557143518907429
-2.0946737637604067	0.6646715686869893
-2.087982190229292	0.6736459681880745
-2.0812007884664596	0.6826371461389458
-2.0743293927844464	0.6916446801050375
-2.0673678418108996	0.700668129505258
-2.0603159786698444	0.7097070356524509
-2.0531736511625116	0.7187609218013129
-2.045940711947646	0.7278292932037647
-2.038617018721232	0.7369116371717417
-2.0312024343955417	0.7460074231474166
-2.0236968272774565	0.7551161027807926
-2.0161000712459667	0.7642371100146792
-2.008412045928789	0.7733698611770002
-2.0006326368780227	0.782513755080415
-1.9927617357447744	0.7916681731292132
-1.9847992404526789	0.8008324794334517
-1.976745055370236	0.810006020930298
-1.9685990914819091	0.8191881275125239
-1.960361266557892	0.8283781121641328
-1.9520315053224895	0.8375752711030415
-1.9436097396210383	0.8467788839307907
-1.9350959085852937	0.8559882137892197
-1.9264899587972084	0.8652025075240615
-1.9177918444510516	0.8744209958553851
-1.9090015275137882	0.8836428935548335
-1.9001189778836411	0.8928673996296027
-1.8911441735467918	0.9020936975130789
-1.8820771007321417	0.9113209552620714
-1.8729177540640565	0.9205483257605863
-1.863666136713054	0.9297749469300408
-1.8543222605443537	0.9389999419458607
-1.8448861462642203	0.9482224194603847
-1.8353578235640595	0.9574414738319795
-1.8257373312621892	0.9666561853602912
-1.8160247174432163	0.975865620527558
-1.8062200395949881	0.9850688322458742
-1.796323364743027	0.9942648601103334
-1.7863347695824159	1.0034527306579524
-1.776254340607055	1.0126314576322777
-1.7660821742362531	1.0218000422535858
-1.7558183769385884	1.0309574734945655
-1.7454630653529775	1.0401027283613997
-1.7350163664069214	1.0492347721801207
-1.7244784174318448	1.058352558888158
-1.7138493662755097	1.0674550313309457
-1.7031293714114282	1.0765411215635041
-1.69231860204524	1.0856097511568668
-1.6814172382179982	1.0946598315092497
-1.6704254709063278	1.103690264161839
-1.659343502119391	1.112699941119094
-1.6481715449926362	1.1216877451734337
-1.6369098238782827	1.1306525502341869
-1.625558574432487	1.1395932216606932
-1.6141180436991545	1.1485086165994312
-1.6025884901903715	1.157397584325034
-1.5909701839634074	1.1662589665850787
-1.5792634066942348	1.175091597948522
-1.5674684517475652	1.1838943061576448
-1.5555856242433468	1.192665912483375
-1.5436152411196773	1.2014052320838686
-1.5315576311921306	1.2101110743662007
-1.5194131352094535	1.2187822433510331
-1.5071821059055803	1.2274175380401369
-1.4948649080479839	1.2360157527866167
-1.482461918482299	1.2445756776677004
-1.469973526173202	1.2530960988599698
-1.4574001322415342	1.2615757990168714
-1.4447421499976418	1.2700135576483784
-1.4320000049708943	1.2784081515026662
-1.419174134935391	1.2867583549496424
-1.4062649899318238	1.2950629403661997
-1.3932730322854634	1.303320678523056
-1.3801987366202932	1.3115303389730057
-1.3670425898692307	1.319690690440477
-1.3538050912804656	1.327800501212218
-1.3404867524198743	1.3358585395289795
-1.3270880971695265	1.34386357397804
-1.313609661722243	1.3518143738864425
-1.3000519945722337	1.3597097097147701
-1.2864156565017997	1.3675483534513286
-1.2727012205640682	1.3753290790065957
-1.2589092720618156	1.3830506626077614
-1.24504040852231	1.3907118831932448
-1.2310952396682446	1.3983115228070095
-1.2170743873846976	1.405848366992552
-1.2029784856821748	1.4133212051864015
-1.1888081806557214	1.4207288311109842
-1.1745641304400825	1.4280700431667186
-1.1602470051609908	1.4353436448231673
-1.1458574868825033	1.4425484450091266
-1.1313962695504791	1.4496832585014907
-1.1168640589321457	1.4567469063127492
-1.1022615725518257	1.463738216076965
-1.0875895396227855	1.4706560224341025
-1.0728487009752683	1.4774991674125477
-1.0580398089807104	1.4842665008096763
-1.043163627472145	1.4909568805703408
-1.0282209316608533	1.4975691731631142
-1.013212508049251	1.5041022539541649
-0.9981391543400622	1.510555007578611
-0.9830016793417692	1.5169263283092236
-0.9678009028704208	1.5232151204223277
-0.9525376556477646	1.529420298560779
-0.9372127791957873	1.5355407880938625
-0.9218271257276675	1.54157552547399
-0.9063815580351652	1.5475234585900566
-0.8908769493725097	1.5533835471173258
-0.8753141833368072	1.559154762863703
-0.8596941537449869	1.5648360901122804
-0.8440177645073581	1.5704265259600128
-0.8282859294978017	1.5759250806523988
-0.8124995724206148	1.5813307779140484
-0.7966596266740942	1.5866426552750006
-0.7807670352108634	1.5918597643926757
-0.7648227503950166	1.5969811713693398
-0.7488277338560888	1.6020059570649599
-0.7327829563399418	1.606933217405332
-0.7166893975565903	1.6117620636853656
-0.7005480460250006	1.6164916228674124
-0.6843598989149632	1.621121037874522
-0.6681259618860235	1.6256494678785194
-0.6518472489235926	1.6300760885827876
-0.6355247821722252	1.6344000924996618
-0.6191595917661756	1.638620689222313
-0.6027527156572501	1.6427371056910332
-0.5863051994400257	1.6467485864538127
-0.5698180961745037	1.650654393921117
-0.5532924662062209	1.6544538086147598
-0.5367293769839323	1.6581461294107864
-0.5201299028748643	1.66173067377627
-0.503495124977662	1.6652067779999316
-0.4868261309330292	1.6685737974165016
-0.4701240147321898	1.6718311066247278
-0.45338987652316953	1.674978099698962
-0.43662482241501754	1.6780141903942318
-0.41982996427999925	1.6809388123447269
-0.4030064195538385	1.6837514192556238
-0.38615531103408446	1.6864514850881733
-0.3692777666766397	1.6890385042379914
-0.3523749193905697	1.6915119917064674
-0.3354479068312007	1.6938714832652435
-0.31849787119164064	1.6961165356136927
-0.30152595899272894	1.6982467265293366
-0.28453332087154143	1.7002616550111513
-0.26752111136848367	1.7021609414157015
-0.25049048871307494	1.7039442275860528
-0.23344261460845442	1.7056111769734161
-0.21637865401472933	1.7071614747514778
-0.19929977493121487	1.7085948279233636
-0.1822071481776239	1.7099109654212121
-0.16510194717431534	1.7111096381983057
-0.14798534772166078	1.7121906193137295
-0.13085852777858037	1.7131537040095293
-0.11372266724036566	1.7139987097803324
-0.09657894771584424	1.7147254764354118
-0.07942855230394076	1.715333866153167
-0.06227266536975179	1.7158237635279983
-0.045112472320189646	1.7161950756095643
-0.027949159379252523	1.7164477319343987
-0.010783913363035299	1.7165816845498827
0.006382078545459137	1.716596908030556
0.02354762902165516	1.7164933994867695
0.04071155082476735	1.7162711785656648
0.057872657023133836	1.7159302874444933
0.07502976121946614	1.7154707908162665
0.0921816777758961	1.714892775867748
0.10932722203876502	1.7141963522497945
0.12646521056309973	1.7133816520400587
0.143594461336645	1.712448829698065
0.16071379400344274	1.7113980620126779
0.17782203008681446	1.71022954804198
0.1949179932117365	1.7089435090455867
0.21200050932647607	1.707540188409419
0.2290684069234497	1.7060198515629632
0.24612051725921588	1.704382785889054
0.2631556745735182	1.7026293006262074
0.2801727163073371	1.7007597267635455
0.29717048331982365	1.6987744169283527
0.314147820104105	1.6966737452663028
0.33110357500182225	1.6944581073144058
0.3480366004163928	1.6921279198667192
0.36494575302487375	1.6896836208328787
0.38182989398837125	1.6871256690894976
0.39868788916096226	1.684454544324492
0.4155186092969693	1.6816707468743952
0.4323209302566297	1.6787747975547147
0.44909373320998996	1.6757672374834047
0.46583590483903536	1.672648627897512
0.4825463375379198	1.6694195499630733
0.49922392961129336	1.6660806045783298
0.5158675854705942	1.662632412170337
0.5324762158283184	1.6590756124850392
0.5490487378901038	1.6554108643709051
0.5655840755446606	1.6516388455561826
0.5820811595514412	1.6477602524198767
0.5985389277259493	1.6437757997565308
0.6149563251227174	1.6396862205348932
0.6313323042158083	1.635492265650571
0.6476658250768182	1.6311947036727612
0.6639558555503238	1.626794320585149
0.6802013714267228	1.6222919195210739
0.6964013566123568	1.6176883204930783
0.712554803296942	1.6129843601169127
0.7286607121182098	1.6081808913301225
0.7447180923236713	1.6032787831053252
0.7607259619295264	1.5982789201582657
0.7766833478766175	1.593182202650778
0.7925892861833789	1.5879895458887636
0.8084428220957393	1.5827018800152954
0.8242430102339615	1.5773201496989568
0.8399889147362942	1.5718453138175563
0.8556796093994746	1.5662783451373108
0.871314177816004	1.560620229987631
0.886891713508109	1.5548719679316403
0.902411320058431	1.5490345714325326
0.9178721112373418	1.5431090655159052
0.9332732111268601	1.5370964874281998
0.9486137542411287	1.5309978862913705
0.9638928856434443	1.5248143227539088
0.9791097610597453	1.5185468686383705
0.9942635469885885	1.5121966065855197
1.009353420807541	1.5057646296952332
1.0243785708759436	1.4992520411643102
1.0393381966340802	1.492659953921299
1.0542315086986382	1.4859894902585047
1.06905772895451	1.479241781461298
1.0838160906428513	1.472417967434873
1.098505838445403	1.4655191963286034
1.113126228565043	1.458546624158111
1.1276765288025665	1.4515014144252154
1.1421560186296134	1.44438473773591
1.1565639892578123	1.4371977714164754
1.170899743704052	1.4299416991279148
1.185162596851885	1.422617710478831
1.1993518755090766	1.4152270006368974
1.2134669184612399	1.407770769939072
1.2275070765215714	1.4002502235007017
1.2414717125766799	1.3926665708236565
1.2553602016285001	1.385021025403643
1.2691719308322411	1.3773148043368617
1.2829062995304437	1.3695491279261247
1.2965627192830664	1.361725219286608
1.3101406138936345	1.3538443039513792
1.3236394194314471	1.345907609476845
1.3370585842498526	1.3379163650482586
1.3503975690005405	1.329871801085469
1.363655846643934	1.321775148849013
1.3768329024556276	1.313627640046732
1.3899282340288954	1.3054305064410507
1.4029413512732671	1.2971849794570682
1.4158717764092212	1.288892289791588
1.4287190439589261	1.2805536670232747
1.4414827007331263	1.2721703392240469
1.454162305814149	1.263743532571853
1.4667574305350126	1.255274470965014
1.479267658454722	1.2467643756382267
1.4916925853297203	1.238214464780398
1.504031819081526	1.2296259531544609
1.5162849797605755	1.2210000517192945
1.5284516995063178	1.2123379672538885
1.5405316225035206	1.2036409019839316
1.5525244049349065	1.1949100532108965
1.5644297149300528	1.186146612943824
1.576247232510643	1.1773517675339058
1.587976649532067	1.1685266973120185
1.5996176696214277	1.1596725762293312
1.6111700081119567	1.150790571501135
1.6226333919738796	1.1418818432540234
1.6340075597418011	1.132947544176532
1.6452922614385634	1.1239888191734226
1.6564872584957202	1.1150068050236668
1.6675923236705745	1.106002630042319
1.678607240959866	1.0969774137463717
1.6895318055101338	1.0879322665247302
1.7003658235248102	1.0788682893124129
1.7111091121680677	1.06978657326912
1.7217614994654693	1.0606881994622797
1.732322824201501	1.0515742385546694
1.7427929358139544	1.0424457504967828
1.75317169428531	1.0333037842239758
1.7634589700310805	1.0241493773585832
1.7736546437852179	1.0149835559170597
1.7837586064825977	1.00580733402229
1.7937707591386918	0.9966217136211295
1.803691012726391	0.9874276842073471
1.813519288050135	0.9782262225499914
1.823255515617314	0.9690182924273504
1.8328996355070557	0.9598048443665673
1.8424515972364504	0.9505868153889876
1.8519113596242245	0.9413651287613966
1.8612788906519917	0.932140693753161
1.8705541673230772	0.9229144053994252
1.8797371755190284	0.9136871442704003
1.8888279098538259	0.9044597762468761
1.8978263735259084	0.8952331523019806
1.9067325781680107	0.8860081082893422
1.915546543694956	0.8767854647376389
1.924268298149395	0.8675660266516921
1.9328978775456038	0.8583505833201263
1.9414353257113883	0.8491399081296781
1.9498806941281606	0.8399347583862278
1.95823404176927	0.8307358751425987
1.9664954349366344	0.8215439830332127
1.9746649470957665	0.8123597901156198
1.9827426587092263	0.8031839877190197
1.9907286570686273	0.7940172502997481
1.998623036125203	0.7848602353038516
2.0064258963190533	0.7757135830367528
2.0141373444071045	0.7665779165400812
2.0217574932899045	0.7574538414756637
2.0292864618372577	0.7483419460167909
2.036724374712833	0.7392428007467143
2.044071362197793	0.7301569585644573
2.051327560013493	0.7210849545979764
2.058493109143387	0.7120273061246476
2.0655681556541436	0.7029845124991673
2.0725528505160944	0.6939570550888456
2.0794473494230576	0.6849453972163444
2.0862518126116556	0.6759499841098244
2.0929664046801313	0.666971242860595
2.099591294406812	0.6580095823881931
2.1061266545682438	0.6490653934129605
2.112572661757092	0.6401390484360986
2.118929496199885	0.6312309017271961
2.1251973415746646	0.6223412893192521
2.1313763848286285	0.613470529011168
2.1374668159958268	0.604618920377727
2.143468828015012	0.5957867447870046
2.14938261654768	0.5869742654252714
2.1552083797964148	0.5781817273292961
2.1609463183235826	0.5694093574260827
2.166596634870462	0.5606573645800038
2.172159534176888	0.5519259396472999
2.1776352228014715	0.5432152555379217
2.183023908942479	0.5345254672847007
2.188325802259429	0.5258567121198021
2.1935411136955114	0.5172091095584024
2.1986700553008536	0.5085827614896166
2.203712840056751	0.49997775227456187
2.2086696817009086	0.49139414885156607
2.21354079455376	0.482832000848453
2.218326393345962	0.4742913407018568
2.223026693047106	0.4657721837835087
2.2276419086957264	0.4572745285334702
2.232172255230681	0.4487983566002146
2.2366179473239645	0.44034363298752
2.2409791992150225	0.4319103062081191
2.2452562245466403	0.42349830844401465
2.2494492362024587	0.41510755571342767
2.253558446146204	0.4067379480442724
2.2575840652626766	0.3983893696541056
2.2615263032005757	0.3900616891364791
2.2653853682172143	0.3817547596536082
2.2691614670252	0.3734684191352642
2.2728548046411228	0.3652024904838548
2.2764655842363424	0.356956781785536
2.2799940069898974	0.3487310865273386
2.2834402719436317	0.34052518382017266
2.286804575859563	0.33233883862765146
2.290087113079588	0.32417180200059437
2.2932880753875455	0.3160238113171766
2.2964076518737113	0.3078945905285756
2.2994460288017864	0.29978385041002226
2.3024033894784046	0.29169128881719497
2.3052799141252516	0.2836165909477808
2.308075779753806	0.27555942960816693
2.3107911600427866	0.2675194654851083
2.3134262252183273	0.2594963474222917
2.315981141936959	0.25148971270163994
2.3184560731714083	0.24349918732930612
2.320851178099297	0.23552438632617714
2.3231666119947527	0.2275649140228194
2.3254025261230047	0.21962036435870744
2.3275590676379836	0.21169032118564657
2.3296363794829786	0.20377435857524695
2.3316346002943913	0.19587204113032888
2.333553864308616	0.18798292430014849
2.3353943012721037	0.18010655469927567
2.337156036354617	0.17224247043005722
2.338839190065737	0.16439020140847324
2.3404438781746437	0.1565492696933046
2.341970211633203	0.14871918981843846
2.343418296502389	0.14089946912821194
2.3447882338820825	0.13308960811563705
2.346080119844255	0.1252891007633767
2.3472940453695843	0.11749743488734748
2.348430096287515	0.10971409248277271
2.3494883532197903	0.10193855007260551
2.3504688915274827	0.09417027905812166
2.3513717812615367	0.0864087460715905
2.3521970871168514	0.07865341333083985
2.352944868389916	0.07090373899561389
2.353615178940019	0.06315917752553646
2.3542080671540386	0.05541918003959175
2.3547235759148455	0.04768319467690838
2.355161742573309	0.0399506669587657
2.355522598923934	0.03222104015164713
2.3558061711841334	0.024493755631185457
2.356012479977141	0.016768253246885648
2.3561415403185757	0.009043971687439999
2.3561933616066657	0.001320348846529676
2.3561679476161244	-0.006403177811078044
2.356065296495695	-0.01412717088322869
2.3558854007693566	-0.021852192664092197
2.3556282473411883	-0.029578804777965064
2.355293817503903	-0.03730756781336098
2.354882086951029	-0.04503904095749746
2.3543930257927506	-0.05277378163137518
2.3538265985753903	-0.06051234512553298
2.3531827643045324	-0.06825528423667891
2.352461476471774	-0.0760031489053174
2.3516626830850935	-0.08375648585450975
2.350786326702826	-0.09151583822996387
2.3498323444712303	-0.09928174524149913
2.3488006681656355	-0.10705474180615428
2.3476912242351444	-0.11483535819297788
2.3465039338508817	-0.12262411966969522
2.3452387129577668	-0.1304215461513884
2.3438954723297876	-0.13822815185132728
2.3424741176287536	-0.14604444493407412
2.3409745494665106	-0.1538709271710308
2.3393966634705783	-0.1617080935985666
2.3377403503532066	-0.16955643217880606
2.3360054959837946	-0.17741642346331535
2.33419198146467	-0.18528854025972658
2.3322996832101817	-0.1931732473014841
2.330328473029079	-0.2010710009208402
2.3282782182101434	-0.20898224872522944
2.3261487816110424	-0.2169074292771333
2.3239400217503636	-0.22484697177759783
2.3216517929027964	-0.2328012957535129
2.319283945197419	-0.2407708107487728
2.3168363247190595	-0.24875591601946073
2.314308773612677	-0.2567570002331689
2.311701130190735	-0.26477444117257337
2.3090132290435137	-0.27280860544339786
2.30624490115232	-0.280859848186877
2.3033959740055514	-0.28892851279681825
2.3004662717175677	-0.29701493064141127
2.297455615150314	-0.30511942078987686
2.2943638220376585	-0.3132422897440626
2.2911907071123894	-0.32138383117510455
2.2879360822358112	-0.3295443256652699
2.2845997565299077	-0.33772404045505944
2.2811815365120034	-0.34592322919569096
2.277681226231862	-0.3541421317070865
2.2740986274111963	-0.3623809737414028
2.270433539585498	-0.3706399667522628
2.266685760248157	-0.3789193076697536
2.2628550849967946	-0.3872191786812838
2.258941307681762	-0.39553974701839045
2.2549442205567387	-0.4038811647496071
2.250863614431378	-0.4122435685794248
2.24669927882592	-0.4206270796535032
2.2424510021277304	-0.42903180337014307
2.2381185717496894	-0.4374578291981427
2.2337017742903753	-0.44590523050109077
2.229200395695961	-0.45437406436819033
2.22461422142378	-0.46286437145166387
2.2199430366074826	-0.471376175810813
2.215186626223711	-0.4799094847628221
2.210344775260249	-0.4884642887403149
2.2054172688855394	-0.4970405611557996
2.200403892619542	-0.5056382582729897
2.195304432505831	-0.5142573190851006
2.1901186752848862	-0.5228976652001465
2.18484640856848	-0.5315592007333294
2.179487421015121	-0.540241812206501
2.174041502506459	-0.5489453684548113
2.1685084443245826	-0.557669720540544
2.162888039330163	-0.56641470167417
2.157180082141318	-0.5751801271427145
2.15138436931319	-0.5839657942453818
2.145500699518105	-0.5927714822365542
2.139528873726282	-0.6015969522761281
2.133468695386991	-0.6104419473872583
2.1273199706101047	-0.6193061924214934
2.1210825083479508	-0.6281893940313654
2.1147561205774204	-0.6370912406503887
2.1083406224822134	-0.6460114024805582
2.101835832635195	-0.6549495314872881
2.0952415731807505	-0.6639052614018388
2.088557670017085	-0.6728782077312236
2.0817839529783884	-0.6818679677755953
2.074920256016779	-0.6908741206531244
2.0679664173839756	-0.6998962273323385
2.06092227981259	-0.7089338306719605
2.0537876906970123	-0.7179864554681668
2.0465625022737504	-0.727053608509341
2.0392465718012143	-0.7361347786382254
2.0318397617388273	-0.7452294368215038
2.02434193992541	-0.7543370362267732
2.0167529797567503	-0.7634570123068855
2.009072760362308	-0.7725887828916297
2.001301166780949	-0.7817317482867275
1.993438090135656	-0.7908852913801188
1.9854834278071625	-0.8000487777554619
1.9774370836063786	-0.8092215558128798
1.9692989679456039	-0.8184029568968386
1.9610689980084084	-0.8275922954311653
1.952747097918148	-0.8367888690611205
1.9443331989049846	-0.8459919588025355
1.9358272394714369	-0.855200829197863
1.927229165556282	-0.864414728479202
1.91853893069682	-0.8736328887381565
1.909756496189413	-0.8828545261024828
1.9008818312481963	-0.8920788409195085
1.891914913161948	-0.9013050179461941
1.8828557274490065	-0.9105322265458147
1.8737042680102154	-0.9197596208911579
1.8644605372797511	-0.9289863401742211
1.8551245463738968	-0.9382115088222353
1.8456963152375507	-0.947434236720053
1.8361758727885278	-0.9566536194387286
1.8265632570595274	-0.9658687384702506
1.816858515337725	-0.9750786614683338
1.8070617043019184	-0.9842824424951914
1.7971728901571924	-0.993479122274168
1.7871921487670284	-1.0026677284481673
1.7771195657827636	-1.011847275843802
1.7669552367704482	-1.0210167667410854
1.7566992673349096	-1.0301751911486792
1.7463517732410794	-1.0393215270845002
1.7359128805324784	-1.0484547408616358
1.7253827256468104	-1.057573787379445
1.7147614555286135	-1.0666776104197535
1.7040492277389523	-1.0757651429479949
1.6932462105620432	-1.0848353074192383
1.6823525831088084	-1.0938870160889584
1.6713685354173031	-1.1029191713284288
1.6602942685499584	-1.1119306659446442
1.649129994687607	-1.1209203835046369
1.6378759372202472	-1.129887198664066
1.6265323308344892	-1.138829977499976
1.6150994215976637	-1.147747577847576
1.6035774670385468	-1.1566388496409281
1.5919667362246328	-1.1655026352574327
1.580267509835994	-1.174337769865937
1.5684800802355798	-1.1831430817784006
1.5566047515360308	-1.1919173928049307
1.5446418396629042	-1.2006595186120868
1.532591672414303	-1.2093682690843135
1.5204545895168835	-1.2180424486883568
1.508230942678188	-1.226680856840554
1.4959210956353148	-1.2352822882768206
1.4835254241998403	-1.2438455334252454
1.4710443162990545	-1.252369378781094
1.458478172013376	-1.2608526072841486
1.4458274036100254	-1.269293998698187
1.4330924355728745	-1.2776923299924885
1.4202737046284888	-1.2860463757252059
1.407371659768289	-1.2943549084284964
1.3943867622669013	-1.3026166989952093
1.381319485696607	-1.3108305170670325
1.3681703159378906	-1.3189951314239494
1.3549397511861367	-1.3271093103748197
1.3416283019543525	-1.3351718221489943
1.328236491072018	-1.3431814352887745
1.3147648536799834	-1.3511369190425866
1.3012139372214575	-1.3590370437587158
1.287584301429005	-1.3668805812794764
1.2738765183076695	-1.3746663053356203
1.2600911721140922	-1.3823929919408955
1.2462288593317243	-1.3900594197865568
1.232290188642069	-1.3976643706357144
1.2182757808919986	-1.40520662971735
1.2041862690571263	-1.4126849861198643
1.1900222982012427	-1.4200982331840075
1.1757845254318489	-1.42744516889503
1.1614736198517202	-1.434724596273947
1.1470902625066326	-1.4419353237676986
1.1326351463291324	-1.4490761656381421
1.1181089760784644	-1.456145942349659
1.1035124682765998	-1.4631434809552821
1.0888463511404431	-1.4700676154811576
1.0741113645101616	-1.4769171873092353
1.0593082597737553	-1.483691045558
1.0444377997877674	-1.4903880474611495
1.029500758794253	-1.497007058744036
1.0144979223340096	-1.5035469539977393
0.9994300871560343	-1.5100066170506556
0.9842980611233245	-1.5163849413374193
0.9691026631149642	-1.5226808302650634
0.9538447229246013	-1.5288931975762348
0.9385250811552603	-1.535020967709379
0.9231445891106344	-1.5410630761557
0.9077041086827513	-1.5470184698128213
0.8922045122361743	-1.552886107334963
0.876646682488695	-1.5586649594795356
0.8610315123885859	-1.5643540094500057
0.8453599049884376	-1.569952253234906
0.8296327733156362	-1.5754586999428695
0.8138510402395034	-1.5808723721335418
0.7980156383351312	-1.5861923061442826
0.7821275097440255	-1.5914175524124792
0.7661876060314773	-1.5965471757934129
0.7501968880408325	-1.6015802558735053
0.7341563257446294	-1.6065158872788572
0.7180668980926791	-1.6113531799789516
0.7019295928571326	-1.6160912595854109
0.6857454064745938	-1.620729267645688
0.6695153438853025	-1.6252663619315937
0.6532404183694741	-1.6297017167225378
0.636921651380849	-1.6340345230833782
0.6205600723774244	-1.638263989136795
0.6041567186495981	-1.6423893403300427
0.5877126351455649	-1.6464098196960304
0.5712288742942007	-1.6503246881085927
0.5547064958253917	-1.6541332245318747
0.5381465665879308	-1.6578347262637254
0.5215501603649497	-1.6614285091730248
0.5049183576870865	-1.6649139079308293
0.4882522456433199	-1.668290276235273
0.4715529176895765	-1.6715569870301288
0.4548214734552594	-1.6747134327169344
0.43805901854759	-1.6777590253606345
0.4212666643539958	-1.6806931968886276
0.40444552784250853	-1.683515399283167
0.387596731360303	-1.686225104767023
0.3707214024303527	-1.6888218059823594
0.3538206735464091	-1.6913050161627323
0.3368956819662377	-1.6936742692981641
0.31994756950325587	-1.6959291202932227
0.30297748231662985	-1.6980691451180452
0.28598657069990374	-1.7000939409522522
0.2689759888681911	-1.7020031263216981
0.2519468947440773	-1.7037963412280055
0.23490044974225457	-1.7054732472708263
0.21783781855292297	-1.7070335277628044
0.20076016892415655	-1.708476887837168
0.1836686714431703	-1.709803054547938
0.16656449931664152	-1.7110117769626945
0.14944882815014493	-1.7121028262478784
0.132322835726779	-1.7130759957465884
0.11518770178501318	-1.7139311010488503
0.0980446077959402	-1.7146679800543256
0.08089473673985971	-1.7152864930274436
0.06373927288240638	-1.7157865226449238
0.0465794015502168	-1.7161679740356888
0.02941630890623747	-1.7164307748131304
0.0122511817247593	-1.7165748750997392
-0.004914792833779931	-1.7166002475440694
-0.02208042744808855	-1.716506887330046
-0.03924453486141967	-1.7162948121786017
-0.056405928106876356	-1.715964062341649
-0.07356342073269716	-1.7155147005883862
-0.0907158270273089	-1.714946812183944
-0.10786196224415179	-1.714260504860381
-0.12500064282617382	-1.7134559087800374
-0.14213068662991007	-1.7125331764912628
-0.15925091314910508	-1.711492482876534
-0.17636014373774225	-1.7103340250929815
-0.1934572018324922	-1.7090580225053484
-0.2105409131743808	-1.7076647166114076
-0.2276101060297533	-1.706154370959863
-0.244663611410322	-1.70452727106077
-0.26170026329230994	-1.702783724288502
-0.2787188988345575	-1.700924059777312
-0.29571835859560713	-1.6989486283095097
-0.31269748674955017	-1.6968578021963199
-0.32965513130072743	-1.6946519751514453
-0.3465901442970703	-1.6923315621573969
-0.36350138204208227	-1.689896999324637
-0.38038770530541993	-1.6873487437435812
-0.39724797953188434	-1.6846872733295333
-0.41408107504888236	-1.6819130866605905
-0.43088586727222683	-1.6790267028085948
-0.4476612369101751	-1.6760286611631907
-0.46440607016571045	-1.6729195212490566
-0.4811192589369652	-1.6696998625363668
-0.4977997010156717	-1.6663702842445847
-0.5144463002836627	-1.6629314051396253
-0.5310579669073042	-1.6593838633244928
-0.547633617529769	-1.6557283160234566
-0.5641721754611554	-1.6519654393598544
-0.5806725708663539	-1.6480959281275995
-0.597133740950559	-1.6441204955564872
-0.6135546301424414	-1.6400398730713872
-0.6299341902748827	-1.6358548100453991
-0.6462713807631734	-1.631566073547091
-0.6625651687806919	-1.6271744480818915
-0.6788145294319685	-1.622680735327743
-0.6950184459230406	-1.618085753865125
-0.7111759097291166	-1.6133903389015296
-0.7272859207594605	-1.6085953419905072
-0.7433474875193974	-1.6037016307453933
-0.7593596272694727	-1.5987100885478065
-0.775321366181669	-1.59362161425104
-0.791231739492592	-1.5884371218784636
-0.8070897916536571	-1.5831575403170375
-0.8228945764781841	-1.5777838130060544
-0.8386451572853219	-1.5723168976212465
-0.8543406070408239	-1.5667577657543512
-0.8699800084946032	-1.561107402588263
-0.8855624543149746	-1.5553668065679203
-0.90108704721963	-1.5495369890670063
-0.9165529001032338	-1.5436189740506285
-0.9319591361616509	-1.5376137977340778
-0.9473048890126974	-1.5315225082378223
-0.9625893028134853	-1.525346165238836
-0.9778115323742	-1.5190858396184166
-0.9929707432683822	-1.51274261310662
-1.0080661119396344	-1.5063175779234281
-1.0230968258046904	-1.4998118364168245
-1.0380620833528884	-1.4932265006978669
-1.052961094241957	-1.4865626922729338
-1.0677930793901351	-1.4798215416732499
-1.0825572710645286	-1.4730041880818747
-1.097252912965786	-1.4661117789582327
-1.1118792603089465	-1.4591454696603943
-1.1264355799005417	-1.4521064230651954
-1.1409211502118866	-1.4449958091863633
-1.1553352614485082	-1.4378148047908041
-1.1696772156157669	-1.4305645930131605
-1.1839463265805932	-1.423246362968825
-1.1981419201293675	-1.4158613093655157
-1.2122633340218723	-1.408410632113608
-1.2263099180413963	-1.4008955359353066
-1.240281034040853	-1.3933172299728804
-1.2541760559850674	-1.3856769273960214
-1.2679943699890435	-1.3779758450085615
-1.2817353743523625	-1.3702152028546288
-1.2953984795896116	-1.3623962238244205
-1.3089831084568435	-1.35452013325976
-1.3224886959741688	-1.3465881585595196
-1.335914689444311	-1.338601528785145
-1.3492605484672955	-1.3305614742663507
-1.3625257449511194	-1.3224692262072062
-1.3757097631185775	-1.3143260162926733
-1.3888120995100641	-1.3061330762958465
-1.4018322629825266	-1.2978916376859466
-1.4147697747044437	-1.2896029312372883
-1.4276241681469408	-1.2812681866393179
-1.4403949890709908	-1.2728886321078985
-1.453081795510749	-1.2644654939979667
-1.4656841577530102	-1.255999996417726
-1.4782016583127973	-1.2474933608445196
-1.4906338919051803	-1.238946805742482
-1.5029804654132037	-1.2303615461821977
-1.5152409978520858	-1.221738793462419
-1.527415120329595	-1.2130797547340533
-1.5395024760027154	-1.2043856326265183
-1.5515027200305678	-1.1956576248766244
-1.5634155195236499	-1.1868969239601084
-1.575240553489379	-1.1781047167259886
-1.5869775127740138	-1.1692821840338263
-1.5986261000009743	-1.1604305003940703
-1.6101860295055364	-1.1515508336116118
-1.6216570272660398	-1.1426443444326582
-1.6330388308315247	-1.133712186195095
-1.6443311892459265	-1.1247555044824287
-1.655533862968815	-1.1157754367814683
-1.6666466237927406	-1.1067731121438462
-1.6776692547571894	-1.0977496508515434
-1.688601550059242	-1.0887061640864946
-1.6994433149609447	-1.0796437536044243
-1.7101943656934169	-1.070563511413049
-1.7208545293578013	-1.0614665194547142
-1.7314236438230248	-1.0523538492936486
-1.7419015576204817	-1.043226561807892
-1.7522881298356487	-1.0340857068860534
-1.7625832299967044	-1.0249323231289758
-1.7727867379601645	-1.015767437556465
-1.7828985437936338	-1.0065920653191363
-1.7929185476557064	-0.9974072094155142
-1.8028466596730326	-0.9882138604145037
-1.8126827998146688	-0.9790129961832998
-1.8224268977637303	-0.969805581620848
-1.8320788927863818	-0.9605925683969816
-1.8416387335982756	-0.9513748946972868
-1.8511063782284667	-0.9421534849738071
-1.8604817938808373	-0.9329292497017037
-1.8697649567931458	-0.9237030851419138
-1.8789558520937308	-0.9144758731099197
-1.8880544736559097	-0.9052484807507248
-1.8970608239501843	-0.8960217603200906
-1.9059749138942874	-0.886796548972114
-1.9147967627011153	-0.8775736685532659
-1.923526397724658	-0.8683539254029038
-1.9321638543039639	-0.8591381101603625
-1.9407091756051882	-0.8499269975787072
-1.9491624124618354	-0.8407213463451789
-1.9575236232132365	-0.8315218989084097
-1.9657928735413124	-0.8223293813124983
-1.9739702363057474	-0.8131445030379465
-1.9820557913775672	-0.8039679568495762
-1.9900496254712612	-0.7948004186514303
-1.997951831975483	-0.7856425473487215
-2.0057625107823904	-0.776494984716912
-2.0134817681157293	-0.7673583552779067
-2.021109716357705	-0.7582332661834553
-2.02864647387474	-0.7491203071057664
-2.0360921648421417	-0.7400200501354128
-2.0434469190678284	-0.7309330496864973
-2.0507108718150944	-0.721859842409198
-2.057884163624593	-0.7128009471096127
-2.0649669401355077	-0.7037568646770342
-2.0719593519060533	-0.6947280780186181
-2.0788615542333626	-0.6857150520014634
-2.0856737069728233	-0.676718233402152
-2.09239597435696	-0.6677380508637272
-2.099028524813902	-0.658774914860166
-2.1055715307855607	-0.6498292176682903
-2.112025168545531	-0.6409013333472076
-2.1183896180168613	-0.6319916177251723
-2.1246650625896955	-0.6231004083939937
-2.1308516889389257	-0.61422802471087
-2.136949686841871	-0.6053747678077372
-2.142959248996112	-0.5965409206080533
-2.1488805708375236	-0.5877267478510378
-2.1547138503585757	-0.5789324961233695
-2.160459287927009	-0.5701583938982653
-2.166117086104907	-0.5614046515820076
-2.1716874494683167	-0.5526714615677836
-2.1771705844273934	-0.5439589982969347
-2.182566699047239	-0.5352674183274719
-2.18787600286942	-0.5265968604099319
-2.193098706734322	-0.5179474455704232
-2.198235022604343	-0.5093192772009344
-2.2032851633880286	-0.5007124411568062
-2.2082493427652334	-0.49212700586130786
-2.213127775013339	-0.48356302241734583
-2.2179206748346534	-0.4750205247261472
-2.2226282571850042	-0.46649952961298824
-2.2272507371036476	-0.45800003695979974
-2.2317883295445125	-0.4495220298447009
-2.236241249208904	-0.44106547468828217
-2.240609710379676	-0.4326303214067012
-2.2448939267569896	-0.4242165035714185
-2.249094111295682	-0.41582393857558825
-2.2532104760443503	-0.40745252780697616
-2.2572432319861893	-0.3991021568273535
-2.261192588881649	-0.3907726955583191
-2.2650587551129977	-0.38246399847340534
-2.268841937530816	-0.37417590479648366
-2.272542341302531	-0.3659082387062671
-2.2761601697630014	-0.35766080954695506
-2.27969562426726	-0.34943341204481954
-2.2831489040454334	-0.3412258265307315
-2.28652020605993	-0.3330378191684734
-2.2898097248649325	-0.32486914218877716
-2.2930176524682655	-0.3167195341289778
-2.2961441781956755	-0.3085887200782054
-2.2991894885576025	-0.3004764119279841
-2.3021537671184786	-0.2923823086281482
-2.30503719436861	-0.28430609644799737
-2.307839947598703	-0.2762474492425294
-2.3105622007770688	-0.2682060287237039
-2.3132041244295705	-0.26018148473657976
-2.3157658855223584	-0.2521734555402227
-2.3182476473474303	-0.2441815680933072
-2.3206495694110743	-0.23620543834423802
-2.3229718073252403	-0.22824467152570915
-2.3252145127018675	-0.22029886245358937
-2.3273778330502304	-0.2123675958299833
-2.329461911677335	-0.20445044655035416
-2.331466887591404	-0.19654698001461693
-2.3333928954084895	-0.18865675244202718
-2.3352400652622607	-0.1807793111897555
-2.3370085227169892	-0.17291419507505468
-2.338698388683773	-0.16506093470082933
-2.3403097793400383	-0.15721905278451404
-2.341842806052339	-0.14938806449013392
-2.3432975753024974	-0.14156747776338627
-2.34467418861711	-0.1337567936696145
-2.345972742500441	-0.1259555067345735
-2.347193328370745	-0.11816310528779793
-2.3483360325000326	-0.11037907180845466
-2.349400935957302	-0.10260288327357453
-2.3503881145552703	-0.09483401150846336
-2.351297638800618	-0.0870719235391891
-2.3521295738477654	-0.07931608194700938
-2.352883979456205	-0.07156594522456997
-2.3535609099514034	-0.06382096813373672
-2.354160414189288	-0.05608060206495362
-2.354682535524336	-0.04834429539792719
-2.3551273117812754	-0.040611493863522655
-2.355494775230412	-0.03288164090674124
-2.3557849525665855	-0.025154178050598365
-2.355997864891777	-0.01742854526076914
-2.3561335277013593	-0.009704181310879802
-2.3561919508740035	-0.0019805241482611516
-2.3561731386652496	0.00574298873997345
-2.3560770897047325	0.013466919960637282
-2.3559037969970764	0.021191831848168047
-2.3556532479264485	0.028918286098432076
-2.355325424264775	0.036646843402766624
-2.354920302183616	0.044378063082443894
-2.354437852269688	0.052112502723675104
-2.353878039544041	0.05985071781332443
-2.353240823484866	0.06759326137543792
-2.3525261580539407	0.07534068360879567
-2.3517339917266846	0.08309353152556552
-2.350864267525832	0.09085234859125706
-2.3499169230586885	0.09861767436609921
-2.3488918905579736	0.10639004414796685
-2.347789096926219	0.1141699886170371
-2.3466084637837206	0.12195803348228969
-2.3453499075200024	0.12975469913001655
-2.344013339348796	0.1375605002744413
-2.3425986653665	0.14537594561065353
-2.341105786614094	0.15320153746991363
-2.3395345991424907	0.1610377714775723
-2.3378849940812945	0.168885136213623
-2.3361568577109395	0.17674411287613545
-2.334350071538181	0.18461517494761354
-2.332464512374906	0.1924987878644802
-2.33050005242023	0.20039540868979588
-2.328456559345861	0.20830548578931418
-2.3263338963846656	0.21622945851107728
-2.3241319224224473	0.2241677568685817
-2.321850492092849	0.23212080122775985
-2.319489455875383	0.2400890019977841
-2.317048660196526	0.24807275932591838
-2.314527947533849	0.2560724627964629
-2.3119271565231347	0.26408849113397265
-2.3092461220684344	0.27212121191084626
-2.306484675455043	0.2801709812593761
-2.303642644465311	0.28823814358844735
-2.300719853497285	0.2963230313048998
-2.297716123686091	0.304425964539792
-2.2946312730280503	0.3125472508795447
-2.291465116507439	0.320687185102188
-2.288217466225879	0.32884604891873204
-2.284888131534274	0.3370241107198319
-2.281476919167259	0.34522162532780887
-2.2779836333800976	0.3534388337541522
-2.2744080760879815	0.36167596296258714
-2.270750047007677	0.36993322563779063
-2.2670093438014334	0.3782108199599238
-2.2631857622231433	0.3865089293849568
-2.2592790962666482	0.39482772243098996
-2.2552891383161717	0.4031673524705718
-2.251215679298779	0.41152795752916216
-2.2470585088388346	0.41990966008978703
-2.2428174154143705	0.4283125669039878
-2.238492186515329	0.43673676880911416
-2.2340826088035888	0.4451823405520733
-2.2295884682747147	0.4536493406195969
