1.5707963267948966	0.0
1.5707459190086068	-0.010081559136496223
1.570594695537265	-0.020163140727508647
1.5703426560458544	-0.0302447667472014
1.5699897999840193	-0.040326458209377
1.569536126598065	-0.05040823468815175
1.5689816349477477	-0.06049011383965795
1.5683263239278398	-0.07057211092511433
1.5675701922944572	-0.08065423833560445
1.5667132386961278	-0.09073650511890334
1.5657554617095815	-0.10081891650868924
1.564696859880233	-0.11090147345647725
1.563537431767332	-0.1209841721666097
1.562277175993745	-0.1310670036346354
1.5609160913003368	-0.1411499531894083
1.5594541766049097	-0.1512330000392335
1.5578914310656615	-0.16131611682238636
1.5562278541491112	-0.17139926916232612
1.5544634457024529	-0.18148241522792485
1.5525982060302768	-0.19156550529902686
1.5506321359756094	-0.20164848133765145
1.5485652370052099	-0.2117312765651483
1.5463975112990667	-0.22181381504561093
1.5441289618440237	-0.23189601127584794
1.5417595925314775	-0.2419777697822106
1.5392894082590645	-0.25205898472456784
1.5367184150362792	-0.26213953950771696
1.5340466200939327	-0.2722193064005125
1.531274031997384	-0.28229814616299154
1.5284006607634593	-0.2923759076817678
1.525426517980973	-0.3024524276139611
1.5223516169347657	-0.3125275300399259
1.5191759727331722	-0.3226010261250316
1.5158996024388227	-0.33267271379074825
1.5125225252026864	-0.34274237739527846
1.5090447624012617	-0.35280978742397584
1.5054663377768096	-0.36287470018977924
1.5017872775805339	-0.3729368575438894
1.4980076107186011	-0.382995986596905
1.4941273689008971	-0.3930517994506294
1.49014658679241	-0.40310399294075405
1.4860653021671328	-0.41315224839061443
1.4818835560643706	-0.4231962313762079
1.4776013929473408	-0.4332355915026589
1.473218860863953	-0.4432699621923043
1.4687360116096448	-0.4532989604845679
1.464152900892164	-0.46332218684778337
1.4594695884981694	-0.47333922500311876
1.4546861384615315	-0.48334964176074596
1.4498026192332099	-0.4933529868683925
1.4448191038525835	-0.5033487928724029
1.439735670120107	-0.5133365749914303
1.434552400771164	-0.5233158310028703
1.4292693836509975	-0.5332860411421404
1.423886711890576	-0.543246668014901
1.4184044840832766	-0.5531971565223016
1.4128228044622513	-0.5631369337993357
1.40714178307834	-0.5730654091663693
1.401361535978403	-0.5829819740939064
1.395482185383944	-0.5928860021806429
1.389503859869879	-0.6027768491448541
1.3834266945433291	-0.6126538528291491
1.377250831222298	-0.6225163332186188
1.3709764186140998	-0.6323635924723962
1.3646036124934058	-0.6421949149686357
1.3581325758797722	-0.6520095673629143
1.3515634792145195	-0.6618067986600413
1.3448965005368234	-0.6715858402992654
1.3381318256588912	-0.6813459062528443
1.3312696483400803	-0.6910861931379518
1.3243101704598368	-0.7008058803418696
1.3172536021893118	-0.7105041301604154
1.3101001621615291	-0.7201800879495471
1.3028500776399718	-0.729832882290071
1.2955035846854555	-0.7394616251653747
1.288060928321159	-0.7490654121521018
1.2805223626956872	-0.7586433226236686
1.2728881512440304	-0.7681944199665214
1.2651585668463006	-0.7777177518090207
1.2573338919841162	-0.787212350262833
1.2494144188945104	-0.7966772321767002
1.2414004497212403	-0.8061113994024505
1.233292296663375	-0.8155138390731052
1.2250902821210445	-0.8248835238929295
1.2167947388382265	-0.8342194124392637
1.2084060100424592	-0.8435204494759706
1.1999244495813601	-0.8527855662783188
1.1913504220558415	-0.8620136809691202
1.182684302949908	-0.8712036988659297
1.1739264787569264	-0.8803545128391097
1.1650773471022648	-0.8894650036805519
1.156137316862189	-0.8985340404828448
1.1471068082789169	-0.9075604810286667
1.1379862530717295	-0.9165431721901801
1.128776094544038	-0.9254809503381886
1.119476787686311	-0.9343726417608225
1.1100887992747703	-0.943217063091507
1.10061260796576	-0.952013021745956
1.091048704385702	-0.9607593163679369
1.0813975912165497	-0.9694547372835448
1.0716597832766617	-0.9780980669637089
1.0618358075970054	-0.9866880804946672
1.05192620349262	-0.9952235460561147
1.0419315226292603	-1.003703225406756
1.0318523290851496	-1.0121258743769552
1.0216891994077706	-1.0204902433682015
1.01144272266563	-1.0287950778590809
1.0011135004949314	-1.0370391189174557
0.9907021471410977	-1.0452211037185397
0.9802092894950818	-1.0533397660685566
0.9696355671244197	-1.0613938369336697
0.958981632298962	-1.069382044973855
0.9482481500112486	-1.0773031170814023
0.9374357979914758	-1.085155778923711
0.9265452667170134	-1.0929387554900565
0.915577259416437	-1.1006507716419913
0.9045324920680388	-1.1082905526670446
0.8934116933927896	-1.1158568248353884
0.8822156048417135	-1.123348315959126
0.8709449805776666	-1.130763755953863
0.8596005874514834	-1.1381018774022158
0.8481832049724833	-1.1453614161189183
0.8366936252733183	-1.152541111717174
0.8251326530691531	-1.1596397081759116
0.8135011056111683	-1.166655954407596
0.8017998126343856	-1.1735886048262407
0.7900296162998127	-1.1804364199152828
0.7781913711309114	-1.1871981667949627
0.766285943944396	-1.193872619788865
0.7543142137753719	-1.200458560989268
0.7422770717968278	-1.2069547808209606
0.7301754212335011	-1.2133600786031709
0.7180101772701308	-1.2196732631092653
0.705782266954128	-1.2258931531238753
0.6934926290926927	-1.2320185779971002
0.6811422141443986	-1.2380483781954512
0.6687319841052892	-1.2439814058491967
0.6562629123895215	-1.249816525295762
0.6437359837045944	-1.2555526136188588
0.6311521939212087	-1.2611885611830043
0.6185125499378072	-1.266723272163101
0.6058180695398455	-1.2721556650687478
0.5930697812538448	-1.2774846732629637
0.5802687241962903	-1.2827092454749944
0.5674159479174312	-1.2878283463068891
0.5545125122400443	-1.2928409567335366
0.5415594870932363	-1.2977460745958402
0.5285579523413468	-1.3025427150867386
0.5155089976080282	-1.3072299112297614
0.5024137220955797	-1.3118067143498258
0.48927323439961334	-1.3162721945359839
0.47608865231913267	-1.320625441095831
0.4628611026621116	-1.3248655630012909
0.4495917210466592	-1.3289916893255078
0.43628165169785954	-1.3330029696705668
0.4229320472403866	-1.336898574585778
0.4095440684869772	-1.3406776959762687
0.39611888422287206	-1.344339547501625
0.3826576709863223	-1.347883364964336
0.3691616128452597	-1.3513084066878012
0.3556319011702411	-1.3546139538836617
0.34206973440377864	-1.3577993110082298
0.32847631782615183	-1.3608638061077971
0.31485286331783274	-1.363806791152598
0.3012005891186224	-1.3666276423592305
0.2875207195836254	-1.3693257605013265
0.2738144849361738	-1.3719005712082832
0.2600831210178282	-1.3743515252518634
0.24632786903557297	-1.3766780988204919
0.23254997530632648	-1.3788797937810753
0.21875069099890362	-1.3809561379281796
0.2049312718735445	-1.3829066852204142
0.19109297801914668	-1.3847310160038713
0.17723707358832724	-1.3864287372224848
0.16336482653044782	-1.3879994826151756
0.14947750832273446	-1.3894429128996577
0.1355763936996266	-1.3907587159427994
0.12166276038049023	-1.3919466069174216
0.10773788879583124	-1.3930063284454435
0.09380306181214587	-1.3939376507272867
0.07985956445554668	-1.3947403716574487
0.06590868363429993	-1.3954143169261852
0.0519517078604214	-1.3959593401072283
0.03798992697045774	-1.3963753227314921
0.024024631845606898	-1.396662174346714
0.010057114131308241	-1.3968198325630024
-0.0039113340435461014	-1.3968482630842523
-0.017879420347652237	-1.3967474597254192
-0.0318458525284286	-1.396517444415634
-0.04580933869311606	-1.3961582671871575
-0.05976858758969458	-1.3956700061501863
-0.07372230888747751	-1.3950527674535182
-0.08766921345724338	-1.3943066852311095
-0.10160801365075987	-1.39343192153455
-0.1155374235795637	-1.3924286662515069
-0.12945615939285884	-1.3912971370101759
-0.1433629395543802	-1.3900375790698138
-0.1572564851181066	-1.3886502651974075
-0.17113552000265608	-1.387135495530567
-0.1849987712642546	-1.38549359742672
-0.19884496936812338	-1.383724925298705
-0.2126728484581515	-1.3818298604368704
-0.2264811466247274	-1.3798088108177793
-0.24026860617059118	-1.3776622108996524
-0.25403397387457155	-1.3753905214046638
-0.2677760012530807	-1.3729942290882375
-0.2814934448192447	-1.3704738464954775
-0.2951850663395243	-1.3678299117048929
-0.3088496330877174	-1.3650629880595693
-0.3224859180962106	-1.3621736638859596
-0.3360927004043542	-1.3591625522004689
-0.3496687653038425	-1.356030290404013
-0.36321290458098704	-1.3527775399647441
-0.3767239167557497	-1.3494049860891388
-0.3902006073174361	-1.3459133373816572
-0.4036417889569253	-1.3423033254931784
-0.4170462817953327	-1.3385757047584392
-0.43041291360898776	-1.3347312518226935
-0.4437405200506306	-1.3307707652578327
-0.4570279448667141	-1.3266950651681992
-0.4702740401107188	-1.3225049927863426
-0.48347766635236805	-1.3182014100589663
-0.4966376928826636	-1.313785199223328
-0.5097529979146328	-1.309257262374349
-0.5228224687797017	-1.3046185210227093
-0.5358450021196077	-1.2998699156441962
-0.5488195040737643	-1.2950124052205938
-0.5617448904619854	-1.290046966772391
-0.5746200869625117	-1.2849745948836018
-0.5874440292852287	-1.2797963012189946
-0.6002156633400354	-1.2745131140340271
-0.6129339454002727	-1.2691260776777882
-0.625597842261142	-1.2636362520892657
-0.6382063313930615	-1.2580447122872362
-0.6507584010898888	-1.252352547854109
-0.6632530506119522	-1.246560862414033
-0.6756892903238325	-1.240670773105594
-0.6880661418268552	-1.2346834100494268
-0.7003826380862249	-1.2285999158110783
-0.7126378235527698	-1.2224214448594406
-0.7248307542792565	-1.2161491630210999
-0.7369604980312137	-1.2097842469309383
-0.7490261343922592	-1.2033278834793195
-0.7610267548638794	-1.196781269256206
-0.7729614629596283	-1.190145609992552
-0.784829374293741	-1.1834221199993102
-0.7966296166641144	-1.1766120216044047
-0.8083613301296584	-1.1697165445880124
-0.8200236670819886	-1.162736925616504
-0.8316157923114516	-1.155674407675389
-0.8431368830674782	-1.1485302395016184
-0.8545861291132627	-1.1413056750155859
-0.8659627327747526	-1.1340019727531876
-0.877265908983965	-1.126620395298281
-0.888494885316636	-1.1191622087158881
-0.8996489020241987	-1.1116286819865018
-0.9107272120601164	-1.1040210864418312
-0.9217290811005829	-1.0963406952023327
-0.9326537875596015	-1.0885887826168799
-0.9435006225984852	-1.0807666237048965
-0.9542688901297766	-1.0728754936013152
-0.9649579068156444	-1.0649166670046801
-0.975567002060776	-1.0568914176287405
-0.9860955179997994	-1.048801017657869
-0.996542809479288	-1.0406467372066295
-1.0069082440343753	-1.0324298437838264
-1.0171912018600398	-1.0241516017613628
-1.0273910757770988	-1.015813271848223
-1.037507271192976	-1.0074161105698993
-1.0475392060572821	-0.9989613697535848
-1.0574863108122887	-0.9904502960194292
-1.0673480283383365	-0.9818841302781743
-1.0771238138942578	-0.9732641072354699
-1.086813135052878	-0.96459145490316
-1.096415471631661	-0.9558673941178447
-1.105930315618585	-0.947093138066991
-1.1153571710933095	-0.9382698918228887
-1.1246955541437316	-0.9293988518847195
-1.1339449927779972	-0.9204812057290155
-1.1431050268320628	-0.9115181313687755
-1.1521752078728957	-0.9025107969214914
-1.1611550990973925	-0.8934603601863518
-1.1700442752271254	-0.8843679682308593
-1.1788423223989968	-0.8752347569871123
-1.1875488380519066	-0.866061850857986
-1.1961634308095368	-0.8568503623334353
-1.2046857203593426	-0.8476013916171511
-1.2131153373278678	-0.8383160262637831
-1.2214519231524887	-0.8289953408269324
-1.229695129949686	-0.819640396518123
-1.2378446203799645	-0.8102522408769472
-1.2459000675095362	-0.8008319074525597
-1.2538611546688658	-0.7913804154967184
-1.2617275753082158	-0.7818987696685264
-1.2694990328502886	-0.772387959751055
-1.2771752405401033	-0.7628489603799884
-1.284755921292213	-0.753282730784453
-1.2922408075353957	-0.7436902145401646
-1.299629641054937	-0.7340723393350241
-1.3069221728326343	-0.7244300167472891
-1.314118162884641	-0.7147641420364417
-1.3212173800972893	-0.7050755939468479
-1.3282196020610093	-0.6953652345243214
-1.335124614902481	-0.6856339089456748
-1.3419322131151452	-0.6758824453613396
-1.3486421993882107	-0.6661116547511333
-1.3552543844342777	-0.656322330793238
-1.361768586815726	-0.6465152497464387
-1.3681846327699845	-0.6366911703456863
-1.374502356033826	-0.6268508337110045
-1.3807215976668223	-0.6169949632697801
-1.3868422058740806	-0.6071242646924662
-1.3928640358284097	-0.5972394258416945
-1.3987869494920462	-0.5873411167348085
-1.404610815438066	-0.5774299895198217
-1.410335508671629	-0.56750667846477
-1.4159609104511819	-0.557571799960445
-1.421486908109754	-0.5476259525364828
-1.4269133948764823	-0.5376697168907557
-1.4322402696984962	-0.5277036559320231
-1.437467437063294	-0.5177283148357956
-1.4425948068217451	-0.5077442211133264
-1.4476222940118464	-0.4977518846936691
-1.4525498186833654	-0.48775179801871554
-1.4573773057234964	-0.47774443615112616
-1.4621046846836623	-0.46773025689504055
-1.4667318896075858	-0.4577097009294752
-1.4712588588607556	-0.4476831919542851
-1.4756855349614197	-0.4376511368485585
-1.4800118644132183	-0.4276139258413269
-1.4842377975395886	-0.4175719326944319
-1.4883632883200584	-0.40752551489741434
-1.492388294228544	-0.39747501387426415
-1.4963127760737815	-0.38742075520186026
-1.5001366978419919	-0.37736304883994104
-1.503860026541909	-0.3673021893724154
-1.5074827320522741	-0.35723845625983025
-1.5110047869719114	-0.3471721141028052
-1.5144261664724876	-0.3371034129162251
-1.5177468481540735	-0.3270325884139908
-1.5209668119035977	-0.31695986230410395
-1.5240860397563085	-0.3068854425938683
-1.5271045157603311	-0.2968095239049849
-1.5300222258444296	-0.28673228779829235
-1.5328391576890608	-0.276653903107924
-1.5355553006008151	-0.26657452628462897
-1.538170645390339	-0.2564943017480029
-1.5406851842538178	-0.2464133622473683
-1.5430989106581146	-0.23633182923104948
-1.5454118192296398	-0.2262498132237544
-1.547623905647035	-0.21616741421180496
-1.549735166537746	-0.2060847220359269
-1.5517455993785618	-0.19600181679131115
-1.5536552024001904	-0.18591876923466205
-1.5554639744959333	-0.1758356411979379
-1.5571719151345376	-0.16575248600847647
-1.5587790242772732	-0.15566934891521284
-1.5602853022993053	-0.14558626752067624
-1.561690749915413	-0.13550327221845132
-1.5629953681101085	-0.12542038663580096
-1.5641991580722074	-0.11533762808111946
-1.5653021211338969	-0.10525500799589942
-1.5663042587143432	-0.09517253241089861
-1.567205572267881	-0.08509020240616086
-1.5680060632368233	-0.07500801457457512
-1.5687057330089194	-0.06492596148864042
-1.5693045828794965	-0.054844032170097014
-1.5698026140183123	-0.0447622125620902
-1.5701998274411395	-0.03468048600353451
-1.5704962239861011	-0.02459883370533231
-1.5706918042947795	-0.014517235228113476
-1.5707865687981075	-0.004435668961149094
-1.5707805177070524	0.005645887397899401
-1.5706736510081005	0.015727456362735474
-1.5704659684635462	0.02580906017803141
-1.5701574696165836	0.035890720339229944
-1.569748153801197	0.04597245711287185
-1.5692380201568457	0.0560542890578081
-1.568627067647929	0.0661362325476227
-1.5679152950880209	0.07621830129462119
-1.5671027011688554	0.08630050587571249
-1.5661892844940413	0.09638285326052866
-1.5651750436174843	0.10646534634212257
-1.5640599770864863	0.11654798347057126
-1.562844083489496	0.12663075798981882
-1.5615273615084686	0.1367136577781069
-1.560109809975806	0.14679666479229336
-1.5585914279358317	0.15687975461640594
-1.5569722147107568	0.16696289601475708
-1.5552521699710917	0.17704605048992375
-1.5534312938104522	0.18712917184591973
-1.5515095868247062	0.19721220575688275
-1.5494870501954048	0.2072950893415713
-1.547363685777439	0.2173777507439858
-1.5451394961908569	0.227460108720416
-1.5428144849167769	0.2375420722332211
-1.5403886563973308	0.24762354005162104
-1.5378620161395595	0.25770440035979925
-1.535234570823192	0.2677845303726039
-1.532506328412227	0.27786379595912114
-1.5296772982702387	0.28794205127439276
-1.5267474912793253	0.298019138399565
-1.5237169199626086	0.3080948869907105
-1.5205855986102061	0.3181691139365913
-1.5173535434085748	0.32824162302562665
-1.5140207725731414	0.3383122046222918
-1.5105873064841213	0.34838063535319747
-1.5070531678254218	0.3584466778031001
-1.5034183817265412	0.36851008022103504
-1.499682975907353	0.37857057623682483
-1.495846980825669	0.38862788458817177
-1.491910429827481	0.3986817088585273
-1.4878733592997693	0.40873173722594897
-1.4837358088257655	0.4187776422231474
-1.4794978213425565	0.428819080508889
-1.4751594433009223	0.4388556926509452
-1.4707207248272796	0.44888710292076506
-1.4661817198876232	0.45891291910001875
-1.4615424864533417	0.46893273229918
-1.4568030866687847	0.4789461167882904
-1.451963587020462	0.48895262984004895
-1.447024058507752	0.49895181158534885
-1.4419845768149868	0.5089431848814048
-1.436845222484796	0.5189262551925633
-1.43160608109258	0.5289005104839192
-1.4262672434219785	0.5388654211278291
-1.4208288056412128	0.5488204398234209
-1.4152908694801654	0.5587650015291685
-1.4096535424080687	0.5686985234086173
-1.4039169378116707	0.5786204047893193
-1.3980811751737456	0.5885300271350343
-1.3921463802518148	0.598426754031246
-1.3861126852569468	0.6083099311840297
-1.3799802290325	0.6181788864323084
-1.3737491572326794	0.6280329297735063
-1.3674196225007647	0.6378713534026277
-1.3609917846468846	0.6476934317647502
-1.3544658108251997	0.6574984216209365
-1.347841875710352	0.6672855621275521
-1.3411201616730646	0.6770540749289593
-1.3343008589547412	0.6868031642635566
-1.3273841658409378	0.6965320170831374
-1.3203702888335795	0.7062398031854981
-1.3132594428217812	0.7159256753602543
-1.3060518512511454	0.7255887695477914
-1.2987477462914057	0.7352282050112793
-1.2913473690022859	0.7448430845216603
-1.2838509694974407	0.7544324945555333
-1.2762588071063579	0.7639955055058159
-1.268571150534091	0.7735311719050847
-1.2607882780186908	0.7830385326614855
-1.2529104774862172	0.7925166113070699
-1.2449380467032134	0.8019644162584346
-1.2368712934264987	0.811380941089531
-1.2287105355501868	0.8207651648164743
-1.2204561012497834	0.8301160521942197
-1.212108329123277	0.8394325540249077
-1.203667568329067	0.8487136074777509
-1.1951341787206495	0.8579581364202362
-1.186508530977935	0.8671650517604809
-1.1777910067350805	0.8763332518005457
-1.1689819987047387	0.885461622600492
-1.1600819107986189	0.8945490383529757
-1.1510911582442385	0.9035943617681766
-1.142010167697783	0.9125964444688155
-1.1328393773529686	0.9215541273950432
-1.1235792370457964	0.9304662412189698
-1.114230208355125	0.9393316067685754
-1.1047927646989533	0.948149035460764
-1.095267391426329	0.9569173297433031
-1.0856545859047926	0.9656352835453867
-1.07595485760328	0.9743016827365502
-1.0661687281703844	0.9829153055936785
-1.0562967315079186	0.9914749232758102
-1.0463394138396902	0.9999793003064654
-1.0362973337754082	1.008427195063216
-1.0261710623696727	1.0168173602741817
-1.0159611831759554	1.0251485435211811
-1.0056682922955227	1.033419487749214
-0.9952929984212224	1.0416289317819887
-0.9848359228761129	1.04977561084315
-0.9742976996468152	1.0578582570829411
-0.9636789754116065	1.0658756001099345
-0.9529804095631512	1.0738263675275386
-0.9422026742258548	1.0817092854749437
-0.9313464542677787	1.0895230791721855
-0.9204124473070986	1.097266473468983
-0.9094013637130429	1.1049381933970317
-0.8983139266013015	1.112536964725405
-0.8871508718238572	1.1200615145187345
-0.8759129479532424	1.1275105716978087
-0.8646009162611498	1.1348828676022846
-0.8532155506914304	1.1421771365551259
-0.8417576378274355	1.1493921164284504
-0.8302279768536868	1.156526549210432
-0.8186273795118746	1.1635791815729122
-0.8069566700511945	1.1705487654393605
-0.7952166851729742	1.1774340585528618
-0.7834082739696515	1.1842338250437503
-0.7715322978580622	1.1909468359965631
-0.7595896305070639	1.1975718700159608
-0.747581157759517	1.2041077137912568
-0.7355077775486202	1.2105531626592212
-0.7233703998086263	1.2169070211648063
-0.7111699463799734	1.2231681036194428
-0.6989073509088379	1.229335234656573
-0.686583558741144	1.2354072497840731
-0.6741995268110802	1.2413829959332208
-0.6617562235241307	1.247261332003872
-0.6492546286346831	1.2530411294055133
-0.6366957331182393	1.2587212725938497
-0.6240805390383045	1.2643006596025939
-0.6114100594079506	1.2697782025701425
-0.5986853180461731	1.2751528282607936
-0.5859073494290439	1.2804234785801956
-0.5730771985357491	1.2855891110847055
-0.5601959206895515	1.2906486994843434
-0.5472645813937824	1.2956012341390193
-0.5342842561628814	1.3004457225477415
-0.5212560303485921	1.305181189830494
-0.5081809989613693	1.3098066792024832
-0.49506026648710183	1.31432125244046
-0.48189494669918265	1.3187239903408359
-0.46868616246606987	1.3230139931692946
-0.45543504555437675	1.3271903811016301
-0.4421427364276066	1.331252294655536
-0.42881038404060773	1.3351988951130755
-0.4154391456298671	1.339029364933566
-0.40203018649970346	1.3427429081566338
-0.3885846798044996	1.3463387507951712
-0.3751038063270438	1.3498161412179674
-0.3615887542531032	1.3531743505217657
-0.3480407189423224	1.3564126728925168
-0.33446090269558654	1.3595304259556056
-0.32085051451890245	1.3625269511148348
-0.3072107698839831	1.3654016138799479
-0.2935428904855921	1.3681538041824934
-0.27984810399579785	1.3707829366798336
-0.2661276438152406	1.3732884510471035
-0.25238274882155526	1.3756698122569428
-0.23861466311503796	1.3779265108468268
-0.2248246357617234	1.3800580631738235
-0.21101392053396276	1.3820640116566263
-0.19718377564865275	1.3839439250047076
-0.1833354635032316	1.3856973984344478
-0.16947025040959227	1.3873240538721106
-0.15558940632601806	1.3888235401435318
-0.14169420458729745	1.390195533150412
-0.12778592163313438	1.3914397360330917
-0.11386583673501337	1.392555879319718
-0.09993523172162662	1.3935437210617023
-0.08599539070302477	1.3944030469553919
-0.07204759979361107	1.3951336704498696
-0.05809314683414291	1.3957354328408242
-0.044133321112843474	1.3962082033504282
-0.030169413085805993	1.3965518791931701
-0.016202714096794076	1.3967663856276087
-0.0022345160966028062	1.3968516759940095
0.011733888637886242	1.3968077317378422
0.025701207784821396	1.3966345624191252
0.0396661492585055	1.3963322057076113
0.05362742149041577	1.3959007273638158
0.06758373370995498	1.3953402212059027
0.08153379622480901	1.3946508090624443
0.09547632070074627	1.393832640711089
0.10941002044075425	1.3928858938031696
0.12333361066333147	1.391810773774308
0.13724580877983045	1.3906075137410616
0.15114533467069	1.3892763743836836
0.16503091096043526	1.3878176438150656
0.17890126329127587	1.3862316374359516
0.1927551205952237	1.3845186977764992
0.20659121536452263	1.3826791943243062
0.22040828392031409	1.3807135233389916
0.2342050666793719	1.37862210765346
0.2479803084187919	1.376405396461965
0.26173275853848155	1.3740638650951076
0.27546117132135567	1.3715980147819093
0.28916430619106787	1.3690083723991087
0.30284092796718703	1.366295490207834
0.3164898071176701	1.3634599455778225
0.3301097200085233	1.3605023406993513
0.34369944915050854	1.357423302283066
0.35725778344280174	1.3542234812478875
0.37078351841346385	1.350903552397197
0.38427545645662486	1.3474642140834945
0.39773240706623597	1.3439061878617518
0.4111531870663326	1.3402302181316554
0.42453662083763777	1.3364370717689849
0.4378815405404344	1.3325275377463395
0.4511867863335956	1.3285024267434584
0.4644512065896715	1.3243625707473667
0.47767365810590595	1.320108822642614
0.4908530063111419	1.3157420557918353
0.5039881254684505	1.3112631636069205
0.5170778988734483	1.3066730591110398
0.5301212190481807	1.301972674491808
0.5431169879305008	1.2971629606458586
0.5560641170588408	1.292244886715118
0.5689615277523166	1.28721943961506
0.5818081512860747	1.2820876235552376
0.5946029290617992	1.2768504595523904
0.6073448127733212	1.2715089849364265
0.6200327645672569	1.2660642528495856
0.6326657571985912	1.2605173317390999
0.6452427741811693	1.2548693048436572
0.6577628099330235	1.2491212696739906
0.6702248699164599	1.243274337487921
0.6826279707728998	1.2373296327601597
0.694971140452364	1.231288292647225
0.7072534183376014	1.2251514664477812
0.7194738553627913	1.2189203150587453
0.7316315141268003	1.2125960104274898
0.7437254690009176	1.2061797350004972
0.7557548062310855	1.199672681168781
0.7677186240345564	1.1930760507104357
0.7796160326909717	1.186391054230648
0.7914461546278099	1.1796189105995296
0.8032081245002345	1.1727608463880903
0.8149010892652628	1.1658180953027326
0.8265242082502936	1.1587918976185907
0.8380766532159557	1.1516834996120706
0.8495576084132864	1.1444941529929422
0.8609662706352128	1.1372251143363337
0.8723018492623811	1.1298776445149663
0.8835635663032879	1.1224530081319877
0.8947506564287517	1.114952472954757
0.905862367000731	1.1073773093499069
0.9168979580955033	1.0997287897200478
0.9278567025212051	1.0920081879424608
0.9387378858297963	1.0842167788100954
0.949540806323421	1.0763558374752504
0.9602647750552373	1.0684266388962482
0.9709091158247228	1.0604304572874532
0.9814731651675052	1.0523685655729624
0.9919562723397312	1.044242234844316
1.0023577992970685	1.0360527338225207
1.0126771206683105	1.0278013283247662
1.022913623723701	1.0194892807361051
1.0330667083379925	1.0111178494864494
1.0431357869483058	1.0026882885331838
1.0531202845068328	0.994201846849723
1.0630196384284787	0.9856597679202939
1.0728332985334597	0.9770632892412829
1.0825607269849682	0.9684136418294139
1.0922013982219405	0.9597120497370767
1.1017547988870238	0.9509597295750795
1.1112204277498063	0.9421578900431193
1.1205977956253903	0.9333077314682477
1.1298864252883944	0.9244104453516037
1.1390858513824629	0.9154672139236882
1.14819562032537	0.906479209708442
1.1572152902098152	0.8974475950963767
1.1661444306999917	0.8883735219270218
1.1749826229240283	0.879258131080925
1.1837294593624035	0.8701025520814462
1.1923845437324203	0.8609079027065832
1.2009474908688549	0.8516752886110446
1.2094179266008793	0.8424058029587961
1.2177954876253623	0.8331005260662883
1.2260798213766506	0.8237605250565787
1.2342705858929581	0.8143868535245301
1.2423674496794515	0.8049805512132946
1.250370091568166	0.7955426437022503
1.2582782005748534	0.7860741421065751
1.2660914757528936	0.7765760427886177
1.273809626044361	0.767049327081246
1.2814323701284105	0.7574949610232831
1.2889594362670544	0.747913895107229
1.2963905621484955	0.7383070640393578
1.303725494728114	0.7286753865123451
1.3109639900672525	0.7190197649905294
1.318105813169902	0.7093410855079438
1.325150737817456	0.6996402174791726
1.3320985464016122	0.689918013523194
1.3389490297555982	0.6801753093002278
1.3457019869838147	0.6704129233617233
1.3523572252900633	0.6606316570135013
1.3589145598044508	0.6508322941921663
1.36537381340914	0.6410156013547939
1.371734816563057	0.6311823273819642
1.3779974071256997	0.6213332034941582
1.384161430180168	0.6114689431815671
1.3902267378555735	0.6015902421472878
1.3961931891489343	0.5916977782639674
1.4020606497467163	0.581792211543844
1.4078289918461264	0.571874184122216
1.4134980939763253	0.5619443202542844
1.4190678408196589	0.5520032263253803
1.424538123033072	0.5420514908744946
1.429908837069814	0.5320896846311153
1.435179885001586	0.5221183605652786
1.4403511743412485	0.5121380539507945
1.4454226178662337	0.5021492824415626
1.4503941334427788	0.4921525461609176
1.4552656438511218	0.4821483278038909
1.4600370766117843	0.4721370927523161
1.4647083638130685	0.4621192892026539
1.4692794419398922	0.4520953483064468
1.473750251704099	0.4420656843232526
1.4781207378763497	0.43203069478595885
1.4823908491197353	0.42199076067831526
1.4865605378252245	0.4119462466245541
1.490629759949065	0.40189750109094047
1.4945984748522625	0.39184485659908636
1.498466645142246	0.3817886299508779
1.502234236516847	0.3717291224648073
1.5059012176106894	0.3616666202235711
1.5094675598441203	0.3516013943326869
1.5129332372747735	0.341533701189992
1.5162982264518858	0.3314637827657639
1.5195625062734652	0.3213918668932942
1.5227260578464177	0.31131816756965824
1.5257888643497275	0.3012428852664975
1.5287509109008022	0.2911662072505304
1.5316121844250614	0.2810883079136093
1.5343726735288798	0.27100934911203417
1.5370323683759646	0.26092948051489656
1.5395912605672633	0.2508488399611826
1.5420493430244808	0.24076755382539822
1.5444066098773002	0.23068573739140447
1.5466630563543782	0.22060349523423647
1.548818678678196	0.21052092160960226
1.550873473963847	0.20043810085077884
1.5528274401218258	0.19035510777261852
1.5546805757648918	0.18027200808239255
1.5564328801190757	0.1701888587971303
1.5580843529388897	0.16010570866720616
1.559634994426804	0.1500225986058247
1.5610848051570452	0.13993956212412087
1.5624337860037745	0.12985662577154367
1.5636819380736913	0.1197738095812357
1.5648292626431195	0.10969112752003983
1.5658757610996115	0.09960858794287054
1.5668214348881162	0.08952619405106825
1.5676662854617531	0.07944394435445387
1.5684103142372192	0.06936183313671374
1.5690535225548687	0.05927985092381848
1.5695959116434888	0.04919798495511064
1.5700374825897985	0.03911621965674435
1.570378236312693	0.02903453711712379
1.5706181735422498	0.01895291756402815
1.570757294803514	0.008871339843034023
1.5707956004050736	-0.0012102181030463682
1.5707330904324301	-0.011291778754102165
1.5705697647461747	-0.021373364532354236
1.5703056229849652	-0.03145499732202676
1.5699406645733085	-0.04153669798939254
1.5694748887341352	-0.05161848590356942
1.5689082945061628	-0.06170037845835533
1.568240880766035	-0.0717823905954924
1.567472646255218	-0.08186453432967135
1.5666035896116388	-0.09194681827562602
1.5656337094060369	-0.10202924717765798
1.5645630041830112	-0.1121118214419141
1.5633914725067282	-0.12219453667176804
1.5621191130112568	-0.13227738320663293
1.5607459244554993	-0.14236034566452133
1.559271905782676	-0.152443402488703
1.5576970561843204	-0.1625265254987729
1.556021375168741	-0.17260967944644504
1.5542448626339014	-0.18269282157640634
1.5523675189446624	-0.19277590119254143
1.5503893450143365	-0.20285885922982738
1.5483103423904927	-0.21294162783222326
1.5461305133449492	-0.22302412993686882
1.543849860967897	-0.23310627886484292
1.541468389266075	-0.24318797791884775
1.5389861032649363	-0.2532691199880585
1.5364030091147276	-0.2633495871604461
1.5337191142004105	-0.2734292503428425
1.5309344272553338	-0.2835079688890635
1.5280489584785948	-0.29358559023629105
1.5250627196559843	-0.3036619495500605
1.5219757242844403	-0.31373686937805945
1.5187879876999235	-0.32381015931300905
1.5154995272086127	-0.33388161566487917
1.5121103622213272	-0.34395102114269915
1.508620514391094	-0.3540181445461437
1.505030007753735	-0.36408274046720135
1.5013388688713956	-0.3741445490020916
1.4975471269788994	-0.3842032954736669
1.4936548141328254	-0.3942586901645155
1.4896619653631968	-0.4043104280609732
1.4855686188276842	-0.41435818860820095
1.481374815968185	-0.4244016354765935
1.4770806016697018	-0.43444041633960506
1.4726860244213678	-0.4444741626632581
1.4681911364795248	-0.4545024895074396
1.46359599403273	-0.4645249953391665
1.45890065736857	-0.4745412618579691
1.4541051910421503	-0.4845508538335557
1.4492096640461631	-0.49455331895583643
1.4442141499823755	-0.5045481876975156
1.43911872723444	-0.5145349731892924
1.4339234791418827	-0.5245131711078431
1.4286284941751557	-0.5344822595766348
1.423233866111601	-0.5444416990797252
1.417739694212233	-0.5543909323885575
1.4121460833991684	-0.5643293845019072
1.4064531444335988	-0.5742564625989944
1.4006609940941694	-0.5841715560058364
1.3947697553556215	-0.5940740361749046
1.3887795575675717	-0.6039632566781159
1.382690536633301	-0.6138385532131904
1.3765028351884108	-0.6236992436234055
1.3702166027792013	-0.6335446279307815
1.363831996040678	-0.6433739883826513
1.3573491788739973	-0.65318658951169
1.3507683226232654	-0.6629816782093219
1.3440896062515184	-0.6727584838125438
1.3373132165157933	-0.6825162182040798
1.3304393481410914	-0.6922540759259133
1.3234682039931824	-0.7019712343060454
1.3163999952500496	-0.7116668535985152
1.3092349415718652	-0.7213400771365943
1.3019732712693934	-0.7309900314990404
1.294615221470638	-0.7406158266894052
1.2871610382856462	-0.7502165563282523
1.279610976969328	-0.7597912978582058
1.2719653020821562	-0.7693391127617261
1.2642242876486185	-0.7788590467915181
1.256388217313325	-0.7883501302133941
1.2484573844946005	-0.7978113780615348
1.2404320925354753	-0.8072417904059589
1.2323126548519436	-0.8166403526320637
1.2240993950783556	-0.8260060357321082
1.2157926472098501	-0.8353377966084407
1.2073927557416788	-0.8446345783883362
1.1989000758053536	-0.8538953107502242
1.1903149733014267	-0.8631189102611938
1.1816378250289055	-0.872304280725473
1.1728690188110666	-0.8814503135438113
1.1640089536176639	-0.8905558880834524
1.1550580396833616	-0.8996198720585472
1.146016698622329	-0.9086411219207547
1.1368853635388625	-0.917618483259826
1.1276644791339665	-0.9265507912139136
1.1183545018077798	-0.9354368708893827
1.108955899757744	-0.9442755377898884
1.099469153072465	-0.9530655982544176
1.0898947538211208	-0.9618058499041037
1.080233206138371	-0.9704950820974992
1.0704850263046777	-0.9791320763940528
1.0606507428219463	-0.9877156070255141
1.0507308964844007	-0.9962444413750036
1.040726040444665	-1.004717340463408
1.0306367402749017	-1.0131330594428865
1.0204635740230172	-1.021490348097122
1.0102071322638209	-1.0297879513480495
0.999868018145065	-1.0380246097687764
0.9894468474283667	-1.0461990601023254
0.9789442485248757	-1.0543100357859558
0.9683608625256954	-1.0623562674806977
0.9576973432269706	-1.0703364836058016
0.9469543571496281	-1.078249410877765
0.9361325835536682	-1.0860937748536346
0.9252327144470511	-1.0938683004782126
0.9142554545890523	-1.1015717126348805
0.9032015214881103	-1.1092027366996726
0.8920716453941254	-1.1167600990982698
0.8808665692851575	-1.124242527865585
0.8695870488485345	-1.1316487532075816
0.8582338524563192	-1.138977508064995
0.8468077611351442	-1.1462275286786008
0.8353095685303621	-1.1533975551557065
0.8237400808645696	-1.1604863320374765
0.8121001168904068	-1.167492608866797
0.8003905078377156	-1.1744151407562848
0.7886120973549897	-1.181252688956127
0.7767657414451837	-1.1880040214213656
0.7648523083957947	-1.1946679133783344
0.7528726787033668	-1.2012431478898205
0.7408277449922726	-1.2077285164186886
0.7287184119279115	-1.2141228193895568
0.7165455961243066	-1.2204248667481994
0.7043102260460912	-1.2266334785183448
0.6920132419049594	-1.2327474853555085
0.6796555955505994	-1.2387657290975187
0.6672382503561338	-1.2446870633114013
0.654762181098092	-1.2505103538362996
0.642228373831019	-1.2562344793220508
0.6296378257566755	-1.2618583317631393
0.6169915450879452	-1.2673808170276608
0.6042905509074842	-1.2728008553809766
0.5915358730211423	-1.2781173820037464
0.5787285518062553	-1.283329347504001
0.565869638054825	-1.2884357184229558
0.5529601928117032	-1.2934354777342298
0.5400012872077721	-1.298327625336193
0.5269940022883017	-1.303111178537088
0.5139394288364217	-1.3077851725326868
0.5008386671919136	-1.3123486608761263
0.4876928270653063	-1.3168007159396753
0.47450302734742866	-1.3211404293681144
0.4612703959144289	-1.3253669125234815
0.44799606942843695	-1.329479296920864
0.43468119313388953	-1.3334767346550054
0.4213269206496215	-1.3373583988174436
0.4079344137568823	-1.3411234839039146
0.3945048421832714	-1.3447712062117883
0.38103938338279447	-1.3483008042272706
0.367539222312074	-1.3517115390021412
0.35400555120286403	-1.355002694519787
0.34043956933092834	-1.3581735780503146
0.32684248278147415	-1.361223520494496
0.31321550421114525	-1.3641518767163698
0.2995598526067935	-1.3669580258642535
0.2858767530410699	-1.3696413716799944
0.27216743642499003	-1.372201342796254
0.25843313925760675	-1.3746373930216387
0.24467510337285966	-1.3769490016135095
0.23089457568377836	-1.379135673538292
0.21709280792414842	-1.3811969397191268
0.20327105638776236	-1.3831323572707046
0.18943058166536364	-1.3849415097211477
0.17557264837948647	-1.386624007220783
0.16169852491722453	-1.3881794867376978
0.14780948316113443	-1.3896076122399357
0.13390679821838622	-1.3909080748642342
0.11999174814829343	-1.3920805930711897
0.10606561368833675	-1.3931249127867613
0.09212967797887577	-1.3940408075300126
0.07818522628664638	-1.394828078527026
0.06423354572714575	-1.395486554810911
0.05027592498615793	-1.396016093307842
0.03631365404042241	-1.3964165789090783
0.022348023877700417	-1.3966879245289159
0.008380326216297931	-1.3968300711485384
-0.005588146775737858	-1.396842987845739
-0.019556102761717445	-1.3967266718104918
-0.033522249517397844	-1.3964811483463684
-0.04748529521210973	-1.3961064708577933
-0.0614439486896178	-1.395602720823151
-0.07539691974868075	-1.3949700077537563
-0.08934291942310567	-1.3942084691387204
-0.10328066026120279	-1.3933182703757379
-0.11720885660445854	-1.3922996046878469
-0.1311262248653112	-1.39115269302621
-0.14503148380390857	-1.3898777839589738
-0.1589233548036353	-1.3884751535462851
-0.17280056214537093	-1.3869451052015305
-0.18666183328026828	-1.3852879695388947
-0.2005058991009343	-1.3835041042073297
-0.2143314942109024	-1.3815938937110372
-0.22813735719222067	-1.379557749216578
-0.24192223087106954	-1.3773961083467248
-0.2556848625812127	-1.3751094349611992
-0.2694240044252581	-1.3726982189244037
-0.28313841353344366	-1.3701629758603306
-0.2968268523199902	-1.3675042468947618
-0.3104880887367532	-1.364722598384952
-0.32412089652415654	-1.3618186216369406
-0.3377240554591933	-1.3587929326106856
-0.3512963516004636	-1.3556461716131882
-0.36483657753003834	-1.3523790029798164
-0.3783435325921182	-1.3489921147440047
-0.3918160231283182	-1.3454862182955554
-0.4052528627094527	-1.341862048027746
-0.41865287236377813	-1.3381203609734598
-0.4320148808015266	-1.334261936430565
-0.4453377246356334	-1.330287575576788
-0.45862024859855854	-1.3261981010743087
-0.4718613057551324	-1.3219943566643186
-0.4850597577112551	-1.3176772067518168
-0.498214474818438	-1.3132475359808737
-0.5113243363740242	-1.3087062488006467
-0.5243882308170263	-1.3040542690224108
-0.5374050559194994	-1.299292539367881
-0.5503737189733671	-1.2944220210090933
-0.5632931369725697	-1.2894436931001607
-0.5761622367905127	-1.284358552301166
-0.5889799553527312	-1.2791676122944922
-0.6017452398046418	-1.2738719032939105
-0.6144570476743957	-1.2684724715466973
-0.6271143470306733	-1.2629703788291262
-0.6397161166354451	-1.2573667019356096
-0.6522613460915628	-1.2516625321618409
-0.6647490359851712	-1.2458589747822306
-0.6771781980228373	-1.239957148521987
-0.6895478551634413	-1.2339581850241221
-0.7018570417446235	-1.2278632283117834
-0.7141048036039095	-1.221673434246168
-0.7262901981943535	-1.2153899699804063
-0.7384122946947032	-1.209014013409741
-0.7504701741140736	-1.2025467526183178
-0.7624629293910489	-1.1959893853229626
-0.7743896654872123	-1.1893431183142698
-0.7862494994750817	-1.1826091668953482
-0.7980415606204374	-1.1757887543185623
-0.8097649904589614	-1.1688831112206497
-0.8214189428672689	-1.1618934750565144
-0.8330025841282573	-1.1548210895320772
-0.8445150929907701	-1.1476672040365248
-0.8559556607235944	-1.1404330730743002
-0.8673234911637651	-1.1331199556971951
-0.8786178007592156	-1.125729114936869
-0.8898378186057231	-1.118261817238183
-0.9009827864782377	-1.110719331893641
-0.9120519588565085	-1.103102930479349
-0.923044602945122	-1.0954138862927771
-0.933959998687917	-1.087653473792703
-0.9447974387768014	-1.0798229680416727
-0.9555562286550092	-1.0719236441513196
-0.9662356865148426	-1.0639567767308606
-0.9768351432899	-1.0559236393391376
-0.9873539426418403	-1.0478255039405184
-0.9977914409417511	-1.0396636403649762
-1.008147007246107	-1.0314393157727113
-1.0184200232674283	-1.023153794123596
-1.0286098833396402	-1.0148083356517998
-1.0387159943782154	-1.0064041963458896
-1.0487377758351264	-0.9979426274347447
-1.0586746596487366	-0.9894248748795369
-1.0685260901885734	-0.9808521788721828
-1.0782915241951831	-0.9722257733404569
-1.087970430715025	-0.9635468854601514
-1.0975622910305565	-0.9548167351745181
-1.1070665985855297	-0.9460365347213134
-1.1164828589056075	-0.9372074881677079
-1.125810589514359	-0.9283307909533566
-1.13504931984474	-0.9194076294418786
-1.144198591146136	-0.9104391804810171
-1.1532579563870204	-0.9014266109717778
-1.162226980153384	-0.8923710774467335
-1.1711052385429834	-0.8832737256577905
-1.1798923190555095	-0.8741356901736477
-1.1885878204787783	-0.8649580939871868
-1.1971913527710647	-0.8557420481329936
-1.205702536939637	-0.8464886513152869
-1.2141210049156461	-0.8371989895464108
-1.2224463994254482	-0.8278741357961321
-1.2306783738584468	-0.8185151496519699
-1.2388165921316545	-0.80912307699065
-1.2468607285509585	-0.7996989496610182
-1.2548104676693244	-0.790243785178446
-1.2626655041419685	-0.7807585864310121
-1.2704255425786783	-0.7712443413975415
-1.2780902973933455	-0.7617020228777255
-1.2856594926508975	-0.752132588234395
-1.293132861911661	-0.7425369791481912
-1.3005101480733954	-0.7329161213846306
-1.307791103211011	-0.7232709245738147
-1.3149754884141758	-0.7136022820028185
-1.3220630736228898	-0.7039110704209048
-1.3290536374611983	-0.694198149857629
-1.335946967069135	-0.6844643634539602
-1.3427428579330416	-0.6747105373064836
-1.3494411137144084	-0.664937480324735
-1.3560415460773365	-0.655145984101784
-1.362543974514789	-0.6453368227980588
-1.3689482261737371	-0.6355107530385092
-1.3752541356793404	-0.6256685138231288
-1.3814615449583163	-0.6158108264508438
-1.387570303061597	-0.6059383944568284
-1.3935802659864378	-0.5960519035632275
-1.3994912964980932	-0.5861520216433115
-1.4053032639512102	-0.5762393986990247
-1.4110160441110513	-0.5663146668519642
-1.416629518974709	-0.5563784403477052
-1.42214357659242	-0.5464313155734917
-1.4275581108891229	-0.5364738710892288
-1.4328730214863963	-0.5265066676717234
-1.4380882135249111	-0.5165302483721071
-1.4432035974875053	-0.5065451385864301
-1.4482190890230426	-0.49655184613926817
-1.45313460877118	-0.48655086138030024
-1.45795008218814	-0.4765426572938044
-1.4626654393736696	-0.46652768962087393
-1.467280614899264	-0.4565063969943491
-1.4717955476378184	-0.4464792010862577
-1.4762101805948014	-0.43644650676771846
-1.4805244607411068	-0.426408702281087
-1.4847383388476625	-0.4163661594243152
-1.4888517693219736	-0.40631923374723433
-1.492864710046663	-0.3962682647597359
-1.4967771222201656	-0.3862135761516008
-1.5005889701996686	-0.37615547602384647
-1.5043002213464363	-0.3660942571313765
-1.5079108458736037	-0.3560301971367811
-1.5114208166965657	-0.3459635588750796
-1.5148301092860765	-0.33589459062917826
-1.5181387015241437	-0.325823526415887
-1.5213465735628442	-0.31575058628221797
-1.5244537076861489	-0.3056759766117942
-1.5274600881748603	-0.2955998904411161
-1.5303657011747638	-0.2855225077854456
-1.533170534568088	-0.27544399597406094
-1.5358745778483507	-0.26536450999468736
-1.5384778219987119	-0.25528419284675496
-1.540980259373885	-0.2452031759033225
-1.5433818835857247	-0.23512157928132
-1.5456826893925462	-0.22503951221989849
-1.5478826725922719	-0.21495707346658743
-1.5499818299194807	-0.20487435167095794
-1.5519801589464237	-0.1947914257855495
-1.5538776579880897	-0.18470836547373234
-1.555674326011379	-0.1746252315242372
-1.5573701625484575	-0.16454207627201672
-1.558965167614348	-0.1544589440251871
-1.5604593416288208	-0.1443758714976806
-1.5618526853426382	-0.1342928882473636
-1.5631451997682049	-0.12421001711923621
-1.5643368861146763	-0.11412727469345604
-1.5654277457275698	-0.10404467173782322
-1.566417780032918	-0.09396221366442996
-1.567306990486014	-0.08387990099012374
-1.5680953785247762	-0.07379772980045424
-1.568782945527765	-0.06371569221682645
-1.5693696927768925	-0.05363377686642782
-1.569855621424839	-0.043551969354695894
-1.5702407324672065	-0.0334702527399034
-1.570525026719429	-0.023388608009594674
-1.5707085047984528	-0.013307014558470354
-1.5707911671092023	-0.0032254506674242347
-1.5707730138358416	0.006856106016618679
-1.5706540449378343	0.016937678000447078
-1.57043426015081	0.02701928746414544
-1.5701136589922315	0.03710095578095241
-1.5696922407718619	0.04718270303768315
-1.5691700046070232	0.0572645475560607
-1.5685469494426356	0.06734650541530533
-1.567823074076023	0.07742858997634434
-1.5669983771864666	0.08751081140792989
-1.5660728573694866	0.09759317621506573
-1.565046513175828	0.10767568677002755
-1.5639193431551193	0.11775834084633106
-1.562691345904177	0.12784113115600615
-1.5613625201199193	0.13792404489045965
-1.5599328646568518	0.1480070632652982
-1.5584023785890853	0.15809016106939228
-1.5567710612768344	0.1681733062185917
-1.5550389124373638	0.1782564593142748
-1.5532059322203156	0.1883395732071974
-1.5512721212873746	0.19842259256683586
-1.5492374808962086	0.20850545345662305
-1.547102012988631	0.21858808291530638
-1.5448657202829064	0.22867039854481477
-1.542528606370161	0.2387523081048324
-1.5400906758147968	0.24883370911446817
-1.5375519342588573	0.2589144884612701
-1.5349123885302725	0.268994522017828
-1.5321720467548876	0.2790736742663255
-1.529330918472212	0.28915179793126206
-1.5263890147547956	0.2992287336206184
-1.523346348331157	0.30930430947573473
-1.5202029337121563	0.31937834083018335
-1.5169587873207466	0.32945062987783286
-1.5136139276249863	0.33952096535041504
-1.5101683752742352	0.3495891222047779
-1.5066221532384236	0.3596548613200953
-1.5029752869503055	0.36971792920523333
-1.499227804450574	0.37977805771653067
-1.4953797365357595	0.3898349637861613
-1.4914311169087837	0.3998883491613111
-1.4873819823320646	0.40993790015438364
-1.4832323727830725	0.4199832874043788
-1.4789823316122026	0.4300241656496909
-1.4746319057028736	0.4400601735124512
-1.4701811456337208	0.45009093329460587
-1.4656301058427634	0.46011605078591333
-1.4609788447934404	0.47013511508397116
-1.4562274251423781	0.480147698426458
-1.4513759139087818	0.4901533560356998
-1.4464243826453067	0.5001516259757316
-1.4413729076103121	0.5101420290219179
-1.4362215699413383	0.5201240685433152
-1.4309704558297125	0.5300972303978148
-1.425619656696125	0.5400609828402267
-1.4201692693670678	0.5500147764433428
-1.414619396251993	0.5599580440320954
-1.4089701455210764	0.5698902006308447
-1.4032216312834105	0.5798106434239398
-1.397373973765569	0.5897187517294775
-1.3914272994903305	0.5996138869864454
-1.3853817414554823	0.6094953927551872
-1.3792374393125533	0.6193625947312581
-1.3729945395453291	0.6292148007727045
-1.3666531956480383	0.6390513009407438
-1.3602135683030647	0.6488713675538673
-1.3536758255580457	0.6586742552553642
-1.3470401430022225	0.6684592010942585
-1.340306703941938	0.6782254246195834
-1.3334756995751007	0.6879721279880389
-1.3265473291645127	0.6976984960849407
-1.3195218002099252	0.7074036966584168
-1.3123993286186906	0.7170868804667965
-1.3051801388748596	0.7267471814391455
-1.2978644642066195	0.7363837168488366
-1.2904525467519377	0.7459955875000848
-1.2829446377222462	0.7555818779273903
-1.2753409975641183	0.7651416566076955
-1.267641896118703	0.7746739761852762
-1.2598476127788878	0.7841778737091277
-1.251958436644011	0.7936523708827943
-1.2439746666720193	0.8030964743264705
-1.2358966118289303	0.81250917585127
-1.2277245912355148	0.821889452745454
-1.2194589343110334	0.8312362680725274
-1.2110999809139487	0.8405485709809803
-1.202648081479486	0.8498252970255301
-1.1941035971539051	0.8590653684996852
-1.1854668999254103	0.8682676947794264
-1.1767383727515635	0.8774311726778096
-1.167918409683095	0.8865546868103048
-1.1590074159839951	0.8956371099706572
-1.1500058082478346	0.9046773035170096
-1.1409140145101235	0.9136741177681436
-1.1317324743567014	0.9226263924095226
-1.122461639027986	0.9315329569089689
-1.1131019715190396	0.9403926309416807
-1.103653946675328	0.9492042248243691
-1.0941180512841049	0.9579665399582424
-1.0844947841613137	0.9666783692805864
-1.0747846562339183	0.9753384977246798
-1.0649881906176362	0.9839457026877285
-1.0551059226899127	0.9924987545066027
-1.0451384001581108	1.0009964169410526
-1.0350861831228415	1.0094374476641164
-1.0249498441363551	1.0178205987594324
-1.014729968255909	1.026144617225176
-1.0044271530920912	1.034408245484267
-0.9940420088519767	1.042610221900615
-0.983575158377128	1.050749281301011
-0.9730272371763439	1.0588241555023978
-0.9623988934530644	1.0668335738442234
-0.9516907881275052	1.0747762637254679
-0.9409035948533283	1.0826509511461218
-0.9300380000289286	1.0904563612527043
-0.9190947028032069	1.098191218887548
-0.9080744150758718	1.105854249141469
-0.8969778614921478	1.1134441779095385
-0.8858057794319852	1.1209597324495444
-0.8745589189935905	1.1283996419428908
-0.8632380429713973	1.135762638057515
-0.8518439268283734	1.143047455512522
-0.840377358662689	1.1502528326441719
-0.828839139168696	1.157377511972891
-0.8172300815922571	1.16442024077094
-0.8055510116803929	1.1713797716303957
-0.7938027676252282	1.1782548630311172
-0.7819862000022952	1.1850442799083103
-0.7701021717031273	1.191746794219386
-0.7581515578622151	1.1983611855097234
-0.7461352457783083	1.2048862414770132
-0.7340541348300756	1.2113207585338284
-0.7219091363861347	1.2176635423680846
-0.7097011737095386	1.2239134085010095
-0.6974311818566373	1.2300691828423322
-0.685100107570439	1.2361297022423048
-0.6727089091684679	1.2420938150402274
-0.6602585564251277	1.2479603816091585
-0.6477500304486796	1.253728274896438
-0.6351843235527939	1.2593963809597248
-0.6225624391228106	1.2649635994981834
-0.609885391476658	1.2704288443785297
-0.5971542057206037	1.275791044155562
-0.5843699175997775	1.2810491425869046
-0.5715335733435913	1.2862020991416128
-0.5586462295061171	1.2912488895023309
-0.5457089528014626	1.2961885060606992
-0.5327228199342448	1.3010199584056925
-0.5196889174251853	1.3057422738046034
-0.5066083414319777	1.3103544976763453
-0.49348219756541467	1.3148556940568141
-0.4803116007009477	1.3192449460559887
-0.4670976747856772	1.3235213563065111
-0.4538415526409308	1.3276840474034506
-0.4405443757604689	1.3317321623349878
-0.4272072941044649	1.3356648649037433
-0.41383146588924874	1.3394813401385077
-0.4004180573730647	1.3431807946960854
-0.38696824263781754	1.3467624572530301
-0.3734832033669436	1.350225578887019
-0.35996412861955807	1.3535694334476225
-0.3464122146009088	1.3567933179162488
-0.3328286644293118	1.3598965527550329
-0.31921468789965196	1.3628784822444495
-0.3055715012435574	1.365738474809452
-0.2919003268863515	1.3684759233339274
-0.27820239320097606	1.3710902454632583
-0.26447893425889274	1.3735808838948314
-0.2507311895781594	1.3759473066562884
-0.2369604038687989	1.3781890073713539
-0.2231678267755418	1.3803055055130775
-0.20935471261815972	1.3822963466443225
-0.19552232012937293	1.3841611026453677
-0.18167191219061815	1.3858993719284631
-0.16780475556570204	1.3875107796392165
-0.15392212063252822	1.3889949778446813
-0.14002528111297682	1.390351645708031
-0.1261155138011508	1.3915804896497046
-0.11219409829003013	1.3926812434949365
-0.09826231669676669	1.3936536686075602
-0.08432145338666387	1.3944975540100197
-0.0703727946960737	1.395212716489499
-0.05641762865424306	1.3957990006901186
-0.042457244704377665	1.3962562791911264
-0.028492933423943007	1.3965844525710442
-0.0145259862443904	1.3967834494577294
-0.0005576951705110648	1.3968532265643112
0.013410647500572876	1.3967937687109946
0.027377749460503014	1.3966050888327026
0.041342318670833836	1.3962872279725629
0.05530306364400059	1.3958402552612368
0.06925869372405494	1.3952642678821092
0.08320791936693672	1.3945593910223555
0.09714945242022821	1.3937257778099164
0.11108200640217679	1.3927636092364264
0.1250042967798938	1.3916730940661375
0.13891504124655596	1.3904544687308955
0.1528129599975152	1.3891079972112375
0.16669677600512517	1.387633970903683
0.18056521529217118	1.3860327084743016
0.19441700720379784	1.3843045556986473
0.20825088467772315	1.3824498852881628
0.22206558451269395	1.380469096703157
0.23585984763497517	1.3783626159524758
0.24963241936277045	1.3761308953799944
0.263382049668467	1.3737744134380518
0.27710749343852253	1.3712936744479853
0.2908075107309132	1.3686892083478996
0.3044808670299618	1.3659615704278436
0.3181263334985298	1.3631113410525337
0.33174268722727485	1.3601391253718331
0.3453287114810414	1.3570455530191328
0.35888319594211326	1.3538312777978425
0.372404936950319	1.3504969773561808
0.3858927377397812	1.3470433528504706
0.3993454086723035	1.3434711285971335
0.41276176746713444	1.3397810517136348
0.42614063942718255	1.335973891748557
0.43948085766142214	1.3320504403010671
0.4527812633034333	1.3280115106300077
0.4660407057260194	1.3238579372528383
0.47925804275174844	1.319590575534694
0.49243214085932957	1.3152103012678107
0.5055618753857342	1.3107180102415823
0.5186461307239989	1.306114617803502
0.5316838005165518	1.3014010584112896
0.5446737878440596	1.2965782851764476
0.5576150054096394	1.2916472693995582
0.5705063757183886	1.2866090000975987
0.5833468312521549	1.281464483523565
0.59613531463948	1.2762147426787016
0.6088707788205922	1.270860816817656
0.6215521872074407	1.2654037609468458
0.6341785138386942	1.25984464531635
0.6467487435295862	1.2541845549056616
0.659261872016647	1.248424588903582
0.6717169060971367	1.2425658601826275
0.6841128637632534	1.2366094947682253
0.6964487743309883	1.2305566313030596
0.7087236785635971	1.2244084205068855
0.7209366287896443	1.2181660246321562
0.7330866890156095	1.2118306169157724
0.745172935032956	1.205403381027338
0.7571944545197032	1.198885510514212
0.7691503471364097	1.1922782082437395
0.7810397246165669	1.1855826858429868
0.7928617108513998	1.1788001631363219
0.8046154419690112	1.1719318675812023
0.8163000664078927	1.1649790337025048
0.8279147449847428	1.1579429025257624
0.8394586509566787	1.1508247210096103
0.850930970077684	1.1436257414778732
0.8623309006494516	1.1363472210515493
0.873657653566495	1.1289904210811128
0.8849104523556239	1.1215566065794362
0.8960885332097273	1.1140470456557097
0.9071911450159158	1.1064630089506844
0.918217549378014	1.0988057690736015
0.9291670206334407	1.091076600041136
0.9400388458645027	1.083276776718698
0.9508323249040737	1.0754075742644644
0.96154677033577	1.0674702675764312
0.9721815074885994	1.0594661307428517
0.9827358744261289	1.051396436496397
0.9932092219302068	1.0432624556723666
1.0036009134793142	1.0350654566712572
1.0139103252215407	1.0268067049260545
1.024136845942259	1.0184874623745452
1.0342798770265824	1.0101089869369497
1.044338832416561	1.001672531999266
1.054313138563319	0.993179345902522
1.0642022343740571	0.9846306714383551
1.0740055711540701	0.9760277453511499
1.083722612543805	0.967371797847071
1.0933528344510695	0.9586640521102534
1.102895724978406	0.9499057238264799
1.1123507843457756	0.9410980207145846
1.1217175248085625	0.9322421420659084
1.1309954705710443	0.9233392782920335
1.1401841576953626	0.9143906104811075
1.1492831340061083	0.9053973099629866
1.158291958990598	0.8963605378834822
1.167210203694946	0.8872814447879391
1.1760374506160294	0.878161170214385
1.184773293589397	0.8690008422965417
1.1934173376733068	0.8598015773768458
1.2019691990289025	0.8505644796297841
1.2104285047967116	0.8412906406956971
1.2187948929695003	0.83198113932532
1.2270680122616606	0.8226370410352053
1.2352475219751788	0.8132593977742851
1.243333091862349	0.803849247601707
1.251324401985313	0.7944076143761547
1.2592211425725366	0.7849355074568518
1.2670230138723868	0.7754339214163384
1.2747297260038648	0.765903835765275
1.2823409988046726	0.7563462146893436
1.2898565616766928	0.7467620067984434
1.297276153429028	0.7371521448882933
1.3045995221187185	0.7275175457145693
1.3118264248892761	0.7178591097796788
1.3189566278071216	0.708177721132345
1.3259899056961089	0.6984742471800148
1.3329260419702291	0.688749538514244
1.339764828464631	0.6790044287491345
1.3465060652650933	0.6692397343728833
1.353149560536074	0.6594562546125355
1.3596951303474873	0.6496547713119623
1.3661425985003057	0.6398360488231717
1.3724917963511698	0.6300008339109169
1.3787425626360703	0.6201498556707412
1.3848947432933265	0.6102838254603506
1.3909481912859065	0.6004034368444536
1.3969027664232825	0.5905093655529973
1.4027583351829245	0.5806022694528369
1.4085147705315921	0.5706827885327932
1.4141719517465308	0.5607515449021149
1.4197297642367204	0.5508091428023041
1.4251880993643213	0.540856168632241
1.4305468542664197	0.5308931909866185
1.4358059316772402	0.5209207607075679
1.4409652397509314	0.5109394109494648
1.4460246918850626	0.5009496572568206
1.450984206544972	0.490951997655175
1.4558437070890922	0.48094691275489543
1.4606031215953565	0.4709348658678371
1.46526238268886	0.4609163031366819
1.469821427370869	0.4508916536768781
1.474280196849301	0.4408613297311017
1.4786386363708302	0.43082572683601417
1.4828966950547045	0.42078522400127555
1.4870543257284285	0.4107401839005875
1.4911114847654003	0.4006909530746828
1.495068131924656	0.3906378621460207
1.4989242301927983	0.3805812260451137
1.5026797456282617	0.370521344248215
1.506334647208006	0.36045850102623755
1.509888906676752	0.350392965704703
1.5133424983988708	0.3403249929345233
1.516695399213039	0.3302548229733827
1.5199475882897562	0.3201826819775455
1.5230990469918295	0.31010878230385436
1.5261497587379347	0.30003332282166867
1.5290997088693394	0.28995648923456174
1.531948884519894	0.27987845441147846
1.5346972744893805	0.2697993787271585
1.5373448691203102	0.25971941041153784
1.539891660178254	0.2496386859079132
1.5423376407358127	0.23955733023951917
1.5446828050602734	0.2294754573843872
1.5469271485050715	0.21939317065806802
1.5490706674051065	0.20931056310405102
1.551113358976009	0.19922771789151641
1.5530552212174138	0.18914470872018957
1.554896252820317	0.17906160023196635
1.556636453078584	0.16897844842903997
1.5582758218046693	0.15889530109818809
1.5598143592496096	0.14881219824096042
1.5612520660273421	0.13872917250943487
1.5625889430434143	0.12864624964720509
1.5638249914281221	0.11856344893534222
1.5649602124741366	0.10848078364293852
1.5659946075786524	0.09839826148197006
1.5669281781901083	0.08831588506612804
1.5677609257595149	0.07823365237326932
1.5684928516964207	0.06815155721119971
1.5691239573295555	0.05806958968641736
1.5696542438721686	0.047987736675525625
1.5700837123921	0.037905982298888884
1.5704123637865937	0.0278243083963378
1.570640198761876	0.017742695004427572
1.570767217817518	0.007661120835034928
1.5707934212355814	-0.0024204362451404437
1.5707188090745718	-0.012501998734433152
1.5705433811681861	-0.02258358901585382
1.5702671371288701	-0.0326652288767602
1.5698900763561738	-0.042746939028995214
1.5694121980499027	-0.0528287386297888
1.5688335012280552	-0.0629106448037324
1.5681539847495345	-0.07299267216624342
1.5673736473416129	-0.08307483234880723
1.5664924876321389	-0.09315713352634047
1.5655105041864539	-0.10323957994702031
1.5644276955490009	-0.11332217146493445
1.5632440602895876	-0.12340490307584044
1.561959597054277	-0.13348776445642097
1.560574304620866	-0.14357073950731883
