1.5707963267948966	-0.0
1.5707177876330531	-0.01570770146987016
1.5704821780013734	-0.031413832182683045
1.5700895214606245	-0.04711682153845576
1.569539857276133	-0.06281509925133852
1.5688332404138594	-0.0785070955066419
1.5679697415349012	-0.09419124111781695
1.5669494469884264	-0.10986596768337269
1.56577245880304	-0.12552970774371475
1.5644388946765788	-0.14118089493789013
1.5629488879643452	-0.15681796416022215
1.5613025876657678	-0.17243935171681932
1.5595001584095052	-0.18804349548194377
1.5575417804369807	-0.20362883505422244
1.5554276495843595	-0.21919381191268583
1.5531579772629656	-0.2347368695726188
1.5507329904381393	-0.250256453741208
1.5481529316065423	-0.26575101247296934
1.5454180587719077	-0.28121899632494185
1.5425286454192402	-0.29665885851163026
1.5394849804874668	-0.3120690550596824
1.536287368340545	-0.3274480449622852
1.5329361287370238	-0.3427942903332643
1.5294315967980716	-0.358106256560871
1.5257741229739616	-0.3733824124612425
1.5219640730090285	-0.38862123043151886
1.5180018279050937	-0.4038211866026021
1.5138877838833658	-0.4189807609915414
1.5096223523448182	-0.43409843765353123
1.5052059598290508	-0.44917270483350313
1.5006390479716345	-0.4642020551173009
1.4959220734599494	-0.47918498558242084
1.491055507987516	-0.49411999794830197
1.486039838206826	-0.5090055987261535
1.4808755656806776	-0.5238402993683025
1.47556320683202	-0.5386226164170468
1.470103292892311	-0.5533510716529998
1.464496369848395	-0.5680241922429121
1.4587429983879034	-0.582640510886952
1.4528437538431884	-0.5971985659654352
1.446799226133788	-0.6116969016849859
1.4406100197074365	-0.6261340682241138
1.4342767534796184	-0.6405086218781957
1.427800060771679	-0.6548191252038453
1.4211805892474918	-0.6690641471626554
1.4144190008486932	-0.6832422632643006
1.4075159717284882	-0.6973520557089862
1.4004721921840364	-0.7113921135292257
1.3932883665874225	-0.725361032730937
1.3859652133152198	-0.7392574164338407
1.3785034646766525	-0.7530798750111469
1.3709038668403666	-0.7668270262285165
1.3631671797598128	-0.7804974953822835
1.355294177097252	-0.7940899154369248
1.3472856461463893	-0.8076029271617616
1.3391423877536464	-0.8210351792668827
1.3308652162380763	-0.8343853285382705
1.3224549593099333	-0.8476520399721235
1.3139124579879011	-0.8608339869083536
1.3052385665149937	-0.8739298511632521
1.29643415227313	-0.8869383231613067
1.287500095696397	-0.899858102066158
1.2784372901830077	-0.9126878959106819
1.269246642005961	-0.9254264217261854
1.2599290702224155	-0.9380724056707026
1.2504855065817853	-0.9506245831563769
1.240916895432565	-0.96308169897592
1.2312241936278947	-0.9754425074281312
1.2214083704298788	-0.9877057724424656
1.2114704074126568	-0.9998702677026409
1.2014112983642486	-1.0119347767692688
1.191232049187177	-1.0238980932014954
1.1809336777978767	-1.0357590206776477
1.1705172140249047	-1.047516373114862
1.159983699505958	-1.059168974787692
1.1493341875837106	-1.0707156604456811
1.13856974320048	-1.082155275429886
1.1276914427917344	-1.0934866757883408
1.1167003741784494	-1.1047087283904524
1.1055976364583269	-1.1158203110403129
1.094384339895887	-1.1268203125889162
1.0830616058114415	-1.1377076330452744
1.071630566468963	-1.148481183686415
1.0600923649628604	-1.159139887166251
1.0484481551036686	-1.1696826776233173
1.0366991013026703	-1.1801085007873535
1.024846378455455	-1.1904163140847315
1.0128911718244298	-1.2006050867427112
1.0008346769202952	-1.2106737998925177
0.9886780993824948	-1.2206214466712262
0.976422654858652	-1.2304470323224486
0.964069568883006	-1.2401495742958084
0.9516200767538604	-1.2497281023451927
0.9390754234100533	-1.2591816586257791
0.9264368633064657	-1.2685092977898176
0.9137056602885754	-1.2777100870811648
0.9008830874660751	-1.2867831064285586
0.8879704270855618	-1.2957274485376253
0.8749689704023128	-1.3045422189816074
0.8618800175511616	-1.3132265362908064
0.8487048774164866	-1.321779532040728
0.8354448675013215	-1.3302003509389249
0.822101313795608	-1.3384881509105244
0.8086755506435972	-1.3466421031824358
0.795168920610416	-1.3546613923662272
0.7815827743478123	-1.3625452165396628
0.7679184704590906	-1.3702927873268946
0.754177375363253	-1.377903329977301
0.7403608631583584	-1.385376083442958
0.7264703154841126	-1.3927103004547476
0.7125071213837088	-1.3999052475970795
0.6984726771649207	-1.4069602053812353
0.6843683862604742	-1.4138744683173163
0.6701956590877071	-1.42064734498479
0.6559559129075259	-1.4272781581016343
0.6416505716826819	-1.4337662445920627
0.6272810659353762	-1.4401109556528335
0.6128488326042102	-1.4463116568181273
0.5983553149004891	-1.452367728022995
0.5838019621639053	-1.4582785636653628
0.5691902297176059	-1.464043572666592
0.5545215787226581	-1.469662178530587
0.5397974760319376	-1.4751338194014432
0.5250193940434437	-1.4804579481196332
0.5101888105530601	-1.4856340322767223
0.49530720860677724	-1.490661554268608
0.4803760763523883	-1.4955400113472805
0.4653969068906762	-1.5002689156710975
0.4503711981261045	-1.5048477943535674
0.4353004526170285	-1.5092761895106375
0.42018617742543934	-1.5135536583064826
0.40502988396626194	-1.5176797729977873
0.3898330878562121	-1.5216541209765215
0.3745973087622358	-1.5254763048111988
0.35932407024954693	-1.529145942286621
0.34401489962926923	-1.5326626664420986
0.32867132780570596	-1.5360261256081467
0.31329488912325437	-1.5392359834416511
0.297887121212969	-1.542291918959504
0.2824495648388005	-1.5451936265707
0.26698376374352156	-1.547940816106896
0.25149126449435466	-1.5505332128514275
0.23597361632831337	-1.5529705575667805
0.22043237099728294	-1.555252606520515
0.20486908261284648	-1.5573791315096366
0.18928530749087208	-1.559349919883419
0.17368260399588578	-1.561164774564667
0.15806253238523496	-1.5628235140694249
0.14242665465306392	-1.5643259725251244
0.12677653437411607	-1.565671999687172
0.11111373654737755	-1.5668614609539733
0.0954398274395788	-1.5678942373803926
0.07975637442856899	-1.568770225689648
0.06406494584658011	-1.5694893382836388
0.048367110823393136	-1.5700515032517044
0.03266443912942998	-1.570456664377817
0.016958501018774493	-1.5707047811462012
0.0012508670721484722	-1.570795828745387
-0.01445689196014203	-1.5707297980706907
-0.03016320531528354	-1.5705066957251241
-0.045866502375030135	-1.5701265440187362
-0.06156521282276084	-1.5695893809663812
-0.07725776680051309	-1.5688952602839161
-0.0929425950659669	-1.568044251382831
-0.10861812914936636	-1.567036439363307
-0.124282801510365	-1.5658719250057058
-0.1399350456947816	-1.564550824760493
-0.15557329649124121	-1.5630732707365922
-0.171195990087695	-1.5614394106881744
-0.18680156422780322	-1.5596494079998828
-0.2023884583671561	-1.557703441670495
-0.21795511382932875	-1.555601706295022
-0.23349997396174715	-1.5533444120452498
-0.249021484291352	-1.5509317846487225
-0.26451809268004495	-1.5483640653661692
-0.27998824947990086	-1.5456415109673785
-0.2954304076881316	-1.542764393705521
-0.3108430231017847	-1.539733001289926
-0.3262245544721626	-1.5365476368573083
-0.3415734636589462	-1.533208618941457
-0.35688821578400715	-1.5297162814413814
-0.3721672793848962	-1.5260709735879205
-0.3874091265679849	-1.5222730599088228
-0.40261223316125655	-1.5183229201922908
-0.41777507886672083	-1.5142209494490044
-0.4328961474124438	-1.5099675578726197
-0.4479739267041706	-1.5055631707987498
-0.46300690897653757	-1.501008228662432
-0.4779935909438447	-1.4963031869540837
-0.4929324739503844	-1.4914485161739555
-0.5078220641203044	-1.4864447017850793
-0.5226608725069958	-1.4812922441647245
-0.5374474152419861	-1.475991658554359
-0.5521802136833238	-1.4705434750081272
-0.5668577945634412	-1.4649482383398436
-0.5814786901364829	-1.4592065080685117
-0.5960414383250738	-1.453318858362375
-0.6105445828665328	-1.4472858779814965
-0.6249866734584902	-1.4411081702188875
-0.639366265903922	-1.4347863528401763
-0.6536819222555675	-1.428321058021832
-0.6679322109597204	-1.4217129322879491
-0.6821157069993853	-1.4149626364455947
-0.696230992036778	-1.4080708455187274
-0.7102766545551581	-1.401038248680696
-0.7242512899999773	-1.3938655491853251
-0.738153500919338	-1.3865534642965862
-0.7519818971037325	-1.3791027252168748
-0.7657350957250656	-1.3715140770138905
-0.7794117214749365	-1.3637882785461295
-0.7930104067021684	-1.355926102387
-0.8065297915495689	-1.3479283347475666
-0.8199685240899213	-1.3397957753979282
-0.8333252604611688	-1.331529237587243
-0.8465986650008062	-1.3231295479624028
-0.8597874103794394	-1.3145975464853707
-0.8728901777335218	-1.3059340863491848
-0.8859056567972377	-1.2971400338926382
-0.8988325460335259	-1.2882162685136487
-0.9116695527642347	-1.2791636825813184
-0.9244153932993899	-1.2699831813466955
-0.9370687930655581	-1.260675682852254
-0.949628486733308	-1.2512421178400872
-0.9620932183437394	-1.2416834296588342
-0.9744617414340783	-1.2320005741693478
-0.9867328191623218	-1.2221945196491089
-0.9989052244309242	-1.2122662466953968
-1.0109777400095008	-1.2022167481272343
-1.022949158656556	-1.192047028886102
-1.0348182832402004	-1.1817581059354507
-1.0465839268578658	-1.171351008159001
-1.0582449129549967	-1.160826776257858
-1.0698000754426997	-1.1501864626464413
-1.081248258814355	-1.139431131347246
-1.092588318261166	-1.128561857884439
-1.1038191197866385	-1.1175797291763079
-1.1149395403199784	-1.1064858434265732
-1.1259484678283997	-1.0952813100145635
-1.1368448014283257	-1.0839672493842838
-1.1476274514954752	-1.07254479293237
-1.1582953397738291	-1.0610150828949458
-1.1688473994834485	-1.0493792722334088
-1.1792825754271556	-1.0376385245191286
-1.1895998240960526	-1.0257940138170922
-1.1997981137738691	-1.0138469245684998
-1.2098764246401372	-1.0017984514723197
-1.219833748872168	-0.9896497993658221
-1.2296690907458363	-0.9774021831040934
-1.2393814667351513	-0.9650568274385528
-1.2489699056106072	-0.9526149668944797
-1.2584334485363062	-0.9400778456475608
-1.2677711491658428	-0.9274467173994729
-1.2769820737369355	-0.9147228452525141
-1.2860653011648024	-0.9019075015832971
-1.295019923134271	-0.8890019679155083
-1.3038450441906055	-0.8760075347917604
-1.3125397818290547	-0.8629255016445377
-1.3211032665831006	-0.8497571766662524
-1.3295346421114034	-0.8365038766784301
-1.3378330652834374	-0.8231669270000229
-1.3459977062638004	-0.8097476613148861
-1.3540277485951977	-0.7962474215384057
-1.3619223892800885	-0.7826675576833083
-1.3696808388609825	-0.7690094277246639
-1.3773023214993871	-0.7552743974640861
-1.3847860750533905	-0.7414638403931544
-1.3921313511538729	-0.727579137556068
-1.3993374152793452	-0.7136216774115405
-1.4064035468294007	-0.6995928556939539
-1.413329039196772	-0.68549407527379
-1.4201131998379934	-0.6713267460173432
-1.4267553503426555	-0.6570922846457306
-1.433254826501242	-0.6427921145932283
-1.4396109783715532	-0.6284276658649257
-1.4458231703436992	-0.6140003748937239
-1.4518907812036594	-0.5995116843966988
-1.4578132041954042	-0.5849630432308254
-1.4635898470815698	-0.5703559062480958
-1.4692201322026812	-0.555691734150037
-1.4747034965349186	-0.5409719933416375
-1.480039391746418	-0.5261981557847123
-1.4852272842521046	-0.5113716988507063
-1.4902666552670512	-0.4964941051729569
-1.4951570008583563	-0.4815668624984332
-1.4998978319955352	-0.4665914635389648
-1.5044886745994253	-0.45156940582196664
-1.5089290695895918	-0.4365021915406929
-1.513218572930236	-0.42139132740401647
-1.5173567556745986	-0.40623832448575786
-1.5213432040078534	-0.3910446980735808
-1.5251775192884893	-0.37581196751746654
-1.5288593180881735	-0.36054165607777544
-1.5323882322300937	-0.34523529077292764
-1.535763908825777	-0.32989440222669697
-1.5389860103103767	-0.3145205245151554
-1.5420542144764295	-0.2991151950132619
-1.5449682145060755	-0.2836799542411282
-1.5477277190017402	-0.26821634570996955
-1.5503324520152733	-0.2527259157677535
-1.5527821530755443	-0.2372102134445642
-1.5550765772144888	-0.22167079029770562
-1.5572154949916046	-0.20610920025654234
-1.5591986925168964	-0.19052699946710983
-1.5610259714722645	-0.17492574613650255
-1.562697149131336	-0.1593070003770533
-1.5642120583777377	-0.14367232405032102
-1.5655705477218071	-0.12802328061091164
-1.5667724813157424	-0.11236143495012552
-1.5678177389671855	-0.09668835323947857
-1.568706216151242	-0.08100560277408174
-1.5694378240209343	-0.06531475181591125
-1.5700124894160852	-0.04961736943698794
-1.5704301548706336	-0.03391502536247001
-1.5706907786183826	-0.01820928981367685
-1.5707943345971742	-0.002501733351076689
-1.5707408124514972	0.013206073282773114
-1.5705302175335212	0.02891255932030036
-1.5701625709025628	0.0446161541259893
-1.5696379093229784	0.06031528735344424
-1.568956285260489	0.07600838910242781
-1.568117766876933	0.09169389007584125
-1.5671224380234496	0.10737022173665772
-1.5659703982320947	0.12303581646477613
-1.5646617627058879	0.13868910771377685
-1.5631966623072906	0.15432853016758008
-1.5615752435451224	0.1699525198969739
-1.559797668559908	0.185559514516004
-1.5578641151076644	0.20114795333821558
-1.5557747765421261	0.21671627753271605
-1.553529861795408	0.2322629302800589
-1.5511295953571145	0.24778635692792553
-1.548574217251889	0.263285005146588
-1.5458639830154124	0.27875732508413853
-1.5429991636688498	0.2942017695214783
-1.539980045691749	0.30961679402703335
-1.5368069309933914	0.3250008571111981
-1.5334801368826025	0.34035242038048485
-1.5299999960360213	0.35566994869135965
-1.526366856464832	0.37095191030375657
-1.5225810814799645	0.38619677703424876
-1.5186430496557626	0.4014030244088664
-1.5145531547921263	0.41656913181554517
-1.5103118058751344	0.43169358265618163
-1.5059194270361442	0.44677486449829584
-1.5013764575093786	0.46181146922627203
-1.4966833515880054	0.4768018931921672
-1.4918405785787052	0.49174463736607604
-1.4868486227547433	0.5066382074860348
-1.4817079833075426	0.5214811142074415
-1.4764191742967636	0.5362718732519935
-1.4709827245989	0.5510090055561127
-1.4653991778543913	0.565691037418849
-1.4596690924132594	0.5803165006492503
-1.4537930412792726	0.5948839327131829
-1.4477716120526485	0.6093918768795783
-1.4416054068712911	0.6238388823661107
-1.4352950423505806	0.6382235044842712
-1.4288411495217104	0.6525443047838337
-1.4222443737685846	0.6667998511967036
-1.4155053747632818	0.6809887181801186
-1.408624826400087	0.6951094868592029
-1.4016034167281017	0.7091607451688586
-1.3944418478824425	0.7231410879949627
-1.3871408360140265	0.7370491173148823
-1.3797011112179556	0.7508834423372764
-1.37212341746051	0.764642679641171
-1.364408512504751	0.778325453314301
-1.3565571678347448	0.791930395090702
-1.3485701685784157	0.8054561444875338
-1.3404483134290333	0.8189013489411284
-1.3321924145653443	0.8322646639422446
-1.3238032975703558	0.8455447531705176
-1.3152818013487761	0.8587402886280917
-1.3066287780431256	0.8718499507724181
-1.2978450929485248	0.8848724286482058
-1.288931624426163	0.8978064200185206
-1.2798892638154649	0.9106506314950026
-1.2707189153449552	0.9234037786672091
-1.2614214960418406	0.9360645862310484
-1.2519979356403037	0.9486317881163152
-1.2424491764885295	0.9611041276132958
-1.232776173454478	0.9734803574984316
-1.2229798938303913	0.9857592401590483
-1.2130613172360671	0.9979395477171136
-1.2030214355209017	1.0100200621520192
-1.1928612526646982	1.0219995754223905
-1.182581784677275	1.0338768895868842
-1.1721840594968669	1.0456508169239793
-1.1616691168873257	1.0573201800507548
-1.1510380083341492	1.0688838120406234
-1.1402917969393351	1.0803405565400206
-1.1294315573150677	1.091689267884044
-1.1184583754762583	1.1029288112110176
-1.107373348731946	1.1140580625759753
-1.096177585575569	1.125075909063053
-1.0848722055741133	1.1359812488967846
-1.0734583392561565	1.1467729915522749
-1.0619371279988203	1.1574500578642506
-1.0503097239136288	1.168011380134978
-1.0385772897313001	1.1784559022410326
-1.0267409986854776	1.1887825797389056
-1.0148020343954012	1.1989903799694535
-1.0027615907475496	1.2090782821611605
-0.9906208717762562	1.2190452775322127
-0.9783810915433001	1.2288903693913793
-0.9660434740165031	1.2386125732376794
-0.9536092529473403	1.2482109168588276
-0.9410796717475535	1.257684440428463
-0.9284559833648212	1.2670321966021236
-0.9157394501574644	1.2762532506119797
-0.9029313437682053	1.2853466803603153
-0.8900329449970086	1.2943115765117346
-0.8770455436730049	1.303147042584091
-0.8639704385255029	1.3118521950381412
-0.8508089370541201	1.3204261633658951
-0.8375623553980381	1.3288680901776633
-0.8242320182043829	1.3371771312877996
-0.8108192584957646	1.345352455799118
-0.7973254175369773	1.35339324618598
-0.783751844700872	1.361298698376047
-0.7700998973334197	1.369068021830689
-0.756370940617983	1.3767004396240334
-0.7425663474387916	1.384195188520662
-0.7286874982436596	1.3915515190519308
-0.7147357809059395	1.3987686955909173
-0.7007125905857412	1.4058459964259808
-0.6866193295904095	1.412782713832936
-0.6724574072342985	1.4195781541458237
-0.6582282396978445	1.4262316378262743
-0.6439332498859425	1.4327424995314644
-0.6295738672856611	1.4391100881806493
-0.6151515278232943	1.4453337670202708
-0.6006676737207698	1.4514129136876308
-0.5861237533514266	1.4573469202731295
-0.5715212210951843	1.4631351933810521
-0.5568615371930987	1.4687771541889119
-0.5421461676013423	1.4742722385053302
-0.5273765838446138	1.4796198968264533
-0.51255426286898	1.4848195943909064
-0.49768068689418515	1.4898708112332664
-0.4827573432654347	1.4947730422360577
-0.4677857243046541	1.4995257971802651
-0.45276732716126317	1.5041286007943553
-0.437703653662461	1.5085809928018024
-0.42259621016304444	1.512882527967116
-0.40744650739477245	1.5170327761403644
-0.3922560603153001	1.5210313223001883
-0.3770263879566751	1.524877766595304
-0.36175901327344073	1.5285717243844876
-0.34645546299034513	1.532112826275038
-0.33111726744966247	1.5355007181597173
-0.31574596045816367	1.5387350612521609
-0.30034307913374114	1.5418155321207536
-0.28491016375169026	1.5447418227209764
-0.26944875759069	1.5475136404262073
-0.25396040677846776	1.5501307080569866
-0.23844666013720198	1.5525927639087314
-0.22290906902862742	1.5548995617779078
-0.20734918719890552	1.5570508709866524
-0.19176857062325559	1.559046476405836
-0.1761687773503499	1.5608861784765802
-0.1605513673465146	1.562569793230211
-0.14491790233973842	1.5640971523066556
-0.12926994566349276	1.5654681029712798
-0.11360906210040397	1.5666825081301592
-0.09793681772578045	1.56774024634379
-0.08225477975099807	1.568641211839232
-0.06656451636678602	1.5693853145206869
-0.05086759658640754	1.5699724799785066
-0.03516559008875994	1.5704026494966343
-0.019460067061406634	1.5706757800584767
-0.0037525980435652467	1.570791844351206
0.011955246230953342	1.5707508307684885
0.027661894990812903	1.5705527434116489
0.04336577758422349	1.5701976020892578
0.05906532363601368	1.5696854423151514
0.07475896320466262	1.5690163153048804
0.0904451269392886	1.568190287970588
0.10612224623658997	1.5672074429143195
0.12178875339770535	1.5660678784197613
0.1374430817849699	1.5647717084424135
0.1530836659785914	1.5633190625981936
0.1687089419331858	1.5617100861504751
0.18431734713417577	1.5599449399955625
0.19990732075404963	1.5580238006466003
0.21547730380843694	1.555946860215922
0.2310257393120086	1.5537143263958402
0.24655107243416852	1.5513264224378767
0.26205175065454356	1.5487833871304368
0.27752622391823023	1.5460854747749322
0.2929729447907948	1.543232955160351
0.30839036861302216	1.5402261135362767
0.32377695365538217	1.537065250584366
0.33913116127218845	1.5337506823882805
0.3544514560554759	1.5302827404020776
0.3697363059885344	1.5266617714170656
0.3849841825991052	1.522888137527126
0.40019356111223525	1.5189622160925027
0.41536292060274893	1.5148843997020676
0.4304907441473355	1.5106550961340621
0.4455755189762485	1.5062747283153184
0.4606157366245769	1.5017437342789675
0.47560989308308543	1.4970625671206381
0.49055648894862713	1.4922316949531447
0.505454029574071	1.4872516008596777
0.5203010252177664	1.482122782845497
0.5350959911925229	1.4768457537881303
0.5498374480140732	1.4714210413860849
0.5645239215490172	1.4658491881060816
0.5791539431622413	1.4601307511288044
0.5937260498637772	1.4542663022931857
0.6082387844550954	1.4482564280392225
0.622690695674832	1.4421017293493317
0.6370803383439096	1.4358028216882528
0.6514062735100502	1.4293603349415043
0.6656670685916752	1.4227749133523917
0.679861297521163	1.4160472154575852
0.6939875408874492	1.4091779140212675
0.7080443860779663	1.4021676959678593
0.7220304274199106	1.3950172623133237
0.7359442663208043	1.3877273280950666
0.7497845114083495	1.380298622300436
0.7635497786695722	1.3727318877938206
0.7772386915892185	1.3650278812423646
0.7908498812874014	1.3571873730403046
0.804381986656495	1.349211147231926
0.8178336544972389	1.341100001433163
0.8312035396540589	1.3328547467518366
0.844490305149581	1.3244762077065435
0.8576926223183287	1.3159652221442055
0.8708091709395849	1.307322641156288
0.8838386393694191	1.2985493289936865
0.8967797246718471	1.2896461629803058
0.9096311327491208	1.2806140334253293
0.9223915784711431	1.2714538435341853
0.9350597858039763	1.2621665093182284
0.9476344879374421	1.2527529595031424
0.9601144274118069	1.2432141354360633
0.9724983562435241	1.233550990991448
0.9847850360500275	1.223764492475691
0.9969732381735783	1.213855618530486
1.0090617438041214	1.20382536003497
1.0210493441011648	1.193674720006636
1.0329348403146696	1.1834047135010268
1.0447170439049203	1.1730163675102339
1.0563947766613742	1.1625107208602015
1.0679668708204877	1.1518888241068386
1.0794321691824889	1.141151739430969
1.0907895252270963	1.1303005405321123
1.1020378032281686	1.119336312521117
1.1131758783672796	1.108260151811647
1.1242026368461975	1.0970731660105428
1.1351169759982631	1.085776473807062
1.1459178043986566	1.0743712048610115
1.1566040419735395	1.0628584996897803
1.1671746201080577	1.0512395095542932
1.177628481753207	1.039515396343881
1.187964581531536	1.027687332460093
1.1981818858416782	1.0157565006994635
1.2082793729617176	1.003724094135225
1.2182560331513579	0.9915913159980058
1.2281108687528923	0.9793593795555113
1.2378428942909736	0.9670295079911911
1.247451136571158	0.9546029342819272
1.2569346347772246	0.9420809010747351
1.2662924405672553	0.9294646605625
1.2755236181684706	0.916755474358759
1.2846272444708007	0.9039546133715437
1.293602409119203	0.891063357676284
1.3024482146046927	0.878082996387806
1.311163776354091	0.8650148275314237
1.3197482228184867	0.8518601579131316
1.3282006955603878	0.8386203029889281
1.3365203493395623	0.8252965867332748
1.3447063521975662	0.8118903415066929
1.3527578855409352	0.7984029079225337
1.3606741442230446	0.7848356347129154
1.368454336624623	0.7711898785938535
1.3760976847329145	0.7574670041295871
1.3836034242194761	0.7436683835961294
1.390970804516615	0.7297953968440336
1.3981990888924407	0.7158494311604142
1.4052875545245396	0.7018318811302168
1.4122354925722547	0.6877441484967655
1.4190422082475713	0.6735876420215827
1.425707020884595	0.6593637773435178
1.4322292640076153	0.6450739768371877
1.4386082853977542	0.630719669470735
1.444843447158191	0.6163022906629306
1.4509341257779436	0.6018232821396448
1.4568797121942259	0.5872840917896627
1.4626796118533518	0.5726861735199021
1.4683332447701876	0.5580309871100279
1.4738400455861531	0.5433199980664668
1.4791994636257566	0.5285546774758629
1.484410962951659	0.5137365018579735
1.4894740224182714	0.49886695301801065
1.4943881357238666	0.48394751789846574
1.4991528114612083	0.46897968843042054
1.5037675731666937	0.45396496138434744
1.5082319593679978	0.4389048382204388
1.512545523630221	0.4238008249384609
1.5167078346005316	0.40865443192715534
1.5207184760513013	0.39346717381319996
1.524577046921727	0.37824056930975275
1.5282831613579368	0.36297614106457404
1.5318364487515765	0.34767541550776665
1.5352365537768669	0.33233992269913837
1.5384831364261387	0.31697119617518915
1.5415758720438335	0.3015707727957629
1.544514451358966	0.2861401925903665
1.5472985805160533	0.2706809986041619
1.5499279811045004	0.25519473674366216
1.5524023901864397	0.23968295562214828
1.5547215603230244	0.2241472064048087
1.556885259599174	0.20858904265361736
1.5588932716467636	0.1930100201719829
1.560745395666262	0.1774116968491738
1.5624414464468104	0.16179563250452234
1.5639812543847447	0.14616338873144827
1.5653646655005535	0.13051652874130487
1.5665915414542786	0.11485661720705076
1.5676617595593467	0.09918522010678808
1.5685752127948396	0.08350390456717019
1.5693318098161946	0.06781423870668334
1.56993147496434	0.0521177914788347
1.570374148273261	0.03641613251527091
1.5706597854759952	0.020710831968802287
1.570788358009061	0.005003460356394353
1.5707598530153113	-0.01070441159787829
1.5705742733452226	-0.026411213119911462
1.5702316375566068	-0.0421153735426433
1.5697319799127574	-0.05781532246311552
1.5690753503790222	-0.07350948989952069
1.5682618146178078	-0.08919630644819501
1.567291453982012	-0.10487420344055173
1.5661643655068898	-0.12054161309996068
1.5648806619003495	-0.13619696869851203
1.563440471531682	-0.15183870471368924
1.5618439384187242	-0.16746525698492687
1.5600912222134566	-0.18307506287002134
1.5581824981860397	-0.19866656140138947
1.556117957207285	-0.21423819344217238
1.5538978057295703	-0.22978840184214228
1.551522265766193	-0.24531563159341907
1.5489915748691703	-0.26081832998596416
1.5463059861054824	-0.27629494676285854
1.543465768031768	-0.29174393427532297
1.540471204667468	-0.30716374763747634
1.537322595466423	-0.3225528448808362
1.5340202552869284	-0.3379096871085025
1.5305645143602518	-0.3532327386490471
1.5269557182576052	-0.3685204672100864
1.5231942278555914	-0.3837713440315054
1.5192804193001166	-0.39898384403832826
1.5152146839687746	-0.4141564459932328
1.5109974284317103	-0.42928763264866854
1.5066290744109632	-0.44437589089857654
1.5021100587382952	-0.45941971192970676
1.4974408333115077	-0.4744175913724924
1.492621865049252	-0.48936802945148755
1.4876536358443389	-0.5042695311353428
1.4825366425155482	-0.5191206062863091
1.4772713967579494	-0.5339197698092445
1.4718584250917301	-0.5486655418001306
1.466298268809546	-0.5633564476940579
1.4605914839223926	-0.5779910184126765
1.4547386411040022	-0.5925677905111114
1.4487403256337792	-0.6070853063243014
1.4425971373382729	-0.6215421141127604
1.4363096905311932	-0.6359367682077581
1.4298786139519803	-0.6502678291558819
1.423304550702935	-0.6645338638629756
1.416588158184902	-0.6787334457374606
1.4097301080315368	-0.6928651548329813
1.402731086042139	-0.7069275779904056
1.3955917921130763	-0.7209193089791339
1.3883129401677912	-0.7348389486377285
1.3808952580854128	-0.7486851050138241
1.3733394876279683	-0.7624563935033194
1.365646384366207	-0.7761514369888426
1.3578167176040432	-0.7897688659774589
1.3498512703016299	-0.8033073187376146
1.3417508389970587	-0.8167654414353172
1.33351623372671	-0.8301418882695119
1.325148277944248	-0.843435321606662
1.3166478084382782	-0.8566444121145121
1.3080156752486671	-0.8697678388950199
1.299252741581541	-0.882804289616441
1.290359883722964	-0.8957524606445684
1.2813379909513096	-0.9086110571730903
1.2721879654483397	-0.921378793353067
1.2629107222089777	-0.9340543924215217
1.2535071889498162	-0.9466365868291112
1.2439783060163463	-0.959124118366878
1.2343250262889198	-0.9715157382920756
1.2245483150874654	-0.9838102074530377
1.2146491500749557	-0.9960062964130936
1.2046285211596428	-1.0081027855735107
1.1944874303960666	-1.0200984652954543
1.1842268918848546	-1.0319921360209465
1.1738479316713069	-1.0437826083928272
1.1633515876427942	-1.0554687033736858
1.1527389094249747	-1.06704925236376
1.1420109582768252	-1.0785230973178028
1.1311688069845207	-1.08988909086088
1.1202135397541542	-1.1011460964031101
1.1091462521033215	-1.1122929882533175
1.097968050751564	-1.1233286517316072
1.0866800535097014	-1.134251983280828
1.0752833891680518	-1.1450618905769274
1.063779197383552	-1.1557572926381843
1.0521686285657923	-1.1663371199333061
1.0404528437619813	-1.176800314488378
1.0286330145408353	-1.187145829992665
1.0167103228754257	-1.197372631903238
1.004685961024985	-1.2074796975484274
0.9925611314156776	-1.2174660162300917
0.9803370465203591	-1.227330589324685
0.9680149287373343	-1.2370724303831175
0.9555960102681132	-1.2466905652294011
0.9430815329941907	-1.2561840320580686
0.9304727483528683	-1.2655518815303461
0.9177709172121022	-1.2747931768690937
0.9049773097444203	-1.2839069939524792
0.8920932052999101	-1.2928924214063875
0.8791198922782787	-1.3017485606955619
0.8660586680000156	-1.3104745262134545
0.8529108385766669	-1.3190694453707834
0.8396777187802172	-1.3275324586827961
0.8263606319116173	-1.3358627198552147
0.8129609096684592	-1.344059395868862
0.7994798920117993	-1.3521216670629685
0.7859189270321691	-1.3600487272171329
0.7722793708147662	-1.3678397836319458
0.7585625873038457	-1.3754940572082581
0.7447699481663281	-1.3830107825250908
0.7309028326546324	-1.3903892079161768
0.716962627468756	-1.3976285955451244
0.7029507266175996	-1.4047282214792043
0.6888685312795706	-1.4116873757617394
0.67471744966247	-1.4185053624831003
0.6604988968626658	-1.4251814998502965
0.646214294723588	-1.4317151202551557
0.6318650716935506	-1.43810557034108
0.6174526626828949	-1.4443522110683886
0.602978508920512	-1.4504544177782133
0.5884440578097185	-1.4564115802549675
0.5738507627835127	-1.462223102787369
0.5592000831592344	-1.467888404228007
0.5444934839926401	-1.4734069180514582
0.5297324359313882	-1.4787780924109395
0.5149184150679881	-1.4840013901934899
0.5000529027921757	-1.4890762890736855
0.4851373856427936	-1.4940022815658667
0.4701733551591296	-1.4987788750748878
0.45516230773175687	-1.5034055919453808
0.4401057444529129	-1.5078819695095125
0.42500517096637863	-1.5122075601332572
0.4098620973169148	-1.516381931261158
0.39467803779926985	-1.52040466545958
0.379454510806745	-1.5242753604584551
0.36419303867934777	-1.5279936291915102
0.34889514755157586	-1.5315590998349702
0.3335623671997964	-1.5349714158447407
0.31819623088926197	-1.5382302359920659
0.30279827522080127	-1.5413352343976463
0.2873700399771523	-1.544286100564228
0.27191306796897846	-1.5470825394076546
0.25642890488059983	-1.5497242712863717
0.24091909911542594	-1.5522110320293923
0.22538520164110298	-1.5545425729627151
0.2098287658344363	-1.5567186609341896
0.19425134732604563	-1.5587390783368316
0.1786545038447952	-1.560603623130585
0.16303979506203853	-1.5623121088625243
0.14740878243564448	-1.5638643646854993
0.13176302905384435	-1.565260235375222
0.11610409947894096	-1.5664995813457863
0.10043355959084557	-1.5675822786636278
0.08475297643048266	-1.5685082190599173
0.06906391804310535	-1.5692773099413866
0.053367953321478194	-1.5698894743995884
0.03766665184898924	-1.5703446512185872
0.02196158374270695	-1.5706427948810804
0.0062543194963488626	-1.5707838755729502
-0.009453570176746947	-1.5707678791862445
-0.025160514500700237	-1.5705948073205895
-0.04086494279417328	-1.5702646772830269
-0.05656528462742091	-1.5697775220862855
-0.07225996997934057	-1.569133390445479
-0.08794742939448155	-1.5683323467732349
-0.10362609413997095	-1.5673744711732527
-0.11929439636240116	-1.566259859432294
-0.13495076924460678	-1.5649886230106047
-0.15059364716234794	-1.5635608890307668
-0.16622146584086436	-1.5619768002649892
-0.18183266251131694	-1.5602365151208277
-0.19742567606704506	-1.5583402076253472
-0.21299894721968457	-1.5562880674077166
-0.2285509186551034	-1.5540802996802474
-0.2440800351891138	-1.551717125217873
-0.2595847439230046	-1.5491987803360703
-0.27506349439882305	-1.5465255168672285
-0.2905147387544232	-1.5436976021354665
-0.30593693187823723	-1.540715318929902
-0.32132853156381547	-1.5375789654763692
-0.3366879986640075	-1.5342888554076006
-0.3520137972449055	-1.5308453177318608
-0.3673043947394229	-1.5272486968000483
-0.382558262100555	-1.5234993522712579
-0.3977738739542691	-1.5195976590768203
-0.41294970875206766	-1.5155440073828017
-0.4280842489231173	-1.511338802550993
-0.443175981026005	-1.5069824650983759
-0.4582233959001074	-1.5024754306550616
-0.47322498881646874	-1.4978181499207415
-0.48817925962830133	-1.4930110886196066
-0.5030847129209858	-1.4880547274537819
-0.5179398581616166	-1.482949562055252
-0.532743209848041	-1.4776961029363058
-0.5474932876574372	-1.4722948754384735
-0.5621886165943079	-1.4667464196800064
-0.5768277271380081	-1.461051290501856
-0.5914091553896826	-1.4552100574121942
-0.6059314432186576	-1.4492233045294622
-0.6203931384082517	-1.4430916305239592
-0.6347927948009978	-1.4368156485579762
-0.6491289724432584	-1.4303959862244786
-0.6634002377292086	-1.4238332854843536
-0.6776051635442227	-1.4171282026022016
-0.6917423294075489	-1.4102814080807269
-0.7058103216143845	-1.4032935865936746
-0.7198077333772318	-1.3961654369173702
-0.7337331649665793	-1.3888976718608417
-0.7475852238508722	-1.381491018194538
-0.7613625248357657	-1.3739462165776533
-0.7750636902026449	-1.3662640214840607
-0.7886873498463831	-1.3584452011268724
-0.8022321414123788	-1.3504905373816023
-0.8156967104327553	-1.3424008257080005
-0.8290797104618336	-1.3341768750704914
-0.8423798032107632	-1.3258195078572859
-0.8555956586813549	-1.3173295597981387
-0.8687259552990676	-1.3087078798807859
-0.8817693800451911	-1.2999553302660283
-0.8947246285881109	-1.2910727862015396
-0.9075904054137756	-1.2820611359343197
-0.9203654239552237	-1.2729212806218853
-0.9330484067212407	-1.2636541342421563
-0.9456380854241276	-1.2542606235020415
-0.9581332011064991	-1.2447416877447917
-0.9705325042672016	-1.2350982788560487
-0.9828347549862517	-1.2253313611686654
-0.9950387230488318	-1.2154419113662691
-1.0071431880682986	-1.2054309183856051
-1.0191469396082462	-1.195299383317621
-1.031048777303517	-1.1850483193073869
-1.0428475109802622	-1.1746787514527584
-1.0545419607749458	-1.164191716701881
-1.0661309572523339	-1.1535882637494894
-1.0776133415224365	-1.1428694529320433
-1.0889879653563947	-1.1320363561216924
-1.1002536913013063	-1.1210900566190876
-1.111409392793959	-1.1100316490450632
-1.1224539542735075	-1.098862239231154
-1.133386271293002	-1.087582944109039
-1.1442052506298526	-1.0761948915988293
-1.1549098103951412	-1.0646992204962855
-1.165498880141814	-1.0530970803589368
-1.1759714009717146	-1.0413896313911342
-1.1863263256414947	-1.02957804432801
-1.1965626186673106	-1.0176635003184342
-1.2066792564283904	-1.0056471908068785
-1.2166752272693935	-0.9935303174142744
-1.2265495316015607	-0.9813140918178703
-1.2363011820026888	-0.9689997356300434
-1.2459292033158642	-0.9565884802761505
-1.2554326327469807	-0.9440815668713822
-1.2648105199610093	-0.9314802460966634
-1.2740619271770506	-0.9187857780735612
-1.283185929262087	-0.9059994322383061
-1.2921816138235156	-0.8931224872148243
-1.3010480813003762	-0.8801562306868874
-1.3097844450533096	-0.867101959269343
-1.3183898314532214	-0.8539609783784538
-1.3268633799686422	-0.8407346021013589
-1.3352042432517834	-0.8274241530646611
-1.3434115872232633	-0.8140309623021795
-1.3514845911555293	-0.8005563691218198
-1.359422447754912	-0.7870017209716783
-1.367224363242367	-0.7733683733052723
-1.374889557432848	-0.7596576894460073
-1.3824172638133245	-0.7458710404508412
-1.3898067296194276	-0.732009804973192
-1.3970572159107384	-0.7180753691250492
-1.4041679976446702	-0.7040691263383856
-1.4111383637489705	-0.6899924772258154
-1.4179676171928435	-0.6758468294405094
-1.4246550750566318	-0.6616335975354658
-1.4312000686001227	-0.647354202822028
-1.4376019433294167	-0.6330100732277681
-1.4438600590623762	-0.6186026431536895
-1.4499737899926401	-0.6041333533308012
-1.4559425247522144	-0.5896036506760173
-1.4617656664725938	-0.5750149881475033
-1.4674426328444599	-0.560368824599352
-1.4729728561759061	-0.5456666246357132
-1.4783557834492076	-0.5309098584643342
-1.4835908763761247	-0.516100001749527
-1.488677611451725	-0.5012385354646293
-1.4936154800067405	-0.4863269457438824
-1.498403988258431	-0.47136672373383237
-1.5030426573599622	-0.4563593654442105
-1.5075310234482873	-0.4413063715983478
-1.5118686376905406	-0.42620924748307404
-1.5160550663289105	-0.41106950279822774
-1.5200898907240226	-0.39588865150565844
-1.5239727073967995	-0.3806682116778447
-1.5277031280688105	-0.3654097053460829
-1.531280779701095	-0.350114658348299
-1.5347053045314731	-0.3347846001764388
-1.5379763601103154	-0.3194210638235445
-1.5410936193347882	-0.3040255856304566
-1.544056770481569	-0.28859970513215405
-1.546865517238011	-0.2731449649038399
-1.5495195787317795	-0.25766291040665545
-1.5520186895589367	-0.24215508983314865
-1.554362599810483	-0.22662305395245108
-1.5565510750973455	-0.2110683559552157
-1.5585838965738203	-0.19549255129826895
-1.5604608609594532	-0.17989719754910508
-1.5621817805593696	-0.1642838542301001
-1.563746483283044	-0.1486540826625749
-1.565154812661508	-0.1330094458106614
-1.5664066278629971	-0.11735150812500769
-1.5675018037070343	-0.10168183538633409
-1.5684402306769483	-0.08600199454885364
-1.5692218149308232	-0.07031355358359197
-1.569846478310886	-0.0546180813215608
-1.5703141583513185	-0.03891714729691516
-1.5706248082845067	-0.02321232158997069
-1.570778397045716	-0.00750517467021076
-1.5707749092761984	0.008202722760761902
-1.570614345324728	0.023909799926294068
-1.570296721247566	0.039614486131758365
-1.5698220688068556	0.055315210921624246
-1.569190435467445	0.07101040423648824
-1.5684018843921421	0.08669849657010929
-1.567456494435397	0.10237791912631906
-1.5663543601354182	0.11804710397593084
-1.5650955917047167	0.1337044842135173
-1.563680315019086	0.14934849411410522
-1.562108671605017	0.1649775692897328
-1.5603808186255397	0.18059014684591787
-1.558496928864513	0.1961846655379068
-1.5564571907093434	0.2117595659268259
-1.5542618081321458	0.22731329053562352
-1.5519110006693486	0.24284428400479197
-1.54940500339974	0.2583509932479295
-1.5467440669209576	0.273831867607034
-1.5439284573244316	0.28928535900757296
-1.540958456168777	0.304709922113276
-1.5378343604516322	0.32010401448069736
-1.5345564825799674	0.3354660967134203
-1.531125150338837	0.3507946326160261
-1.5275407068586067	0.36608808934769815
-1.5238035105806358	0.3813449375755106
-1.5199139352214401	0.39656365162734636
-1.5158723697353125	0.41174270964449083
-1.5116792182754342	0.42688059373378856
-1.5073349001534566	0.44197579011944554
-1.5028398497975712	0.45702678929440516
-1.4981945167090702	0.4720320861712845
-1.4933993654173878	0.4869901802329107
-1.48845487543366	0.5018995756823348
-1.4833615412027634	0.5167587815924389
-1.478119872053877	0.5315663120550146
-1.4727303921495472	0.5463206863293579
-1.4671936404332753	0.5610204289903288
-1.4615101705756153	0.5756640700759212
-1.45568055091882	0.590250145234222
-1.4497053644199969	0.6047771958698703
-1.4435852085928136	0.6192437692899161
-1.4373206954477555	0.633648418849065
-1.430912451430916	0.6479897040943676
-1.4243611173613564	0.6622661909092503
-1.4176673483670232	0.6764764516569315
-1.410831813819241	0.6906190653231703
-1.4038551972657642	0.7046926176583957
-1.396738196362437	0.7186957013190948
-1.3894815228034185	0.732626916008573
-1.382085902250017	0.7464848686169708
-1.3745520742581248	0.7602681733605755
-1.3668807922042632	0.7739754519203988
-1.3590728232102445	0.7876053335800075
-1.3511289480664603	0.8011564553625963
-1.3430499611538096	0.814627462167272
-1.334836670364245	0.8280170069045898
-1.3264898970200056	0.8413237506312267
-1.3180104757914688	0.8545463626839012
-1.3093992546136912	0.867683520812427
-1.3006570946016132	0.8807339113119409
-1.2917848699639554	0.8936962291542616
-1.2827834679157835	0.9065691781184134
-1.273653788589801	0.9193514709202275
-1.2643967449463374	0.9320418293410688
-1.2550132626820363	0.9446389843556794
-1.2455042801373095	0.9571416762590487
-1.2358707482024858	0.9695486547924075
-1.226113630222731	0.9818586792682417
-1.2162339019017099	0.9940705186943639
-1.2062325512040268	1.0061829518970018
-1.1961105782564105	1.0181947676429373
-1.1858689952477255	1.0301047647605992
-1.175508826327737	1.0419117522602026
-1.1650311075047028	1.053614549452837
-1.1544368865417745	1.0652119860685354
-1.1437272228522193	1.0767029023733006
-1.1329031873934818	1.0880861492850777
-1.1219658625600861	1.0993605884886641
-1.1109163420754062	1.1105250925495282
-1.0997557308822756	1.1215785450265758
-1.088485145032519	1.1325198405837644
-1.077105711575327	1.1433478851006582
-1.0656185684445625	1.1540615957818285
-1.054024864344964	1.1646599012651375
-1.0423257586372863	1.1751417417288628
-1.0305224212223425	1.1855060689977002
-1.0186160324240445	1.1957518466475547
-1.0066077828713502	1.2058780501091992
-0.9944988733792012	1.2158836667707313
-0.9822905148284652	1.225767696078816
-0.9699839280448145	1.2355291496387657
-0.9575803436766789	1.2451670513133541
-0.9450810020721565	1.254680437320447
-0.9324871531549916	1.2640683563293713
-0.9198000562995793	1.273329869556051
-0.907020980205039	1.282464050856877
-0.8941512027683218	1.2914699868213364
-0.8811920109564536	1.3003467768633339
-0.868144700677814	1.3090935333112634
-0.8550105766525583	1.3177093814967697
-0.8417909522821435	1.3261934598422138
-0.8284871495179907	1.334544919946831
-0.8151004987292898	1.3427629266715708
-0.8016323385699617	1.3508466582226102
-0.7880840158448063	1.3587953062335263
-0.774456885374796	1.3666080758461474
-0.7607523098616291	1.374284185790019
-0.7469716597514343	1.3818228684605443
-0.7331163130977386	1.389223369995739
-0.7191876554236615	1.3964849503516163
-0.7051870795833629	1.403606883376192
-0.69111598562276	1.4105884568820988
-0.6769757806395202	1.4174289727178049
-0.6627678786423663	1.4241277468374238
-0.6484937004096478	1.4306841093691303
-0.6341546733473005	1.4370974046821317
-0.6197522313460789	1.4433669914522418
-0.605287814638181	1.4494922427260086
-0.5907628696532218	1.4554725459834101
-0.576178848873603	1.4613073031991008
-0.5615372106892392	1.466995930902226
-0.5468394192517553	1.472537860234752
-0.5320869443280467	1.477932537008365
-0.5172812611533044	1.4831794217598848
-0.5024238502835157	1.4882779898052068
-0.4875161974473837	1.4932277312917754
-0.4725597933977691	1.4980281512495677
-0.4575561337626107	1.502678769640588
-0.44250671889537674	1.5071791214068708
-0.4274130537250024	1.5115287565169933
-0.41227664760543453	1.515727240011066
-0.39709901416466886	1.5197741520442398
-0.38188167115340144	1.5236690879286832
-0.36662614029324964	1.5274116581740542
-0.3513339471245947	1.5310014885264454
-0.33600662085400196	1.534438220005815
-0.32064569420132566	1.537721508941879
-0.3052527032464385	1.5408510270084779
-0.28982918727559764	1.5438264612564152
-0.2743766886275555	1.5466475141447442
-0.25889675253929706	1.5493139035705275
-0.24339092699153128	1.551825362897044
-0.22786076255388868	1.554181640980455
-0.21230781222987954	1.556382502194914
-0.1967336313015645	1.5584277264561355
-0.18113977717406618	1.5603171092433965
-0.16552780921979976	1.562050461619993
-0.14989928862255078	1.5636276102521318
-0.13425577822135518	1.5650483974262643
-0.11859884235421689	1.5663126810648567
-0.10293004670167523	1.5674203347405988
-0.08725095813023814	1.5683712476890461
-0.07156314453569693	1.5691653248196962
-0.055868174686335106	1.5698024867254978
-0.04016761806606688	1.5702826696907912
-0.024463044717459387	1.5706058256976798
-0.00875602508476873	1.5707719224308327
0.006951870143133738	1.570780943280715
0.0226590701898151	1.5706328873452486
0.03836400434835997	1.5703277694299043
0.05406510213843991	1.569865620046219
0.06976079346336012	1.569246485408746
0.08544950876707055	1.568470427430433
0.10112967919110641	1.567537523716432
0.11679973673150318	1.5664478675563356
0.13245811439555677	1.5652015679148525
0.14810324635855224	1.5637987494209085
0.16373356812033082	1.5622395523551835
0.1793475166617443	1.5605241326360848
0.19494353060094183	1.5586526618041554
0.21052005034953444	1.5566253270049182
0.22607551826852768	1.5544423309701636
0.24160837882408412	1.5521038919976773
0.25711707874310336	1.5496102439294057
0.27260006716850904	1.5469616361280791
0.28805579581436386	1.5441583334522704
0.3034827191206829	1.5412006162299106
0.31887929440799406	1.5380887802302567
0.33424398203159084	1.5348231366343175
0.34957524553552555	1.5314040120037287
0.3648715518062158	1.5278317482481059
0.380131371225784	1.524106702590847
0.39535317782500473	1.5202292475334138
0.41053544943590287	1.5161997708180808
0.42567666784396907	1.5120186753891616
0.44077531893998034	1.5076863793527149
0.45582989287141173	1.503203315934733
0.47083888419340764	1.4985699334378246
0.485800792019354	1.493786695196375
0.5007141201709284	1.4888540795302245
0.5155773773277461	1.4837725796968289
0.5303890771764774	1.4785427038419363
0.5451477385594832	1.4731649749487736
0.559851885622916	1.4676399307857513
0.5745000479643334	1.4619681238526776
0.5890907607797001	1.4561501213255224
0.6036225650098936	1.45018650499969
0.6180940074866086	1.4440778712318405
0.6325036410776489	1.4378248308802628
0.646850024831666	1.4314280092437806
0.6611317241222399	1.4248880459992266
0.6753473107913452	1.4182055951374741
0.689495363292154	1.4113813248980447
0.7035744668312162	1.4044159177022701
0.7175832135099027	1.3973100700850691
0.7315202024652224	1.390064492625281
0.7453840400098937	1.3826799098746134
0.7591733397717153	1.3751570602851877
0.772886722832202	1.367496696135694
0.7865228178644758	1.3596995834561634
0.8000802612703989	1.3517665019513652
0.8135576973169214	1.3436982449228427
0.8269537782716796	1.3354956191895702
0.840267164537734	1.3271594450072894
0.853496524787555	1.3186905559864701
0.8666405360961421	1.3100897990089577
0.8796978840733174	1.301358034143282
0.8926672629951646	1.2924961345586536
0.9055473759345992	1.2835049864376458
0.9183369348910606	1.2743854888875779
0.9310346609193113	1.265138553850606
0.9436392842573318	1.255765106012526
0.9561495444532855	1.2462660827103151
0.968564190491587	1.2366424338383817
0.9808819809179714	1.226895121753598
0.9931016839636627	1.2170251211790482
1.0052220776685397	1.2070334191065646
1.0172419500033345	1.1969210146980265
1.0291600989908232	1.186688919185453
1.0409753328260476	1.1763381557698613
1.052686469995464	1.1658697595189733
1.0642923393951145	1.15528477726369
1.075791780447737	1.1445842674934108
1.0871836432188027	1.1337693002502012
1.09846678853153	1.122840957021771
1.10964008808079	1.1118003306333362
1.120702424545941	1.1006485251383336
1.1316526917025491	1.089386655708025
1.1424897945330315	1.078015848519961
1.15321264933613	1.0665372406453903
1.1638201838353028	1.0549519799355334
1.1743113372859386	1.0432612249068063
1.1846850605814372	1.0314661446249682
1.1949403163581085	1.0195679185882238
1.205076079098926	1.0075677366092557
1.215091335236062	0.9954667986962615
1.2249850832522435	0.983266314932955
1.234756333780921	0.9709675053575366
1.2444041097051788	0.9585715998407216
1.2539274462554661	0.9460798379627294
1.263325391106064	0.9334934688893384
1.2725970044703203	0.9208137512469646
1.2817413591946205	0.9080419529968129
1.2907575408511187	0.8951793513080561
1.2996446478291577	0.8822272324301513
1.3084017914254475	0.8691868915641902
1.317028095932926	0.8560596327333927
1.3255226987283308	0.8428467686527025
1.3338847503584614	0.8295496205975169
1.3421134146251232	0.8161695182715608
1.350207868668748	0.802707799673914
1.3581673030506725	0.7891658109652256
1.365990921834097	0.7755449063330719
1.3736779426636587	0.7618464478565725
1.381227596843682	0.7480718053701574
1.38863912941504	0.7342223563265964
1.3959117992306518	0.7202994856592526
1.4030448790295966	0.7063045856435906
1.4100376555098386	0.6922390557579493
1.4168894293995582	0.6781043025435936
1.4235995155270729	0.6639017394640737
1.4301672428893661	0.6496327867638518
1.4365919547191714	0.6352988713263151
1.4428730085506605	0.6209014265310596
1.4490097762836849	0.6064418921105672
1.455001644246586	0.5919217140062278
1.4608480132575576	0.5773423442237593
1.466548298684575	0.5627052406879802
1.4721019305038414	0.5480118670970571
1.4775083533568059	0.5332636927760966
1.4827670266056887	0.5184621925302408
1.487877424387544	0.5036088464971878
1.492839035666856	0.48870513999915227
1.497651364286629	0.4737525633943725
1.5023139290180116	0.45875261192804573
1.5068262636084169	0.44370678558281873
1.5111879168281463	0.4286165889287852
1.5153984525155104	0.41348353097304336
1.5194574496204525	0.3983091250087675
1.523364502246642	0.3830948884639164
1.5271192196920729	0.36784234274946376
1.5307212264881298	0.35255301310727033
1.5341701624371347	0.3372284284575594
1.5374656826483666	0.3218701212460255
1.5406074575725512	0.3064796272905912
1.5435951730348139	0.29105848562782394
1.5464285302660974	0.27560823835904724
1.5491072459330413	0.260130430496102
1.55163105216631	0.24462660980688453
1.5539996965873832	0.22909832666054114
1.5562129423337934	0.21354713387244637
1.5582705680828104	0.19797458654891692
1.5601723680735728	0.1823822419317164
1.561918152127668	0.16677165924230186
1.563507745668144	0.1511443995259418
1.564940989736972	0.13550202549558513
1.5662177410109397	0.11984610137559136
1.5673378718159832	0.10417819274533421
1.5683012701399557	0.08849986638261742
1.5691078396438274	0.072812690107012
1.5697574996713208	0.05711823262307013
1.5702501852569732	0.041418063363469884
1.570585847132638	0.025713752332042664
1.5707644517324062	0.010006869946813081
1.5707859811959675	-0.005701013117072151
1.570650433370393	-0.021408326084396502
1.5703578218103527	-0.03711349823695263
1.5699081757767581	-0.05281495907061288
1.5693015402338388	-0.06851113845237838
1.5685379758446425	-0.08420046677739386
1.5676175589649728	-0.09988137512589283
1.56654038163575	-0.11555229542011901
1.5653065515738094	-0.13121166058109365
1.5639161921611298	-0.14685790468535284
1.5623694424324928	-0.16248946312152468
1.5606664570615825	-0.1781047727467946
1.5588074063455177	-0.19370227204320442
1.5567924761878198	-0.20928040127383074
1.5546218680798258	-0.22483760263873218
1.5522957990805384	-0.24037232043072826
1.5498145017949174	-0.25588300119099644
1.5471782243506254	-0.27136809386437777
1.544387230373209	-0.28682604995451205
1.5414417989597404	-0.30225532367867186
1.538342224650906	-0.31765437212234504
1.5350888174015551	-0.33302165539351164
1.5316819025496993	-0.3483556367766615
1.5281218207839864	-0.36365478288642633
1.5244089281096256	-0.37891756382094716
1.5205435958127906	-0.3941424533148495
1.5165262104234905	-0.40932792889186864
1.5123571736769141	-0.42447247201710936
1.5080369024732643	-0.4395745682488716
1.5035658288360603	-0.45463270739011985
1.49894439986894	-0.4696453836394885
1.4941730777109483	-0.48461109574186567
1.4892523394903272	-0.4995283471385045
1.484182677276795	-0.5143956461167071
1.4789645980323505	-0.529211505958957
1.4735986235605694	-0.5439744450916192
1.4680852904544268	-0.5586829872330826
1.4624251500426382	-0.5733356615413929
1.4566187683345309	-0.5879310027613222
1.450666725963434	-0.6024675513709187
1.4445696181286247	-0.6169438537274352
1.4383280545358086	-0.6313584622126921
1.4319426593361395	-0.6457099353778631
1.4254140710638195	-0.6599968380875836
1.4187429425722342	-0.6742177416634908
1.4119299409686734	-0.6883712240270781
1.404975747547619	-0.7024558698419058
1.3978810577226215	-0.7164702706551224
1.3906465809567463	-0.7304130250383348
1.383273040691645	-0.7442827387277166
1.375761174275198	-0.758078024763459
1.3681117328877876	-0.7717975036284547
1.3603254814671777	-0.7854398033862501
1.3524031986320217	-0.7990035598182378
1.3443456766040014	-0.8124874165600777
1.3361537211286036	-0.8258900252373346
1.3278281513945536	-0.8392100456003024
1.3193697999518812	-0.8524461456580542
1.3107795126286859	-0.8655970018116075
1.3020581484465406	-0.878661298986308
1.2932065795345953	-0.891637730763325
1.2842256910423653	-0.9045249995102947
1.2751163810512156	-0.9173218165110819
1.265879560484554	-0.9300269020946501
1.2565161530167386	-0.942638985763031
1.247027094980718	-0.9551568063183608
1.237413335274382	-0.9675791119890248
1.2276758352656942	-0.9799046605548007
1.21781556869654	-0.9921322194711057
1.2078335215853588	-1.004260565992238
1.197730692128542	-1.0162884872936537
1.1875080906006215	-1.0282147805932402
1.1771667392532241	-1.0400382532716146
1.1667076722128722	-1.0517577229913553
1.156131935377554	-1.0633720178152568
1.1454405863121346	-1.0748799763235208
1.1346346941426164	-1.086280447729881
1.1237153394492094	-1.097572291996699
1.112683614158284	-1.1087543799489579
1.1015406214331742	-1.1198255933871828
1.0902874755638725	-1.1307848251992498
1.07892530185558	-1.1416309794711181
1.0674552365162056	-1.152362971596394
1.0558784265427226	-1.162979728384809
1.0441960296064812	-1.173480188169532
1.0324092139374372	-1.183863300913337
1.020519158207342	-1.1941280283135964
1.0085270514118538	-1.2042733439061295
0.9964340927516608	-1.21429823316783
0.9842414915125516	-1.2242016936181255
0.9719504669444875	-1.2339827349192256
0.9595622481396894	-1.243640378975146
0.9470780739097054	-1.2531736600295356
0.9344991926615618	-1.2625816247622286
0.9218268622728987	-1.271863332384593
0.9090623499661948	-1.2810178547336017
0.8962069321820415	-1.2900442763646498
0.8832618944515112	-1.2989416946430918
0.87022853126758	-1.3077092198345202
0.8571081459557128	-1.3163459751937179
0.8439020505435065	-1.324851097052346
0.8306115656294906	-1.3332237349053107
0.8172380202510882	-1.3414630514957993
0.8037827517516899	-1.3495682228990207
0.7902471056469333	-1.3575384386045886
0.7766324354901467	-1.3653729015975755
0.7629401027370074	-1.373070828438207
0.7491714766093708	-1.3806314493402192
0.7353279339583831	-1.3880540082478185
0.7214108591267709	-1.3953377629113008
0.7074216438104198	-1.4024819849612697
0.6933616869192036	-1.4094859599814733
0.6792323944370952	-1.4163489875802466
0.665035179281568	-1.423070381460549
0.6507714611623043	-1.4296494694885942
0.6364426664392372	-1.436085593761059
0.6220502279798882	-1.442378110670884
0.6075955850161171	-1.4485263909716184
0.5930801830001725	-1.454529819840357
0.5785054734601597	-1.4603877969392156
0.5638729138548846	-1.4660997364753672
0.5491839674281216	-1.471665067259615
0.5344401030622652	-1.4770832327635213
0.5196427951314649	-1.4823536911750508
0.5047935233541913	-1.4874759154527515
0.48989377264523665	-1.4924493933784677
0.4749450329672636	-1.4972736276085492
0.45994879918178	-1.5019481357235935
0.4449065708996677	-1.5064724502766849
0.42981985233121695	-1.5108461188401385
0.41469015213572047	-1.5150687040507413
0.399518983270579	-1.5191397836534932
0.38430786284004453	-1.5230589505438248
0.3690583119434816	-1.5268258128083134
0.35377185552327184	-1.5304399937638722
0.3384500222123186	-1.5339011319954166
0.323094344181185	-1.5372088813920082
0.3077063569848776	-1.540362911181464
0.2922875994092901	-1.5433629059634335
0.2768396133173393	-1.546208565740937
0.26136394349475023	-1.5488996059503704
0.24586213749561697	-1.5514357574899533
0.2303357454876186	-1.5538167667466465
0.21478632009701729	-1.556042395621508
0.19921541625339148	-1.558112421553505
0.18362459103415818	-1.560026637541769
0.1680154035088359	-1.5617848521662971
0.15238941458317787	-1.5633868896070913
0.13674818684305506	-1.5648325896617428
0.12109328439819886	-1.5661218077614514
0.10542627272581911	-1.5672544149854806
0.08974871851401614	-1.5682302980740523
0.07406218950515493	-1.569049359439671
0.05836825433906147	-1.5697115171768823
0.04266848239617416	-1.5702167050704647
0.02696444364060139	-1.5705648726020496
0.011257708463140434	-1.5707559849551738
-0.004450152475791023	-1.5707900230187617
-0.02015756840318056	-1.5706669833890348
-0.0358629685905277	-1.5703868783698538
-0.051564782510901484	-1.5699497359714873
-0.0672614399959947	-1.5693555999078108
-0.08295137139313931	-1.5686045295919353
-0.09863300772227053	-1.5676966001302668
-0.11430478083282622	-1.5666319023149946
-0.1299651235605467	-1.5654105426150136
-0.1456124698842206	-1.5640326431652751
-0.16124525508224663	-1.5624983417545764
-0.17686191588913505	-1.5608077918117798
-0.19246089065181898	-1.558961162390471
-0.20804061948582125	-1.5569586381520528
-0.22359954443124158	-1.5548004193472809
-0.2391361096085511	-1.552486721796237
-0.25464876137418196	-1.5500177768667476
-0.27013594847587646	-1.5473938314512494
-0.2855961222078414	-1.544615147942096
-0.30102773656557885	-1.5416820042053236
-0.3164292484005153	-1.5385946935528616
-0.3317991175743019	-1.5353535247132024
-0.3471358071128321	-1.531958821800528
-0.3624377833599245	-1.5284109242823032
-0.3777035161307168	-1.5247101869453201
-0.39293147886464513	-1.5208569798602307
-0.4081201487781262	-1.5168516883445329
-0.4232680070168338	-1.5126947129240378
-0.4383735388075592	-1.5083864692928257
-0.45343523360971383	-1.503927388271669
-0.468451585266369	-1.4993179157649539
-0.48342109215487516	-1.4945585127160887
-0.49834225733701015	-1.489649655061415
-0.5132135887087006	-1.4845918336826038
-0.528033599149194	-1.4793855543575811
-0.5428008066697991	-1.4740313377099399
-0.5575137345620697	-1.468529719156883
-0.5721709115454798	-1.46288124885568
-0.5867708719145378	-1.4570864916486572
-0.6013121556853811	-1.4511460270067034
-0.6157933087417501	-1.445060448971332
-0.6302128829803992	-1.4388303660952784
-0.6445694364559311	-1.4324564013816348
-0.6588615335249541	-1.4259391922215636
-0.6730877449896742	-1.419279390330549
-0.6872466482407998	-1.4124776616832302
-0.7013368273998076	-1.4055346864468028
-0.7153568734605158	-1.398451158913008
-0.7293053844300116	-1.3912277874286916
-0.7431809654688144	-1.383865294324986
-0.7569822290303857	-1.3763644158450654
-0.7707077949998704	-1.3687259020705267
-0.7843562908321094	-1.3609505168463822
-0.7979263516888934	-1.3530390377046746
-0.8114166205754448	-1.3449922557867253
-0.8248257484761171	-1.3368109757640205
-0.8381523944892941	-1.3284960157577448
-0.8513952259614825	-1.3200482072569681
-0.864552918620564	-1.311468395035505
-0.8776241567082463	-1.3027574370674224
-0.8906076331116064	-1.293916204441262
-0.903502049493826	-1.2849455812729174
-0.916306116424012	-1.2758464646172298
-0.9290185535061415	-1.2666197643782824
-0.9416380895071	-1.2572664032184102
-0.9541634624838036	-1.2477873164659345
-0.9665934199093946	-1.2381834520216302
-0.978926718798482	-1.228455770263943
-0.9911621258314635	-1.2186052439529356
-1.0032984174778254	-1.2086328581330357
-1.0153343801185188	-1.1985396100345131
-1.0272688101673093	-1.188326508973767
-1.0391005141911398	-1.1779945762523902
-1.0508283090294612	-1.1675448450550507
-1.0624510219125691	-1.1569783603461548
-1.0739674905788608	-1.1462961787653678
-1.0853765633910604	-1.1354993685219517
-1.0966770994514023	-1.1245890092879258
-1.1078679687156916	-1.1135661920901276
-1.1189480521063295	-1.1024320192010888
-1.1299162416242106	-1.0911876040288204
-1.1407714404595248	-1.0798340710054672
-1.151512563101429	-1.0683725554748762
-1.1621385354466172	-1.0568042035790408
-1.1726482949067047	-1.0451301721435171
-1.183040790514505	-1.033351628561718
-1.1933149830291179	-1.021469750678186
