3.1315926535897933	0.0
3.1315426544231224	-0.0010024831661273183
3.1313921569565677	-0.0020149906525617936
3.13113965629261	-0.0030476469865855682
3.1307826275592507	-0.004110778108319434
3.1303175006709463	-0.005215014584065434
3.1297396246424376	-0.00637139785519322
3.1290432210999075	-0.007591490580022608
3.128221326526433	-0.008887492165661672
3.1272657226667753	-0.010272360636652393
3.1261668543991026	-0.011759942047871409
3.124913734257201	-0.013365108720786717
3.1234938326549453	-0.01510390766525613
3.1218929527241497	-0.016993720643934496
3.1200950885261585	-0.01905343744335211
3.1180822652354796	-0.02130364403505335
3.115834359719148	-0.023766827441883187
3.1133288997471027	-0.026467599268342197
3.1105408398654792	-0.029432940009238347
3.1074423117452548	-0.03269246641636964
3.104002346582205	-0.036278724376515234
3.1001865668699518	-0.04022750993218765
3.0959568445957677	-0.04457822125425567
3.091270922619101	-0.04937424454512995
3.086081995686742	-0.05466337700183794
3.0803382472187333	-0.06049829008459678
3.0739823376698223	-0.06693703639684208
3.0669508399393646	-0.07404360345713365
3.0591736169783954	-0.08188851749066524
3.0505731364412316	-0.09054950003174025
3.0410637169720474	-0.10011217953157668
3.030550700534916	-0.11067085920387112
3.018929545131273	-0.12232934087300554
3.006084832360315	-0.13520180242777088
2.9918891846457187	-0.1494137233747598
2.9762020876853628	-0.16510284859506538
2.958868614926706	-0.1824201742933227
2.9397180528266986	-0.20153093171002848
2.9185624285847003	-0.22261553269440462
2.8951949462878175	-0.2458704257409692
2.869388343436506	-0.2715087903590702
2.8408931882160036	-0.2997609701604991
2.8094361494044064	-0.33087450899619625
2.774718286416764	-0.36511360774336676
2.736413427855733	-0.4027577596524809
2.694166734486268	-0.44409924729313854
2.6475935783971054	-0.4894390924391945
2.596278915998429	-0.5390809415148806
2.539777390094129	-0.5933222462373069
2.4776144667509676	-0.6524419698718086
2.4092889961197677	-0.7166839308410085
2.3342776805827663	-0.7862348175632652
2.2520420326071147	-0.8611959209823572
2.1620384963862946	-0.9415478093816413
2.0637324707307863	-1.0271076181541243
1.9566169727554696	-1.1174794757300914
1.8402365755847678	-1.2119999741378944
1.7142169779278906	-1.3096826203512433
1.5783000515145191	-1.4091678564932038
1.43238340662925	-1.508688259607396
1.27656239959304	-1.6060612998336854
1.111171146662513	-1.6987234710627273
0.9368177053804946	-1.783818269582567
0.7544074927459996	-1.8583449784559556
0.5651487096893035	-1.9193649009969027
0.37053451254661907	-1.9642476574742238
0.17229917819445872	-1.9909257402670038
-0.027650635506781717	-1.9981157814012036
-0.22732397808578203	-1.9854648679024471
-0.42474360908727116	-1.953591950707817
-0.6180423682273454	-1.9040155527071168
-0.8055467196286945	-1.8389830403750764
-0.9858389763023607	-1.761235784928639
-1.1577938766144225	-1.6737530088115504
-1.320589578064671	-1.5795139519750605
-1.4736966670094347	-1.4813064129089464
-1.6168508606464604	-1.3815949525007798
-1.7500156575095909	-1.2824488108381034
-1.8733406228140812	-1.185520577700138
-1.9871197730496184	-1.0920624064038968
-2.0917531040948605	-1.0029661415072817
-2.187713001351075	-0.9188156672825237
-2.2755162375513653	-0.8399427105433763
-2.35570154345975	-0.7664802960219682
-2.428812296755759	-0.6984105446866682
-2.4953836523970834	-0.6356053508397959
-2.5559333669237176	-0.5778596993892047
-2.6109555922749244	-0.5249181085325717
-2.660916988630232	-0.4764950444791745
-2.7062546011707593	-0.4322902780606163
-2.7473750442423555	-0.39200013435494624
-2.7846546280417486	-0.35532549328472984
-2.8184401428993016	-0.3219772752089357
-2.8490500830835357	-0.2916800168021778
-2.876776146259737	-0.26417402294493325
-2.9018848876725225	-0.23921647621689898
-2.924619441503117	-0.21658179863903326
-2.945201247400329	-0.19606148983439767
-2.9638317394699962	-0.17746360989852383
-2.9806939693800336	-0.16061203171384916
-2.995954145812766	-0.14534555395583967
-3.0097630801712016	-0.13151694058802532
-3.022257533930371	-0.11899193349503172
-3.033561466870208	-0.10764827062972078
-3.0437871880563154	-0.09737473150774298
-3.0530364131717564	-0.08807022416827208
-3.0614012328899696	-0.07964292213292695
-3.068964997598342	-0.07200945589767138
-3.075803124069504	-0.0650941606748997
-3.0819838297333217	-0.058828380154982866
-3.0875688001005006	-0.05314982474528181
-3.092613794682378	-0.04800198189585472
-3.0971691964796717	-0.04333357560521548
-3.1012805098034213	-0.03909807192059542
-3.1049888108637904	-0.0352532271345169
-3.1083311552303243	-0.0317606753812616
-3.1113409459400425	-0.02858555241521061
-3.1140482657133663	-0.025696152480666718
-3.1164801764361756	-0.023063615339959976
-3.1186609887813583	-0.0206616406993777
-3.1206125045760515	-0.018466227450898903
-3.1223542342715382	-0.016455435325038438
-3.123903591641059	-0.014609166721709076
-3.12527606761588	-0.012908966648870248
-3.126485384970833	-0.011337838850966711
-3.1275436353860733	-0.009880076349685834
-3.12846140024077	-0.008521104747852273
-3.1292478563356436	-0.0072473367631852486
-3.129910867593407	-0.006046036562264727
-3.1304570636480964	-0.004905192556640492
-3.130891906104735	-0.0038133974029070216
-3.1312197431286775	-0.0027597340171283107
-3.1314438529081605	-0.0017336664716010794
-3.131566476422998	-0.0007249346889382107
-3.131588839845948	0.0002765481148587362
-3.131511166800026	0.0012807962600383225
-3.1313326805939403	0.0022978517103865222
-3.1310515964579486	0.003337884456082474
-3.1306651037027238	0.004411294172720153
-3.1301693376234043	0.005528814169485042
-3.1295593408688265	0.00670161866167136
-3.1288290138910697	0.007941434434885585
-3.1279710539818493	0.009260658010629341
-3.126976882288944	0.010672479475770923
-3.125836558086695	0.012191014202028642
-3.124538679448538	0.013831443756363299
-3.123070269335422	0.01561016738948601
-3.121416645970641	0.01754496558788718
-3.119561276217845	0.019655177285178987
-3.1174856105136053	0.0219618924512941
-3.115168897727586	0.024488161913173323
-3.1125879781309704	0.02725922640766637
-3.1097170524460527	0.0303027670256546
-3.106527424725839	0.033649179374392664
-3.102987216571174	0.037331873960293464
-3.0990610499337805	0.04138760547301596
-3.094709695476571	0.04585683382801908
-3.089889683168177	0.05078411999034678
-3.0845528714785018	0.05621855974532149
-3.078645971219113	0.06221425868511917
-3.072110019741478	0.0688308517202346
-3.064879800875066	0.0761340703688696
-3.056883205667704	0.08419636088024841
-3.0480405286990164	0.09309755584820543
-3.038263694498063	0.10292560128535266
-3.027455408441946	0.11377734004237818
-3.0155082264895876	0.1257593508188746
-3.002303538278171	0.13898883961687003
-2.9877104585662133	0.15359457706293658
-2.9715846228655836	0.1697178702073483
-2.9537668845247436	0.18751355072230694
-2.9340819127211217	0.20715095224241073
-2.912336694076261	0.22881483711260958
-2.8883189452986	0.25270621600080195
-2.8617954508761008	0.2790429813973783
-2.832510349019124	0.3080602463671166
-2.8001834016026774	0.34001024113624967
-2.7645083007918743	0.3751615700183733
-2.725151087599003	0.41379756750656466
-2.6817487872905614	0.4562134129625326
-2.6339084050064963	0.5027115668598844
-2.5812064739185843	0.5535949784293088
-2.523189409320634	0.6091573887438889
-2.459374996169806	0.6696699248238569
-2.389255424355863	0.7353630692048317
-2.31230238232884	0.8064030305989522
-2.2279748182360724	0.882861590883717
-2.1357300641520967	0.9646787446715638
-2.0350390693017597	1.0516179925446059
-1.9254064656431755	1.1432151330627818
-1.8063960426892034	1.2387229558804653
-1.6776618744670824	1.3370564476983193
-1.5389847531495395	1.4367459159034452
-1.3903126912863935	1.5359084682649902
-1.2318030594965415	1.632250813902865
-1.0638625285058203	1.7231171725381529
-0.8871796249889109	1.8055937092349132
-0.7027437866588377	1.8766740744728647
-0.511844810094338	1.9334790888017293
-0.3160479688984919	1.973509047256106
-0.11714300064311678	1.9948934460008345
0.082930720301675	1.9965954247686002
0.28217608431060326	1.9785313235765136
0.4786369850169777	1.941580519083878
0.6704921881273789	1.8874834461278989
0.8561336742425575	1.8186491426966127
1.0342220166667013	1.7379101784600905
1.2037157099345754	1.6482679794244608
1.3638756125515934	1.5526656169467357
1.5142488333239226	1.4538121268994095
1.6546380379314753	1.3540676789692165
1.7850623691177658	1.2553866759114
1.9057153731137553	1.1593081938792662
2.016924007893619	1.066980114179907
2.1191113959497367	0.9792036803950585
2.212764743972631	0.8964875464813398
2.298408905246005	0.8191033939285054
2.3765854227583323	0.7471380643862953
2.447836518123264	0.6805394741685054
2.512693317592033	0.6191552429643107
2.571667566716126	0.562764042351643
2.625246126062362	0.5111002796987013
2.6738876226558665	0.4638730172908222
2.7180207295205263	0.420780102183822
2.758043643092631	0.381518437367204
2.7943244169939674	0.3457912196531003
2.827201887023251	0.3133128424516166
2.8569869854842906	0.28381203439800207
2.8839642939028516	0.2570336891049514
2.9083937233052812	0.23273974189042776
2.9305122422809373	0.21070936707482202
2.9505355967202456	0.19073870321341801
2.968659982923621	0.17264026138735047
2.985063648997716	0.15624213112039834
2.9999084091477006	0.14138706741363122
3.013341062480442	0.12793151884086662
3.025494712915874	0.11574463897674789
3.0364899902757916	0.10470731029024484
3.046436174973923	0.09471119995583284
3.055432230266958	0.08565785997040228
3.0635677469680034	0.07745787886413341
3.0709238060397848	0.07003008865853422
3.0775737646997103	0.06330082817486728
3.0835839716747584	0.057203262044655555
3.0890144171086416	0.05167675360575496
3.0939193223959096	0.04666628912202741
3.098347674933047	0.04212195032263262
3.1023437124604363	0.03799843203015198
3.105947361339078	0.03425460157023484
3.1091946327744835	0.030853096681679307
3.112117980675414	0.02775995874022431
3.114746624522528	0.024944298246823645
3.1171068403247784	0.022377989693859016
3.1192222224612998	0.020035393097901304
3.1211139189443586	0.017893099666334913
3.122800842394567	0.01592969924128752
3.124299858792616	0.01412556733374148
3.125625955861315	0.012462669720777073
3.126792392736771	0.010924382727977675
3.1278108324069103	0.009495327456205765
3.1286914582280123	0.008161216336829568
3.1294430756742764	0.0069087105119743746
3.1300732003304073	0.005725286636639392
3.1305881330016043	0.004599111787840485
3.130993022687975	0.003518925242660784
3.1312919180501364	0.0024739259525888503
3.131487807878493	0.0014536645961634538
3.131582650969369	0.0004479391360617272
3.131577395705705	-0.0005533071593465733
3.1314719895374994	-0.001560086246067566
3.1312653784564914	-0.0025824653882019406
3.1309554964598587	-0.0036306677930048967
3.13053924489789	-0.0047151748003345945
3.1300124614997915	-0.005846830644625115
3.1293698787689648	-0.007036950832450413
3.1286050713333013	-0.008297435213695525
3.1277103917262257	-0.009640886869560836
3.126676893959389	-0.011080737996389778
3.1254942441269478	-0.01263138403097068
3.124150617153195	-0.01430832734088731
3.12263257865877	-0.01612833189305262
3.1209249507745844	-0.018109590415101153
3.11901066057575	-0.020271905678107497
3.1168705696389627	-0.02263688765527093
3.1144832830446956	-0.025228168449662882
3.11182493594903	-0.02807163703442326
3.108868955637811	-0.031195696009941484
3.1055857967470417	-0.03463154275284253
3.101942647087242	-0.03841347750822038
3.0979031012453975	-0.042579241155222575
3.0934267988561976	-0.04717038555040699
3.088469024135316	-0.052232679514005495
3.0829802629533964	-0.05781655365813705
3.0769057134036886	-0.06397758734453247
3.07018474548449	-0.07077704107657216
3.062750305188374	-0.07828243754060991
3.0545282579763677	-0.08656819426552603
3.0454366663352688	-0.09571631040014875
3.035384995896338	-0.10581710932451248
3.024273244470366	-0.11697003758976102
3.0119909883784057	-0.12928451885719708
